3 0.500000 0.521875 1.000000 0.956250
9 0.810185 0.567448 0.379630 0.865104
1 0.810185 0.167969 0.379630 0.066146
7 0.810185 0.233333 0.379630 0.064583
1 0.826389 0.233073 0.347222 0.036979
7 0.810185 0.302083 0.379630 0.073958
1 0.826389 0.297135 0.347222 0.036979
7 0.810185 0.375521 0.379630 0.073958
1 0.826389 0.370573 0.347222 0.036979
7 0.810185 0.448958 0.379630 0.073958
1 0.826389 0.444010 0.347222 0.036979
7 0.810185 0.522396 0.379630 0.073958
1 0.826389 0.517448 0.347222 0.036979
7 0.810185 0.595833 0.379630 0.073958
1 0.826389 0.590885 0.347222 0.036979
7 0.810185 0.669271 0.379630 0.073958
1 0.826389 0.664323 0.347222 0.036979
7 0.810185 0.742708 0.379630 0.073958
1 0.826389 0.737760 0.347222 0.036979
7 0.810185 0.816146 0.379630 0.073958
1 0.826389 0.811198 0.347222 0.036979
7 0.810185 0.889583 0.379630 0.073958
1 0.826389 0.884635 0.347222 0.036979
7 0.810185 0.963021 0.379630 0.073958
1 0.826389 0.958073 0.347222 0.036979
3 0.500000 0.567448 1.000000 0.865104
3 0.162037 0.166927 0.324074 0.064062
1 0.763426 0.166927 0.189815 0.064062