6 0.500000 0.087500 1.000000 0.087500
4 0.040278 0.087500 0.080556 0.036458
3 0.098611 0.087500 0.060185 0.035417
1 0.265741 0.087240 0.248148 0.050521
9 0.500000 0.565625 1.000000 0.868750
3 0.500000 0.260937 1.000000 0.218750
7 0.500000 0.407813 1.000000 0.056250
4 0.138426 0.402865 0.113889 0.046354
1 0.622222 0.397917 0.755556 0.036458
7 0.500000 0.483594 1.000000 0.083854
3 0.138426 0.483594 0.113889 0.064062
1 0.622222 0.483333 0.755556 0.044792
7 0.500000 0.573177 1.000000 0.083854
3 0.138426 0.573177 0.113889 0.064062
1 0.622222 0.572917 0.755556 0.044792
7 0.500000 0.662760 1.000000 0.083854
3 0.138426 0.662760 0.113889 0.064062
1 0.622222 0.662500 0.755556 0.044792
7 0.500000 0.752344 1.000000 0.083854
4 0.138426 0.752344 0.113889 0.064062
1 0.622222 0.752083 0.755556 0.044792
7 0.500000 0.841927 1.000000 0.083854
4 0.138426 0.841927 0.113889 0.064062
1 0.622222 0.841667 0.755556 0.044792
7 0.500000 0.931510 1.000000 0.083854
3 0.138426 0.931510 0.113889 0.064062
1 0.622222 0.931250 0.755556 0.044792
7 0.500000 0.989583 1.000000 0.020833
4 0.138426 0.994531 0.113889 0.010937
3 0.666667 0.551562 0.648148 0.364583
1 0.500000 0.799479 1.000000 0.039583
1 0.500000 0.869531 1.000000 0.093229