6 0.500000 0.087500 1.000000 0.087500
3 0.025926 0.087500 0.051852 0.029167
3 0.091667 0.087500 0.103704 0.058333
1 0.318981 0.087240 0.325000 0.044271
9 0.486111 0.565625 0.972222 0.868750
1 0.486111 0.350260 0.972222 0.073438
1 0.486111 0.424219 0.972222 0.073438
1 0.486111 0.498177 0.972222 0.073438
1 0.486111 0.572135 0.972222 0.073438
1 0.486111 0.646094 0.972222 0.073438
1 0.486111 0.720052 0.972222 0.073438
4 0.090741 0.182292 0.129630 0.072917
4 0.064815 0.276302 0.129630 0.073438
1 0.339352 0.276302 0.419444 0.073438
1 0.762500 0.276302 0.419444 0.073438
1 0.563889 0.167969 0.764815 0.044271
3 0.213889 0.209375 0.064815 0.029167
1 0.331481 0.207292 0.144444 0.034375
9 0.500000 0.175000 1.000000 0.087500
1 0.222222 0.175000 0.444444 0.087500
1 0.666667 0.175000 0.444444 0.087500
1 0.944444 0.175000 0.111111 0.087500
1 0.500000 0.671615 1.000000 0.044271
1 0.584259 0.777865 0.831481 0.073438