6 0.500000 0.094792 1.000000 0.102083
1 0.353241 0.094531 0.239815 0.048438
4 0.090741 0.094792 0.181481 0.102083
1 0.500000 0.177604 1.000000 0.063542
7 0.500000 0.277604 1.000000 0.132292
1 0.148148 0.260417 0.192593 0.039583
1 0.434259 0.297396 0.764815 0.034375
1 0.500000 0.377604 1.000000 0.063542
7 0.500000 0.477604 1.000000 0.132292
1 0.137963 0.460417 0.172222 0.039583
1 0.268056 0.497396 0.432407 0.034375
1 0.500000 0.577604 1.000000 0.063542
7 0.500000 0.677604 1.000000 0.132292
4 0.117593 0.677604 0.155556 0.087500
1 0.386574 0.660417 0.304630 0.039583
1 0.539815 0.697396 0.611111 0.034375
7 0.500000 0.826823 1.000000 0.161979
4 0.091667 0.826562 0.103704 0.058333
1 0.409722 0.794792 0.350926 0.039583
1 0.617130 0.846615 0.765741 0.064062
7 0.500000 0.954948 1.000000 0.090104
4 0.117593 0.958594 0.155556 0.082812
1 0.352315 0.960938 0.236111 0.039583