9 0.500000 0.543750 1.000000 0.912500
7 0.500000 0.645312 1.000000 0.182292
1 0.551852 0.645312 0.896296 0.182292
7 0.500000 0.826562 1.000000 0.182292
1 0.551852 0.826562 0.896296 0.182292
7 0.500000 0.958333 1.000000 0.083333
1 0.551852 0.958333 0.896296 0.083333
3 0.875000 0.305729 0.250000 0.332292
6 0.500000 0.185938 1.000000 0.196875
3 0.181481 0.187500 0.362963 0.193750
1 0.702778 0.185938 0.472222 0.096875
7 0.525926 0.650000 0.948148 0.700000
8 0.525926 0.650000 0.948148 0.700000
3 0.536111 0.657292 0.927778 0.685417