9 0.388889 0.521875 0.777778 0.956250
7 0.388889 0.081771 0.777778 0.076042
1 0.388889 0.081771 0.712963 0.039583
7 0.388889 0.166667 0.777778 0.086458
4 0.081019 0.166667 0.097222 0.050000
1 0.437500 0.171875 0.550926 0.039583
7 0.388889 0.256771 0.777778 0.086458
3 0.081019 0.256771 0.097222 0.050000
1 0.384722 0.261979 0.445370 0.039583
7 0.388889 0.346875 0.777778 0.086458
4 0.081019 0.346875 0.097222 0.050000
1 0.331019 0.352083 0.337963 0.039583
7 0.388889 0.436979 0.777778 0.086458
4 0.081019 0.436979 0.097222 0.050000
1 0.341667 0.442188 0.359259 0.039583
7 0.388889 0.527083 0.777778 0.086458
4 0.081019 0.527083 0.097222 0.050000
1 0.345370 0.532292 0.366667 0.039583
7 0.388889 0.617188 0.777778 0.086458
4 0.081019 0.617188 0.097222 0.050000
1 0.316204 0.622396 0.308333 0.039583
6 0.500000 0.094792 1.000000 0.102083
1 0.590741 0.094792 0.818519 0.039583
4 0.090741 0.094792 0.181481 0.102083
1 0.500000 0.171354 1.000000 0.051042
1 0.317593 0.535937 0.537037 0.039583
2 0.524537 0.257552 0.950926 0.054688
2 0.524537 0.321615 0.950926 0.054688
1 0.524537 0.394792 0.950926 0.072917
1 0.206944 0.473698 0.315741 0.029687
1 0.981944 0.473698 0.036111 0.029687