6 0.500000 0.094792 1.000000 0.102083
4 0.090741 0.094792 0.181481 0.102083
3 0.236574 0.094531 0.110185 0.061979
8 0.500000 0.622656 1.000000 0.083854
7 0.516204 0.746615 0.967593 0.127604
3 0.235185 0.746615 0.405556 0.127604
1 0.645833 0.733594 0.317593 0.040104
1 0.627778 0.766667 0.281481 0.026042
4 0.817130 0.766406 0.045370 0.025521
7 0.516204 0.892448 0.967593 0.127604
3 0.235185 0.892448 0.405556 0.127604
1 0.743519 0.879427 0.512963 0.073438
1 0.636111 0.929167 0.298148 0.026042
4 0.833796 0.928906 0.045370 0.025521
7 0.516204 0.987240 0.967593 0.025521
3 0.235185 0.987240 0.405556 0.025521
1 0.743519 0.994271 0.512963 0.011458
1 0.533333 0.484115 0.933333 0.041146
3 0.033333 0.363281 0.066667 0.379688
3 0.533333 0.363281 0.933333 0.379688
1 0.131944 0.523438 0.130556 0.030208
4 0.302778 0.524479 0.211111 0.020833
4 0.456944 0.521094 0.045370 0.025521