9 0.500000 0.543750 1.000000 0.912500
7 0.500000 0.415625 1.000000 0.656250
4 0.325000 0.288021 0.453704 0.255208
1 0.405556 0.622396 0.614815 0.078125
1 0.546296 0.691146 0.896296 0.059375
7 0.500000 0.844792 1.000000 0.202083
4 0.220370 0.846875 0.244444 0.087500
1 0.752778 0.846354 0.494444 0.078125
7 0.500000 0.972917 1.000000 0.054167
6 0.500000 0.189583 1.000000 0.204167
4 0.181481 0.189583 0.362963 0.204167
1 0.733333 0.189062 0.533333 0.096875
7 0.507407 0.733333 0.985185 0.533333
3 0.507407 0.879167 0.985185 0.241667
1 0.401852 0.378646 0.648148 0.096875
1 0.983333 0.378646 0.033333 0.096875