6 0.500000 0.094792 1.000000 0.102083
1 0.424537 0.094531 0.175000 0.048438
4 0.090741 0.094792 0.181481 0.102083
3 0.285185 0.094792 0.103704 0.058333
9 0.500000 0.196875 1.000000 0.102083
1 0.222222 0.196875 0.444444 0.102083
1 0.589352 0.196875 0.289815 0.102083
1 0.866204 0.196875 0.263889 0.102083
7 0.500000 0.281510 1.000000 0.067187
1 0.500000 0.272396 1.000000 0.048958
1 0.506481 0.400521 0.987037 0.156250
7 0.500000 0.519531 1.000000 0.067187
1 0.500000 0.510417 1.000000 0.048958
8 0.506481 0.638542 0.987037 0.156250
1 0.506481 0.583854 0.987037 0.046875
4 0.142593 0.661979 0.259259 0.109375
4 0.142130 0.661719 0.113889 0.064062
1 0.636111 0.625781 0.727778 0.036979
1 0.636111 0.680469 0.727778 0.072396
8 0.506481 0.809375 0.987037 0.156250
1 0.506481 0.754687 0.987037 0.046875
4 0.142593 0.832812 0.259259 0.109375
4 0.142130 0.832552 0.113889 0.064062
1 0.636111 0.796615 0.727778 0.036979
1 0.636111 0.851302 0.727778 0.072396
8 0.506481 0.951042 0.987037 0.097917
1 0.506481 0.925521 0.987037 0.046875
3 0.142593 0.974479 0.259259 0.051042
4 0.142130 0.985677 0.113889 0.028646
1 0.636111 0.967448 0.727778 0.036979
1 0.636111 0.992969 0.727778 0.014063