9 0.500000 0.500000 1.000000 1.000000
7 0.500000 0.298958 1.000000 0.597917
3 0.551852 0.182292 0.896296 0.116667
4 0.259259 0.466667 0.311111 0.175000
1 0.662963 0.436458 0.392593 0.097917
1 0.733333 0.515104 0.533333 0.059375
1 0.500000 0.685417 1.000000 0.175000
7 0.500000 0.876042 1.000000 0.204167
1 0.356481 0.860938 0.505556 0.088542
1 0.500000 0.989062 1.000000 0.021875
6 0.500000 0.189583 1.000000 0.204167
3 0.181481 0.189583 0.362963 0.204167
1 0.700926 0.189062 0.468519 0.096875
9 0.500000 0.379167 1.000000 0.175000
1 0.264815 0.379167 0.529630 0.175000
1 0.803704 0.379167 0.392593 0.068750
8 0.525926 0.750000 0.948148 0.500000
3 0.525926 0.750000 0.948148 0.500000