9 0.500000 0.500000 1.000000 1.000000
1 0.011574 0.913281 0.023148 0.025521
6 0.500000 0.087500 1.000000 0.087500
1 0.666667 0.087240 0.185185 0.048438
4 0.980556 0.087500 0.038889 0.087500
4 0.074537 0.087500 0.149074 0.087500
3 0.500000 0.500000 1.000000 1.000000
3 0.500000 0.500000 1.000000 1.000000
7 0.500000 0.065625 1.000000 0.131250
7 0.500000 0.173177 1.000000 0.083854
3 0.093981 0.173177 0.123148 0.069271
1 0.407870 0.172917 0.439815 0.036458
1 0.500000 0.267448 1.000000 0.104688
7 0.500000 0.348958 1.000000 0.058333
1 0.500000 0.689063 1.000000 0.621875