1 0.118056 0.100000 0.236111 0.097917
1 0.618056 0.097135 0.763889 0.106771
4 0.103704 0.361979 0.051852 0.029167
2 0.603704 0.361979 0.792593 0.034375
7 0.500000 0.479167 1.000000 0.103125
1 0.616667 0.461979 0.766667 0.039583
1 0.616667 0.498958 0.766667 0.034375
3 0.116667 0.478646 0.129630 0.072917
7 0.500000 0.582812 1.000000 0.103125
1 0.616667 0.565625 0.766667 0.039583
1 0.616667 0.602604 0.766667 0.034375
3 0.116667 0.582292 0.129630 0.072917
7 0.500000 0.686458 1.000000 0.103125
1 0.616667 0.669271 0.766667 0.039583
1 0.616667 0.706250 0.766667 0.034375
4 0.116667 0.685937 0.129630 0.072917
7 0.500000 0.790104 1.000000 0.103125
1 0.616667 0.772917 0.766667 0.039583
1 0.616667 0.809896 0.766667 0.034375
4 0.116667 0.789583 0.129630 0.072917
7 0.500000 0.893750 1.000000 0.103125
1 0.616667 0.876563 0.766667 0.039583
1 0.616667 0.913542 0.766667 0.034375
3 0.116667 0.893229 0.129630 0.072917
7 0.500000 0.972917 1.000000 0.054167
1 0.616667 0.980208 0.766667 0.039583
3 0.116667 0.980208 0.129630 0.039583