9 0.453704 0.572917 0.907407 0.854167
1 0.453704 0.204167 0.907407 0.087500
1 0.453704 0.291667 0.907407 0.087500
1 0.453704 0.379167 0.907407 0.087500
1 0.453704 0.466667 0.907407 0.087500
1 0.453704 0.554167 0.907407 0.087500
1 0.453704 0.641667 0.907407 0.087500
1 0.453704 0.729167 0.907407 0.087500
1 0.453704 0.816667 0.907407 0.087500
1 0.453704 0.904167 0.907407 0.087500
1 0.453704 0.973958 0.907407 0.052083
6 0.500000 0.094792 1.000000 0.102083
4 0.090741 0.094792 0.181481 0.102083
1 0.381481 0.076042 0.296296 0.034375
1 0.317593 0.111719 0.168519 0.036979
1 0.666204 0.168490 0.554630 0.045312