3 0.666667 0.087500 0.531481 0.051042
3 0.232870 0.087500 0.336111 0.051042
3 0.966204 0.087500 0.067593 0.051042
1 0.532407 0.207552 0.935185 0.152604
3 0.365741 0.332552 0.601852 0.060937
1 0.365741 0.332552 0.351852 0.044271
3 0.833333 0.332552 0.333333 0.060937
1 0.882407 0.332552 0.235185 0.044271
3 0.365741 0.740365 0.601852 0.060937
1 0.365741 0.740365 0.248148 0.044271
3 0.833333 0.740365 0.333333 0.060937
1 0.902778 0.740365 0.194444 0.044271
3 0.227778 0.439583 0.209259 0.115625
1 0.227778 0.512240 0.292593 0.029687
4 0.137500 0.389844 0.060185 0.033854
3 0.520370 0.439583 0.209259 0.115625
1 0.520370 0.512240 0.292593 0.029687
4 0.430093 0.389844 0.060185 0.033854
3 0.812963 0.439583 0.209259 0.115625
1 0.812963 0.512240 0.292593 0.029687
4 0.722685 0.389844 0.060185 0.033854
1 0.979630 0.512240 0.040741 0.029687
4 0.992593 0.389844 0.014815 0.033854
3 0.227778 0.613021 0.209259 0.115625
1 0.227778 0.685677 0.292593 0.029687
4 0.137500 0.563281 0.060185 0.033854
4 0.520370 0.613021 0.209259 0.115625
1 0.520370 0.685677 0.292593 0.029687
4 0.430093 0.563281 0.060185 0.033854
3 0.812963 0.612240 0.207407 0.114062
1 0.812963 0.684115 0.292593 0.029687
4 0.723611 0.563281 0.060185 0.033854
1 0.979630 0.684115 0.040741 0.029687
4 0.993056 0.563281 0.013889 0.033854
3 0.227778 0.847396 0.209259 0.115625
1 0.227778 0.920052 0.292593 0.029687
4 0.137500 0.797656 0.060185 0.033854
3 0.520370 0.847396 0.209259 0.115625
1 0.520370 0.920052 0.292593 0.029687
4 0.430093 0.797656 0.060185 0.033854
3 0.812963 0.847396 0.209259 0.115625
1 0.812963 0.920052 0.292593 0.029687
4 0.722685 0.797656 0.060185 0.033854
1 0.979630 0.920052 0.040741 0.029687
4 0.992593 0.797656 0.014815 0.033854
3 0.227778 0.981510 0.209259 0.036979
4 0.137500 0.971094 0.060185 0.033854
3 0.519907 0.981510 0.186111 0.036979
4 0.441204 0.971094 0.060185 0.033854
3 0.812963 0.981510 0.209259 0.036979
4 0.722685 0.971094 0.060185 0.033854
4 0.992593 0.971094 0.014815 0.033854