6 0.500000 0.051042 1.000000 0.102083
1 0.264352 0.050781 0.165741 0.044271
4 0.090741 0.051042 0.181481 0.102083
1 0.548611 0.176823 0.902778 0.091146
1 0.548611 0.322917 0.902778 0.142708
1 0.544907 0.447656 0.895370 0.048438
1 0.548611 0.555208 0.902778 0.108333
1 0.319444 0.662760 0.444444 0.048438
1 0.548611 0.753125 0.902778 0.073958
1 0.666667 0.992708 0.116667 0.014583
4 0.432870 0.888542 0.089815 0.051042
4 0.587963 0.888542 0.090741 0.051042
4 0.743519 0.888542 0.090741 0.051042
3 0.899074 0.888542 0.090741 0.051042
1 0.507407 0.958854 0.268519 0.034375
1 0.819444 0.958854 0.281481 0.034375