6 0.500000 0.094792 1.000000 0.102083
1 0.565278 0.094531 0.741667 0.048438
4 0.090741 0.094792 0.181481 0.102083
9 0.500000 0.572917 1.000000 0.854167
1 0.500000 0.204687 1.000000 0.087500
1 0.500000 0.292187 1.000000 0.087500
1 0.500000 0.379688 1.000000 0.087500
1 0.500000 0.467187 1.000000 0.087500
1 0.500000 0.554688 1.000000 0.087500
1 0.500000 0.658854 1.000000 0.087500
1 0.500000 0.746354 1.000000 0.087500
1 0.500000 0.833854 1.000000 0.087500
7 0.346296 0.311719 0.588889 0.273438
3 0.346296 0.311719 0.588889 0.273438
1 0.346296 0.375521 0.588889 0.145833
7 0.846296 0.311719 0.307407 0.273438
3 0.846296 0.311719 0.307407 0.273438
1 0.846296 0.375521 0.307407 0.145833
7 0.346296 0.614323 0.588889 0.273438
3 0.346296 0.614323 0.588889 0.273438
1 0.346296 0.678125 0.588889 0.145833
7 0.846296 0.614323 0.307407 0.273438
3 0.846296 0.614323 0.307407 0.273438
1 0.846296 0.678125 0.307407 0.145833
7 0.346296 0.890104 0.588889 0.219792
3 0.346296 0.890104 0.588889 0.219792
1 0.346296 0.953906 0.588889 0.092188
7 0.846296 0.890104 0.307407 0.219792
3 0.846296 0.890104 0.307407 0.219792
1 0.846296 0.953906 0.307407 0.092188