6 0.500000 0.094792 1.000000 0.102083
1 0.338889 0.094531 0.288889 0.048438
4 0.090741 0.094792 0.181481 0.102083
1 0.500000 0.220573 1.000000 0.091146
1 0.500000 0.992448 1.000000 0.015104
7 0.500000 0.294271 1.000000 0.041667
1 0.094907 0.294271 0.189815 0.041667
1 0.284722 0.294271 0.189815 0.041667
1 0.474537 0.294271 0.189815 0.041667
1 0.664352 0.294271 0.189815 0.041667
1 0.854167 0.294271 0.189815 0.041667
1 0.974537 0.294271 0.050926 0.041667
7 0.500000 0.368490 1.000000 0.106771
1 0.094907 0.368490 0.189815 0.106771
1 0.284722 0.368490 0.189815 0.106771
1 0.474537 0.368490 0.189815 0.106771
1 0.664352 0.368490 0.189815 0.106771
1 0.854167 0.368490 0.189815 0.106771
1 0.974537 0.368490 0.050926 0.106771
7 0.500000 0.475260 1.000000 0.106771
1 0.094907 0.475260 0.189815 0.106771
1 0.284722 0.475260 0.189815 0.106771
1 0.474537 0.475260 0.189815 0.106771
1 0.664352 0.475260 0.189815 0.106771
1 0.854167 0.475260 0.189815 0.106771
1 0.974537 0.475260 0.050926 0.106771
7 0.500000 0.582031 1.000000 0.106771
1 0.094907 0.582031 0.189815 0.106771
1 0.284722 0.582031 0.189815 0.106771
1 0.474537 0.582031 0.189815 0.106771
1 0.664352 0.582031 0.189815 0.106771
1 0.854167 0.582031 0.189815 0.106771
1 0.974537 0.582031 0.050926 0.106771
7 0.500000 0.688802 1.000000 0.106771
1 0.094907 0.688802 0.189815 0.106771
1 0.284722 0.688802 0.189815 0.106771
1 0.474537 0.688802 0.189815 0.106771
1 0.664352 0.688802 0.189815 0.106771
1 0.854167 0.688802 0.189815 0.106771
1 0.974537 0.688802 0.050926 0.106771
7 0.500000 0.795573 1.000000 0.106771
1 0.094907 0.795573 0.189815 0.106771
1 0.284722 0.795573 0.189815 0.106771
1 0.474537 0.795573 0.189815 0.106771
1 0.664352 0.795573 0.189815 0.106771
1 0.854167 0.795573 0.189815 0.106771
1 0.974537 0.795573 0.050926 0.106771
7 0.500000 0.902344 1.000000 0.106771
1 0.094907 0.902344 0.189815 0.106771
1 0.284722 0.902344 0.189815 0.106771
1 0.474537 0.902344 0.189815 0.106771
1 0.664352 0.902344 0.189815 0.106771
1 0.854167 0.902344 0.189815 0.106771
1 0.974537 0.902344 0.050926 0.106771