6 0.500000 0.094792 1.000000 0.102083
4 0.130556 0.094792 0.157407 0.088542
3 0.425463 0.094531 0.110185 0.055729
1 0.666667 0.094531 0.338889 0.042188
7 0.500000 0.217969 1.000000 0.140104
3 0.098611 0.217969 0.097222 0.054688
3 0.099074 0.217708 0.120370 0.067708
4 0.206944 0.217969 0.017593 0.140104
1 0.622685 0.176042 0.754630 0.037500
1 0.496759 0.233073 0.502778 0.027604
1 0.490741 0.260677 0.490741 0.027604
1 0.316667 0.207031 0.142593 0.024479
4 0.454630 0.207031 0.042593 0.024479
1 0.594444 0.207031 0.216667 0.024479
7 0.500000 0.360156 1.000000 0.140104
3 0.098611 0.360156 0.097222 0.054688
3 0.099074 0.359896 0.120370 0.067708
3 0.206944 0.360156 0.017593 0.140104
1 0.622685 0.318229 0.754630 0.037500
1 0.496759 0.375260 0.502778 0.027604
1 0.490741 0.402865 0.490741 0.027604
1 0.324074 0.349219 0.157407 0.024479
3 0.469444 0.349219 0.042593 0.024479
1 0.579167 0.349219 0.156481 0.024479
7 0.500000 0.502344 1.000000 0.140104
4 0.098611 0.502344 0.097222 0.054688
3 0.099074 0.502083 0.120370 0.067708
3 0.206944 0.502344 0.017593 0.140104
1 0.418981 0.460417 0.347222 0.037500
1 0.506944 0.517448 0.523148 0.027604
1 0.500926 0.545052 0.511111 0.027604
1 0.295370 0.491406 0.100000 0.024479
4 0.412037 0.491406 0.042593 0.024479
1 0.500000 0.491406 0.112963 0.024479
7 0.500000 0.644531 1.000000 0.140104
4 0.098611 0.644531 0.097222 0.054688
3 0.099074 0.644271 0.120370 0.067708
3 0.206481 0.644531 0.016667 0.140104
1 0.497685 0.602604 0.506481 0.037500
1 0.506019 0.659635 0.523148 0.027604
1 0.500000 0.687240 0.511111 0.027604
1 0.294444 0.633594 0.100000 0.024479
4 0.411111 0.633594 0.042593 0.024479
1 0.516667 0.633594 0.148148 0.024479
7 0.500000 0.786719 1.000000 0.140104
3 0.098611 0.786719 0.097222 0.054688
3 0.099074 0.786458 0.120370 0.067708
3 0.206481 0.786719 0.016667 0.140104
1 0.476389 0.744792 0.463889 0.037500
1 0.508333 0.801823 0.527778 0.027604
1 0.500000 0.829427 0.511111 0.027604
1 0.319907 0.775781 0.150926 0.024479
3 0.462037 0.775781 0.042593 0.024479
1 0.567593 0.775781 0.148148 0.024479
7 0.500000 0.928906 1.000000 0.140104
3 0.098611 0.928906 0.097222 0.054688
3 0.099074 0.928646 0.120370 0.067708
3 0.206481 0.928906 0.016667 0.140104
1 0.622222 0.886979 0.755556 0.037500
1 0.506019 0.944010 0.523148 0.027604
1 0.500000 0.971615 0.511111 0.027604
1 0.360648 0.917969 0.232407 0.024479
4 0.543519 0.917969 0.042593 0.024479
1 0.649074 0.917969 0.148148 0.024479