6 0.500000 0.094792 1.000000 0.102083
4 0.090741 0.094792 0.181481 0.102083
1 0.445370 0.094531 0.524074 0.048438
7 0.500000 0.558854 1.000000 0.826042
1 0.301389 0.816146 0.439815 0.044792
1 0.365741 0.925260 0.601852 0.064062
1 0.833333 0.925260 0.333333 0.064062
1 0.174537 0.214062 0.193519 0.044792
1 0.642130 0.214062 0.715741 0.044792
1 0.687037 0.340885 0.625926 0.083854
1 0.526852 0.413281 0.305556 0.042188
3 0.175926 0.368229 0.259259 0.145833
1 0.502315 0.475260 0.308333 0.045312
1 0.542130 0.654167 0.915741 0.044792
1 0.150926 0.717187 0.133333 0.044792
4 0.417130 0.540885 0.100926 0.056771
1 0.512963 0.540885 0.090741 0.056771
4 0.608796 0.540885 0.100926 0.056771
7 0.500000 0.985938 1.000000 0.028125