6 0.500000 0.094792 1.000000 0.102083
4 0.090741 0.094792 0.181481 0.102083
1 0.681481 0.094531 0.637037 0.048438
1 0.294444 0.250781 0.496296 0.044271
1 0.771296 0.251042 0.457407 0.043750
1 0.294444 0.492969 0.496296 0.044271
1 0.771296 0.493229 0.457407 0.043750
1 0.294444 0.613281 0.496296 0.044271
1 0.771296 0.613542 0.457407 0.043750
1 0.294444 0.855469 0.496296 0.044271
1 0.771296 0.855729 0.457407 0.043750
1 0.294444 0.975781 0.496296 0.044271
1 0.771296 0.976042 0.457407 0.043750
2 0.508333 0.163802 0.983333 0.035937
2 0.508333 0.372917 0.983333 0.102083
2 0.508333 0.735417 0.983333 0.102083