6 0.500000 0.094792 1.000000 0.102083
1 0.291667 0.094531 0.116667 0.044271
4 0.090741 0.094792 0.181481 0.102083
7 0.500000 0.572917 1.000000 0.854167
8 0.500000 0.599740 1.000000 0.029687
8 0.512963 0.798698 0.974074 0.178646
1 0.520833 0.772396 0.886111 0.082292
3 0.994907 0.796875 0.010185 0.131250
8 0.512963 0.951302 0.974074 0.097396
1 0.520833 0.962240 0.886111 0.075521
3 0.994907 0.962240 0.010185 0.075521
1 0.142593 0.658333 0.181481 0.034375
3 0.500000 0.380208 1.000000 0.468750
1 0.525926 0.541927 0.948148 0.053646