1 0.162037 0.089323 0.259259 0.065104
1 0.500000 0.089323 1.000000 0.044271
1 0.503241 0.663542 0.993519 0.082292
1 0.503241 0.951042 0.993519 0.082292
4 0.118519 0.239583 0.094444 0.053125
1 0.412500 0.239583 0.428704 0.039583
4 0.118519 0.376042 0.094444 0.053125
1 0.454167 0.376042 0.512037 0.039583
4 0.118519 0.471875 0.094444 0.053125
1 0.287500 0.471875 0.178704 0.039583
4 0.118519 0.567708 0.094444 0.053125
1 0.337037 0.567708 0.277778 0.039583
3 0.118519 0.759375 0.094444 0.053125
1 0.290278 0.759375 0.184259 0.039583
4 0.118519 0.855208 0.094444 0.053125
1 0.293519 0.855208 0.190741 0.039583