6 0.500000 0.094792 1.000000 0.102083
1 0.146759 0.094531 0.189815 0.048438
9 0.500000 0.189583 1.000000 0.087500
1 0.136111 0.189583 0.194444 0.034375
1 0.416204 0.189583 0.210185 0.034375
1 0.698611 0.189583 0.199074 0.034375
1 0.937963 0.189583 0.124074 0.034375
2 0.500000 0.278906 1.000000 0.091146
7 0.516204 0.377865 0.967593 0.106771
1 0.134259 0.348698 0.203704 0.048438
1 0.524537 0.402083 0.950926 0.039583
7 0.516204 0.485677 0.967593 0.106771
1 0.094907 0.456510 0.125000 0.048438
1 0.524537 0.509896 0.950926 0.039583
7 0.516204 0.593490 0.967593 0.106771
1 0.192130 0.564323 0.319444 0.048438
1 0.524537 0.617708 0.950926 0.039583
7 0.516204 0.701302 0.967593 0.106771
1 0.182870 0.672135 0.300926 0.048438
1 0.524537 0.725521 0.950926 0.039583
7 0.516204 0.809115 0.967593 0.106771
1 0.184259 0.779948 0.303704 0.048438
1 0.524537 0.833333 0.950926 0.039583
7 0.516204 0.916927 0.967593 0.106771
1 0.209722 0.887760 0.354630 0.048438
1 0.524537 0.941146 0.950926 0.039583
7 0.516204 0.985677 0.967593 0.028646
1 0.174537 0.985677 0.284259 0.028646