9 0.500000 0.543750 1.000000 0.912500
1 0.500000 0.365625 1.000000 0.175000
1 0.500000 0.540625 1.000000 0.175000
1 0.500000 0.715625 1.000000 0.175000
1 0.500000 0.890625 1.000000 0.175000
1 0.532407 0.168229 0.935185 0.088542
6 0.500000 0.189583 1.000000 0.204167
1 0.583333 0.189062 0.388889 0.088542
3 0.181481 0.189583 0.362963 0.204167
1 0.549074 0.400521 0.901852 0.217708
1 0.549074 0.603125 0.901852 0.187500
2 0.357407 0.788021 0.518519 0.144792
1 0.649074 0.780729 0.064815 0.088542
2 0.873148 0.788021 0.253704 0.144792
1 0.549074 0.948438 0.901852 0.103125