1 0.574074 0.119010 0.851852 0.077604
7 0.574074 0.214062 0.851852 0.112500
3 0.180556 0.212760 0.064815 0.109896
1 0.606481 0.212760 0.787037 0.109896
7 0.574074 0.326562 0.851852 0.112500
3 0.180556 0.325260 0.064815 0.109896
1 0.606481 0.325260 0.787037 0.109896
7 0.574074 0.439063 0.851852 0.112500
3 0.180556 0.437760 0.064815 0.109896
1 0.606481 0.437760 0.787037 0.109896
7 0.574074 0.551562 0.851852 0.112500
3 0.180556 0.550260 0.064815 0.109896
1 0.606481 0.550260 0.787037 0.109896
7 0.574074 0.664062 0.851852 0.112500
3 0.180556 0.662760 0.064815 0.109896
1 0.606481 0.662760 0.787037 0.109896
7 0.574074 0.776563 0.851852 0.112500
3 0.180556 0.775260 0.064815 0.109896
1 0.606481 0.775260 0.787037 0.109896
7 0.574074 0.889062 0.851852 0.112500
3 0.180556 0.887760 0.064815 0.109896
1 0.606481 0.887760 0.787037 0.109896
7 0.574074 0.972656 0.851852 0.054688
3 0.180556 0.972656 0.064815 0.054688
1 0.606481 0.972656 0.787037 0.054688