5 0.500000 0.521875 1.000000 0.956250
6 0.500000 0.094792 1.000000 0.102083
3 0.090741 0.094792 0.181481 0.102083
1 0.342130 0.094531 0.295370 0.044271
7 0.500000 0.209635 1.000000 0.127604
1 0.154630 0.198698 0.211111 0.044271
1 0.179630 0.241667 0.261111 0.034375
3 0.819907 0.241406 0.045370 0.025521
1 0.927778 0.241667 0.144444 0.034375
7 0.500000 0.428906 1.000000 0.309896
1 0.135185 0.305729 0.172222 0.034375
3 0.666667 0.394792 0.259259 0.145833
1 0.666667 0.505469 0.222222 0.053646
3 0.068519 0.543750 0.038889 0.072917
1 0.203241 0.543750 0.230556 0.039583
3 0.983796 0.543750 0.032407 0.072917
7 0.500000 0.648177 1.000000 0.127604
1 0.113426 0.616146 0.065741 0.034375
1 0.113426 0.680208 0.065741 0.034375
3 0.462963 0.648177 0.129630 0.047396
1 0.663426 0.648177 0.182407 0.044271
7 0.500000 0.776302 1.000000 0.127604
1 0.113426 0.744271 0.065741 0.034375
1 0.113426 0.808333 0.065741 0.034375
3 0.462963 0.776302 0.129630 0.047396
1 0.663426 0.776302 0.182407 0.044271
7 0.500000 0.904427 1.000000 0.127604
1 0.113426 0.872396 0.065741 0.034375
1 0.100926 0.936458 0.090741 0.034375
3 0.462963 0.904427 0.129630 0.047396
1 0.663426 0.904427 0.182407 0.044271
7 0.500000 0.984375 1.000000 0.031250
1 0.100926 0.991667 0.090741 0.016667
9 0.500000 0.521875 1.000000 0.956250
1 0.500000 0.298958 1.000000 0.087500
1 0.500000 0.386458 1.000000 0.087500
1 0.500000 0.473958 1.000000 0.087500
1 0.500000 0.561458 1.000000 0.087500
1 0.500000 0.648958 1.000000 0.087500
1 0.500000 0.736458 1.000000 0.087500
3 0.216204 0.157292 0.432407 0.166667
1 0.872685 0.196615 0.254630 0.088021