6 0.500000 0.131250 1.000000 0.175000
1 0.194444 0.087500 0.388889 0.087500
1 0.167593 0.175000 0.335185 0.087500
1 0.504630 0.175000 0.335185 0.087500
1 0.837037 0.175000 0.325926 0.087500
7 0.500000 0.298958 1.000000 0.160417
3 0.156019 0.297135 0.265741 0.149479
1 0.648148 0.242969 0.703704 0.044271
4 0.328704 0.286979 0.064815 0.036458
3 0.403704 0.286979 0.064815 0.036458
4 0.478704 0.286979 0.064815 0.036458
1 0.788889 0.327865 0.422222 0.036979
7 0.500000 0.459896 1.000000 0.160417
3 0.156019 0.458073 0.265741 0.149479
1 0.648148 0.403906 0.703704 0.044271
4 0.328704 0.447917 0.064815 0.036458
3 0.403704 0.447917 0.064815 0.036458
4 0.478704 0.447917 0.064815 0.036458
3 0.553704 0.447917 0.064815 0.036458
1 0.651389 0.448177 0.110185 0.036979
1 0.788889 0.488802 0.422222 0.036979
7 0.500000 0.620833 1.000000 0.160417
3 0.156019 0.619010 0.265741 0.149479
1 0.648148 0.564844 0.703704 0.044271
4 0.328704 0.608854 0.064815 0.036458
3 0.403704 0.608854 0.064815 0.036458
4 0.478704 0.608854 0.064815 0.036458
3 0.553704 0.608854 0.064815 0.036458
1 0.651389 0.609115 0.110185 0.036979
1 0.788889 0.649740 0.422222 0.036979
7 0.500000 0.781771 1.000000 0.160417
3 0.156019 0.779948 0.265741 0.149479
1 0.648148 0.725781 0.703704 0.044271
4 0.328704 0.769792 0.064815 0.036458
3 0.403704 0.769792 0.064815 0.036458
3 0.478704 0.769792 0.064815 0.036458
3 0.553704 0.769792 0.064815 0.036458
1 0.690741 0.770052 0.188889 0.036979
1 0.788889 0.810677 0.422222 0.036979
7 0.500000 0.931250 1.000000 0.137500
4 0.156019 0.933073 0.265741 0.133854
1 0.648148 0.886719 0.703704 0.044271
4 0.328704 0.930729 0.064815 0.036458
3 0.403704 0.930729 0.064815 0.036458
3 0.478704 0.930729 0.064815 0.036458
3 0.553704 0.930729 0.064815 0.036458
1 0.651389 0.930990 0.110185 0.036979
1 0.788889 0.971615 0.422222 0.036979