6 0.500000 0.051042 1.000000 0.102083
1 0.322222 0.050781 0.177778 0.048438
3 0.090741 0.051042 0.181481 0.102083
3 0.500000 0.500000 1.000000 1.000000
6 0.500000 0.094792 1.000000 0.102083
1 0.458333 0.094531 0.450000 0.048438
4 0.090741 0.094792 0.181481 0.102083
1 0.666667 0.460938 0.053704 0.039583
1 0.580556 0.874479 0.838889 0.087500
1 0.580556 0.980990 0.838889 0.038021
1 0.588889 0.491406 0.822222 0.157812
2 0.580556 0.568229 0.838889 0.087500
2 0.580556 0.655729 0.838889 0.087500
2 0.580556 0.743229 0.838889 0.087500
1 0.580556 0.233333 0.838889 0.087500
1 0.580556 0.342708 0.838889 0.087500