6 0.500000 0.094792 1.000000 0.102083
1 0.420370 0.094531 0.374074 0.048438
4 0.090741 0.094792 0.181481 0.102083
7 0.039352 0.227865 0.078704 0.164062
1 0.037500 0.183854 0.075000 0.034375
1 0.037500 0.231510 0.075000 0.074479
1 0.037500 0.279167 0.075000 0.034375
7 0.202315 0.227865 0.247222 0.164062
1 0.200463 0.183854 0.243519 0.034375
1 0.200463 0.231510 0.243519 0.074479
1 0.200463 0.279167 0.243519 0.034375
7 0.449537 0.227865 0.247222 0.164062
1 0.447685 0.183854 0.243519 0.034375
1 0.447685 0.231510 0.243519 0.074479
1 0.447685 0.279167 0.243519 0.034375
7 0.696759 0.227865 0.247222 0.164062
1 0.694907 0.183854 0.243519 0.034375
1 0.694907 0.231510 0.243519 0.074479
1 0.694907 0.279167 0.243519 0.034375
7 0.910185 0.227865 0.179630 0.164062
1 0.910185 0.183854 0.179630 0.034375
1 0.910185 0.231510 0.179630 0.074479
1 0.910185 0.279167 0.179630 0.034375
8 0.500000 0.532292 1.000000 0.407292
3 0.504630 0.481250 0.990741 0.291667
1 0.524074 0.677865 0.951852 0.056771
1 0.132407 0.378125 0.194444 0.056250
1 0.352778 0.378125 0.194444 0.056250