6 0.500000 0.094792 1.000000 0.102083
1 0.362037 0.094531 0.257407 0.048438
4 0.090741 0.094792 0.181481 0.102083
6 0.512963 0.193229 0.974074 0.080208
2 0.538889 0.193229 0.922222 0.043750
8 0.500000 0.313802 1.000000 0.131771
3 0.116667 0.313542 0.129630 0.072917
1 0.616667 0.292708 0.766667 0.037500
1 0.616667 0.335938 0.766667 0.034375
8 0.500000 0.452865 1.000000 0.146354
3 0.116667 0.452604 0.129630 0.072917
1 0.616667 0.431771 0.766667 0.075000
1 0.616667 0.493750 0.766667 0.034375
8 0.500000 0.597656 1.000000 0.143229
3 0.116667 0.597396 0.129630 0.072917
1 0.616667 0.559375 0.766667 0.037500
1 0.616667 0.619792 0.766667 0.068750
8 0.500000 0.740885 1.000000 0.143229
3 0.116667 0.740625 0.129630 0.072917
1 0.616667 0.702604 0.766667 0.037500
1 0.616667 0.763021 0.766667 0.068750
8 0.500000 0.884115 1.000000 0.143229
4 0.116667 0.883854 0.129630 0.072917
1 0.616667 0.845833 0.766667 0.037500
1 0.616667 0.906250 0.766667 0.068750
8 0.500000 0.977865 1.000000 0.044271
3 0.116667 0.995313 0.129630 0.009375
1 0.616667 0.985156 0.766667 0.029687