6 0.500000 0.087500 1.000000 0.087500
4 0.091667 0.087500 0.129630 0.087500
4 0.091667 0.087500 0.103704 0.058333
4 0.985185 0.087500 0.029630 0.087500
1 0.318519 0.087240 0.324074 0.044271
1 0.332870 0.174740 0.143519 0.029687
1 0.975000 0.174740 0.050000 0.029687
1 0.178241 0.377604 0.323148 0.116667
1 0.503241 0.377604 0.323148 0.116667
1 0.828704 0.377604 0.324074 0.116667
3 0.996296 0.428646 0.007407 0.014583
7 0.516667 0.474479 0.966667 0.058333
4 0.182407 0.474479 0.103704 0.058333
1 0.617130 0.474219 0.765741 0.044271