3 0.359722 0.084896 0.719444 0.082292
4 0.797222 0.087500 0.155556 0.087500
4 0.797222 0.764583 0.155556 0.087500
4 0.797222 0.852083 0.155556 0.087500
4 0.797222 0.939583 0.155556 0.087500
3 0.797222 0.991667 0.155556 0.016667
7 0.359722 0.128125 0.719444 0.004167
1 0.431019 0.128125 0.576852 0.004167
7 0.359722 0.169792 0.719444 0.080208
3 0.071296 0.169792 0.142593 0.043750
1 0.366204 0.169792 0.447222 0.080208
4 0.654630 0.169792 0.129630 0.063542
7 0.359722 0.249479 0.719444 0.080208
3 0.071296 0.249479 0.142593 0.043750
1 0.431019 0.249479 0.576852 0.080208
7 0.359722 0.329167 0.719444 0.080208
3 0.071296 0.329167 0.142593 0.043750
1 0.431019 0.329167 0.576852 0.080208
7 0.359722 0.408854 0.719444 0.080208
3 0.071296 0.408854 0.142593 0.043750
1 0.366204 0.408854 0.447222 0.080208
4 0.654630 0.408854 0.129630 0.063542
7 0.359722 0.488542 0.719444 0.080208
3 0.071296 0.488542 0.142593 0.043750
1 0.366204 0.488542 0.447222 0.080208
4 0.654630 0.488542 0.129630 0.063542
7 0.359722 0.568229 0.719444 0.080208
4 0.071296 0.568229 0.142593 0.043750
1 0.431019 0.568229 0.576852 0.080208
7 0.359722 0.647917 0.719444 0.080208
4 0.071296 0.647917 0.142593 0.043750
1 0.431019 0.647917 0.576852 0.080208
7 0.359722 0.727604 0.719444 0.080208
3 0.071296 0.727604 0.142593 0.043750
1 0.431019 0.727604 0.576852 0.080208
7 0.359722 0.807292 0.719444 0.080208
4 0.071296 0.807292 0.142593 0.043750
1 0.431019 0.807292 0.576852 0.080208
7 0.359722 0.886979 0.719444 0.080208
4 0.071296 0.886979 0.142593 0.043750
1 0.366204 0.886979 0.447222 0.080208
4 0.654630 0.886979 0.129630 0.063542
7 0.359722 0.963281 0.719444 0.073438
3 0.071296 0.966667 0.142593 0.043750
1 0.431019 0.963281 0.576852 0.073438