6 0.500000 0.094792 1.000000 0.102083
3 0.103704 0.094792 0.103704 0.058333
1 0.268981 0.094531 0.200926 0.048438
1 0.519444 0.194531 0.961111 0.053646
1 0.519444 0.612760 0.961111 0.053646
3 0.355093 0.325260 0.554630 0.164062
4 0.139352 0.372656 0.123148 0.069271
1 0.355093 0.428125 0.554630 0.041667
1 0.355093 0.484635 0.554630 0.071354
3 0.855093 0.325260 0.289815 0.164062
4 0.771759 0.372656 0.123148 0.069271
1 0.855093 0.428125 0.289815 0.041667
1 0.855093 0.484635 0.289815 0.071354
3 0.355093 0.743490 0.554630 0.164062
3 0.139352 0.790885 0.123148 0.069271
1 0.355093 0.846354 0.554630 0.041667
1 0.355093 0.902865 0.554630 0.071354
3 0.855093 0.743490 0.289815 0.164062
4 0.771759 0.790885 0.123148 0.069271
1 0.855093 0.846354 0.289815 0.041667
1 0.855093 0.902865 0.289815 0.071354