1 0.116204 0.078125 0.150926 0.034375
1 0.371759 0.078125 0.199074 0.034375
1 0.668056 0.078125 0.237963 0.034375
1 0.933796 0.078125 0.132407 0.034375
7 0.500000 0.203385 1.000000 0.180729
3 0.250926 0.202604 0.398148 0.145833
3 0.666204 0.202604 0.399074 0.145833
3 0.941204 0.202604 0.117593 0.145833
7 0.500000 0.435677 1.000000 0.247396
1 0.485185 0.428125 0.866667 0.079167
3 0.962500 0.468229 0.075000 0.145833
4 0.150463 0.354427 0.084259 0.047396
3 0.093981 0.354427 0.084259 0.047396
1 0.289815 0.342448 0.142593 0.024479
1 0.289352 0.366927 0.141667 0.024479
7 0.500000 0.701302 1.000000 0.247396
1 0.485185 0.712240 0.866667 0.116146
3 0.962500 0.733854 0.075000 0.145833
4 0.150463 0.620052 0.084259 0.047396
3 0.093981 0.620052 0.084259 0.047396
1 0.289815 0.608073 0.142593 0.024479
1 0.322222 0.632552 0.207407 0.024479
7 0.500000 0.921615 1.000000 0.156771
1 0.485185 0.959896 0.866667 0.080208
3 0.962500 0.963281 0.075000 0.073438
4 0.150463 0.885677 0.084259 0.047396
3 0.093981 0.885677 0.084259 0.047396
1 0.289815 0.873698 0.142593 0.024479
1 0.297685 0.898177 0.158333 0.024479