6 0.500000 0.094792 1.000000 0.102083
4 0.090741 0.094792 0.181481 0.102083
1 0.361574 0.094792 0.360185 0.080208
1 0.721759 0.094792 0.360185 0.080208
1 0.666667 0.182031 0.240741 0.030729
4 0.064815 0.182292 0.129630 0.072917
7 0.512963 0.263281 0.974074 0.059896
1 0.512963 0.263281 0.974074 0.059896
7 0.512963 0.407552 0.974074 0.229687
1 0.362500 0.332813 0.608333 0.043750
1 0.833333 0.332813 0.333333 0.043750
1 0.261111 0.485156 0.405556 0.030729
1 0.666667 0.485156 0.405556 0.030729
1 0.088889 0.398177 0.061111 0.060937
3 0.542593 0.398438 0.155556 0.087500
1 0.665278 0.398177 0.025000 0.039062
4 0.787963 0.398438 0.155556 0.087500