9 0.421296 0.521875 0.842593 0.956250
7 0.421296 0.098437 0.842593 0.109375
3 0.420833 0.098437 0.632407 0.109375
7 0.421296 0.189062 0.842593 0.072917
4 0.075000 0.189062 0.103704 0.058333
1 0.208796 0.189062 0.163889 0.072917
7 0.421296 0.261458 0.842593 0.072917
3 0.075000 0.261458 0.103704 0.058333
1 0.238889 0.261458 0.224074 0.072917
7 0.421296 0.333854 0.842593 0.072917
3 0.075000 0.333854 0.103704 0.058333
1 0.209259 0.333854 0.164815 0.072917
7 0.421296 0.406250 0.842593 0.072917
3 0.075000 0.406250 0.103704 0.058333
1 0.265741 0.406250 0.277778 0.072917
7 0.421296 0.478646 0.842593 0.072917
4 0.075000 0.478646 0.103704 0.058333
1 0.202315 0.478646 0.150926 0.072917
7 0.421296 0.551042 0.842593 0.072917
4 0.075000 0.551042 0.103704 0.058333
1 0.246296 0.551042 0.238889 0.072917
7 0.421296 0.623437 0.842593 0.072917
4 0.075000 0.623437 0.103704 0.058333
1 0.255556 0.623437 0.257407 0.072917
7 0.421296 0.695833 0.842593 0.072917
4 0.075000 0.695833 0.103704 0.058333
1 0.223611 0.695833 0.193519 0.072917
7 0.421296 0.768229 0.842593 0.072917
3 0.075000 0.768229 0.103704 0.058333
1 0.230556 0.768229 0.207407 0.072917
7 0.421296 0.840625 0.842593 0.072917
4 0.075000 0.840625 0.103704 0.058333
1 0.222222 0.840625 0.190741 0.072917
7 0.421296 0.913021 0.842593 0.072917
3 0.075000 0.913021 0.103704 0.058333
1 0.250000 0.913021 0.246296 0.072917
7 0.421296 0.974479 0.842593 0.051042
4 0.075000 0.978125 0.103704 0.043750
1 0.288426 0.974479 0.323148 0.051042
3 0.500000 0.252865 1.000000 0.418229
6 0.500000 0.083854 1.000000 0.080208
3 0.090741 0.089323 0.181481 0.069271
3 0.500000 0.252865 1.000000 0.418229
3 0.500000 0.252865 1.000000 0.418229
3 0.500000 0.252865 1.000000 0.418229
3 0.500000 0.252865 1.000000 0.418229
7 0.512963 0.682552 0.974074 0.295312
3 0.556019 0.673438 0.887963 0.277083
3 0.556019 0.673438 0.887963 0.277083
1 0.323611 0.739844 0.345370 0.030729
1 0.343981 0.777083 0.386111 0.043750
7 0.512963 0.914844 0.974074 0.170313
3 0.556019 0.923958 0.887963 0.152083
3 0.556019 0.923958 0.887963 0.152083
3 0.308333 0.498437 0.103704 0.058333
3 0.665741 0.498437 0.103704 0.058333
4 0.986111 0.498437 0.027778 0.058333
1 0.967130 0.401042 0.065741 0.047917