2 0.503241 0.563021 0.993519 0.873958
4 0.071296 0.083854 0.142593 0.080208
1 0.622685 0.083594 0.754630 0.044271
1 0.747685 0.348438 0.504630 0.072917
1 0.747685 0.430729 0.504630 0.072917
1 0.747685 0.924479 0.504630 0.072917
3 0.570370 0.266146 0.116667 0.054167
1 0.822685 0.266146 0.354630 0.054167
3 0.570370 0.513021 0.116667 0.054167
1 0.822685 0.513021 0.354630 0.054167
3 0.570370 0.595313 0.116667 0.054167
1 0.822685 0.595313 0.354630 0.054167
4 0.570370 0.677604 0.116667 0.054167
1 0.822685 0.677604 0.354630 0.054167
4 0.570370 0.759896 0.116667 0.054167
1 0.822685 0.759896 0.354630 0.054167
3 0.570370 0.842187 0.116667 0.054167
1 0.822685 0.842187 0.354630 0.054167