6 0.500000 0.087500 1.000000 0.087500
1 0.162037 0.087240 0.324074 0.064062
1 0.496296 0.087500 0.279630 0.034375
7 0.500000 0.195052 1.000000 0.127604
1 0.452315 0.168490 0.839815 0.048438
1 0.171296 0.214844 0.277778 0.044271
7 0.500000 0.322135 1.000000 0.127604
1 0.516204 0.295573 0.967593 0.048438
1 0.171296 0.341927 0.277778 0.044271
7 0.500000 0.449219 1.000000 0.127604
1 0.321759 0.422656 0.578704 0.048438
1 0.217130 0.469010 0.369444 0.044271
7 0.500000 0.576302 1.000000 0.127604
1 0.412500 0.549740 0.760185 0.048438
1 0.217130 0.596094 0.369444 0.044271
7 0.500000 0.703385 1.000000 0.127604
1 0.399074 0.676823 0.733333 0.048438
1 0.217130 0.723177 0.369444 0.044271
7 0.500000 0.830469 1.000000 0.127604
1 0.381481 0.803906 0.698148 0.048438
1 0.171296 0.850260 0.277778 0.044271
7 0.500000 0.946875 1.000000 0.106250
1 0.380093 0.930990 0.695370 0.048438
1 0.171296 0.977344 0.277778 0.044271