9 0.421296 0.521875 0.842593 0.956250
7 0.421296 0.098437 0.842593 0.109375
3 0.420833 0.098437 0.632407 0.109375
7 0.421296 0.189062 0.842593 0.072917
4 0.075000 0.189062 0.103704 0.058333
1 0.208796 0.188802 0.163889 0.034896
7 0.421296 0.261458 0.842593 0.072917
3 0.075000 0.261458 0.103704 0.058333
1 0.360648 0.261198 0.467593 0.034896
7 0.421296 0.333854 0.842593 0.072917
4 0.075000 0.333854 0.103704 0.058333
1 0.238889 0.333594 0.224074 0.034896
7 0.421296 0.406250 0.842593 0.072917
3 0.075000 0.406250 0.103704 0.058333
1 0.399074 0.405990 0.544444 0.034896
7 0.421296 0.478646 0.842593 0.072917
4 0.075000 0.478646 0.103704 0.058333
1 0.350000 0.478385 0.446296 0.034896
7 0.421296 0.551042 0.842593 0.072917
4 0.075000 0.551042 0.103704 0.058333
1 0.390741 0.550781 0.527778 0.034896
7 0.421296 0.623437 0.842593 0.072917
4 0.075000 0.623437 0.103704 0.058333
1 0.222222 0.623177 0.190741 0.034896
7 0.421296 0.695833 0.842593 0.072917
4 0.075000 0.695833 0.103704 0.058333
1 0.423611 0.695573 0.593519 0.034896
7 0.421296 0.768229 0.842593 0.072917
3 0.075000 0.768229 0.103704 0.058333
1 0.209259 0.767969 0.164815 0.034896
7 0.421296 0.840625 0.842593 0.072917
4 0.075000 0.840625 0.103704 0.058333
1 0.293056 0.840365 0.332407 0.034896
7 0.421296 0.913021 0.842593 0.072917
4 0.075000 0.913021 0.103704 0.058333
1 0.265741 0.912760 0.277778 0.034896
7 0.421296 0.974479 0.842593 0.051042
3 0.075000 0.978125 0.103704 0.043750
1 0.258333 0.983854 0.262963 0.032292
6 0.500000 0.094792 1.000000 0.102083
1 0.385185 0.094531 0.303704 0.048438
3 0.090741 0.094792 0.181481 0.102083
1 0.162037 0.170573 0.324074 0.049479
1 0.124074 0.395052 0.248148 0.049479
1 0.511111 0.459115 0.957407 0.034896
1 0.994907 0.459375 0.010185 0.058333
1 0.184259 0.611198 0.368519 0.049479
1 0.507407 0.238802 0.950000 0.030729
1 0.991204 0.238802 0.017593 0.054688
1 0.507407 0.326302 0.950000 0.030729
1 0.991204 0.326302 0.017593 0.054688
1 0.501852 0.526823 0.938889 0.030729
1 0.985648 0.528125 0.028704 0.058333
1 0.501852 0.663802 0.938889 0.030729
1 0.985648 0.665104 0.028704 0.058333
1 0.501852 0.751302 0.938889 0.030729
1 0.985648 0.752604 0.028704 0.058333
1 0.501852 0.838802 0.938889 0.030729
1 0.985648 0.840104 0.028704 0.058333
1 0.501852 0.926302 0.938889 0.030729
1 0.985648 0.927604 0.028704 0.058333
1 0.985648 0.992969 0.028704 0.014063