6 0.500000 0.094792 1.000000 0.102083
1 0.356019 0.094531 0.245370 0.048438
4 0.090741 0.094792 0.181481 0.102083
9 0.500000 0.167708 1.000000 0.043750
1 0.754167 0.167708 0.312037 0.043750
1 0.153241 0.167448 0.189815 0.029687
1 0.452315 0.167448 0.175000 0.029687
1 0.984259 0.167448 0.031481 0.029687
7 0.500000 0.335417 1.000000 0.072917
1 0.181019 0.335417 0.362037 0.072917
7 0.500000 0.410417 1.000000 0.072917
1 0.280093 0.410417 0.560185 0.072917
7 0.500000 0.485417 1.000000 0.072917
1 0.157870 0.485417 0.315741 0.072917
7 0.500000 0.560417 1.000000 0.072917
1 0.186111 0.560417 0.372222 0.072917
7 0.500000 0.635417 1.000000 0.072917
1 0.161111 0.635417 0.322222 0.072917
7 0.500000 0.710417 1.000000 0.072917
1 0.139815 0.710417 0.279630 0.072917
7 0.500000 0.785417 1.000000 0.072917
1 0.153704 0.785417 0.307407 0.072917
7 0.500000 0.860417 1.000000 0.072917
1 0.175926 0.860417 0.351852 0.072917
7 0.500000 0.935417 1.000000 0.072917
1 0.140278 0.935417 0.280556 0.072917
7 0.500000 0.986979 1.000000 0.026042
1 0.092130 0.986979 0.184259 0.026042
2 0.508333 0.269792 0.983333 0.065625