1 0.573611 0.078125 0.852778 0.056250
9 0.500000 0.556250 1.000000 0.887500
1 0.516204 0.219792 0.967593 0.039583
1 0.516204 0.444792 0.967593 0.039583
1 0.516204 0.513802 0.967593 0.086979
1 0.516204 0.602865 0.967593 0.086979
1 0.516204 0.691927 0.967593 0.086979
1 0.516204 0.758854 0.967593 0.039583
1 0.516204 0.827865 0.967593 0.086979
1 0.516204 0.916927 0.967593 0.086979
1 0.516204 0.981250 0.967593 0.037500
1 0.427315 0.128646 0.367593 0.032292
1 0.837963 0.128646 0.324074 0.032292
1 0.313426 0.288802 0.562037 0.086979
1 0.781481 0.288802 0.437037 0.086979
1 0.297685 0.377865 0.530556 0.086979
1 0.781481 0.377865 0.437037 0.086979
3 0.113426 0.135156 0.162037 0.045312
3 0.065278 0.078125 0.130556 0.068750
1 0.516204 0.179948 0.967593 0.050521
1 0.516204 0.228646 0.967593 0.039583
1 0.516204 0.330990 0.967593 0.050521
1 0.516204 0.379688 0.967593 0.039583
1 0.516204 0.482031 0.967593 0.050521
1 0.516204 0.530729 0.967593 0.039583
1 0.516204 0.633073 0.967593 0.050521
1 0.516204 0.681771 0.967593 0.039583
1 0.516204 0.784115 0.967593 0.050521
1 0.516204 0.850000 0.967593 0.073958
1 0.516204 0.969531 0.967593 0.050521