9 0.500000 0.500000 1.000000 1.000000
7 0.500000 0.156771 1.000000 0.313542
3 0.500000 0.156771 1.000000 0.313542
4 0.155556 0.131250 0.207407 0.116667
1 0.306944 0.267188 0.510185 0.034375
7 0.500000 0.320833 1.000000 0.014583
1 0.500000 0.371875 1.000000 0.087500
1 0.500000 0.459375 1.000000 0.087500
1 0.500000 0.546875 1.000000 0.087500
1 0.500000 0.634375 1.000000 0.087500
1 0.500000 0.721875 1.000000 0.087500
1 0.500000 0.809375 1.000000 0.087500
1 0.500000 0.896875 1.000000 0.087500
7 0.500000 0.955208 1.000000 0.029167
1 0.500000 0.984896 1.000000 0.030208
6 0.500000 0.096615 1.000000 0.105729
1 0.508796 0.096354 0.654630 0.087500
4 0.090741 0.094792 0.181481 0.102083
3 0.500000 0.250000 1.000000 0.500000
7 0.512963 0.684375 0.974074 0.631250
1 0.519444 0.419792 0.961111 0.087500
1 0.551852 0.524219 0.896296 0.048438
8 0.519444 0.639583 0.961111 0.131250
3 0.155556 0.639583 0.155556 0.087500
1 0.116667 0.617708 0.077778 0.043750
1 0.331944 0.624479 0.119444 0.039583
3 0.430556 0.626563 0.051852 0.029167
1 0.406944 0.659115 0.269444 0.029687
1 0.558333 0.659115 0.033333 0.029687
1 0.612963 0.659115 0.075926 0.029687
8 0.519444 0.770833 0.961111 0.131250
4 0.155556 0.770833 0.155556 0.087500
1 0.116667 0.748958 0.077778 0.043750
1 0.381944 0.755729 0.219444 0.039583
3 0.530556 0.757812 0.051852 0.029167
1 0.406944 0.790365 0.269444 0.029687
1 0.558333 0.790365 0.033333 0.029687
1 0.612963 0.790365 0.075926 0.029687
8 0.519444 0.902083 0.961111 0.131250
3 0.155556 0.902083 0.155556 0.087500
1 0.116667 0.880208 0.077778 0.043750
1 0.390741 0.886979 0.237037 0.039583
3 0.548148 0.889062 0.051852 0.029167
1 0.406944 0.921615 0.269444 0.029687
1 0.558333 0.921615 0.033333 0.029687
1 0.612963 0.921615 0.075926 0.029687
8 0.519444 0.983854 0.961111 0.032292
3 0.155556 0.994792 0.155556 0.010417
1 0.116667 0.994792 0.077778 0.010417