3 0.947222 0.083594 0.048148 0.023438
7 0.453704 0.098437 0.907407 0.109375
4 0.793519 0.098437 0.129630 0.072917
1 0.364352 0.098437 0.663889 0.109375
7 0.453704 0.200000 0.907407 0.094792
1 0.453704 0.200000 0.907407 0.094792
7 0.453704 0.301563 0.907407 0.109375
1 0.386574 0.299479 0.773148 0.034375
3 0.840278 0.299740 0.134259 0.032813
7 0.453704 0.410417 0.907407 0.109375
1 0.453704 0.408333 0.907407 0.034375
7 0.453704 0.519271 0.907407 0.109375
1 0.453704 0.517188 0.907407 0.034375
7 0.453704 0.628125 0.907407 0.109375
1 0.387963 0.626042 0.775926 0.034375
3 0.841667 0.626302 0.131481 0.035937
7 0.453704 0.729688 0.907407 0.094792
1 0.453704 0.729688 0.907407 0.094792
7 0.453704 0.831250 0.907407 0.109375
1 0.387963 0.829167 0.775926 0.034375
4 0.841667 0.829427 0.131481 0.028646
7 0.453704 0.940104 0.907407 0.109375
1 0.453704 0.938021 0.907407 0.034375
7 0.453704 0.997135 0.907407 0.005729
1 0.969907 0.380208 0.060185 0.087500
1 0.969907 0.225521 0.060185 0.030208
1 0.969907 0.179167 0.060185 0.062500
1 0.969907 0.255729 0.060185 0.030208
1 0.970370 0.458073 0.059259 0.030729
1 0.970370 0.488542 0.059259 0.030208
1 0.970370 0.558594 0.059259 0.030729
1 0.970370 0.589063 0.059259 0.030208
1 0.970370 0.659115 0.059259 0.030729
1 0.970370 0.689583 0.059259 0.030208
1 0.970370 0.759635 0.059259 0.030729
1 0.970370 0.890365 0.059259 0.030729
1 0.970370 0.920833 0.059259 0.030208
1 0.970370 0.987760 0.059259 0.024479
1 0.970370 0.790104 0.059259 0.030208
1 0.970370 0.820312 0.059259 0.030208