3 0.666204 0.083854 0.317593 0.080208
4 0.064352 0.083594 0.128704 0.073438
1 0.403241 0.270313 0.806481 0.042708
1 0.193519 0.334635 0.387037 0.030729
1 0.392593 0.334635 0.011111 0.030729
4 0.456019 0.337240 0.115741 0.065104
1 0.144907 0.478906 0.289815 0.030729
1 0.295370 0.478906 0.011111 0.030729
4 0.358796 0.481510 0.115741 0.065104
1 0.244444 0.630469 0.424074 0.030729
1 0.462037 0.630469 0.011111 0.030729
4 0.525463 0.633073 0.115741 0.065104
3 0.194444 0.747917 0.324074 0.182292
1 0.194444 0.821875 0.324074 0.034375
1 0.516204 0.933854 0.967593 0.080208
1 0.516204 0.996094 0.967593 0.007812
2 0.516204 0.402083 0.967593 0.075000
2 0.516204 0.548177 0.967593 0.078646
3 0.864815 0.176563 0.066667 0.064583
1 0.516667 0.155208 0.164815 0.021875
1 0.616667 0.187500 0.364815 0.042708