4 0.145833 0.082031 0.162037 0.091146
1 0.434722 0.082031 0.286111 0.060937
1 0.532407 0.188281 0.935185 0.048438
1 0.532407 0.510156 0.935185 0.048438
1 0.532407 0.276302 0.935185 0.091146
1 0.532407 0.385677 0.935185 0.091146
1 0.532407 0.817187 0.935185 0.034375
1 0.532407 0.960938 0.935185 0.034375
1 0.532407 0.998177 0.935185 0.003646
1 0.532407 0.754427 0.935185 0.091146
1 0.532407 0.898177 0.935185 0.091146
4 0.178241 0.621615 0.226852 0.127604
4 0.178241 0.621615 0.080556 0.045312
3 0.423611 0.621615 0.226852 0.127604
3 0.668981 0.621615 0.226852 0.127604
3 0.900463 0.621615 0.199074 0.127604