4 0.145833 0.082031 0.162037 0.091146
1 0.392593 0.082031 0.201852 0.060937
4 0.956019 0.082031 0.087963 0.091146
1 0.265278 0.186198 0.400926 0.044271
1 0.732870 0.186198 0.534259 0.044271
7 0.500000 0.427083 1.000000 0.401042
3 0.532407 0.408854 0.935185 0.364583
1 0.461574 0.516667 0.728704 0.083333
1 0.912963 0.531510 0.174074 0.044271
1 0.912963 0.489583 0.174074 0.034375
1 0.384259 0.573177 0.022222 0.029687
1 0.484259 0.573177 0.144444 0.029687
7 0.500000 0.813542 1.000000 0.372917
3 0.532407 0.809375 0.935185 0.364583
1 0.360648 0.917448 0.526852 0.044271
1 0.912963 0.932031 0.174074 0.044271
1 0.912963 0.890104 0.174074 0.034375
1 0.384259 0.954427 0.022222 0.029687
1 0.484259 0.954427 0.144444 0.029687