1 0.666204 0.230469 0.502778 0.044271
1 0.666204 0.528906 0.100926 0.029687
1 0.666667 0.318490 0.287037 0.029687
0 0.666204 0.587500 0.519444 0.058333
0 0.666204 0.656771 0.519444 0.058333
0 0.666204 0.726042 0.519444 0.058333
0 0.666204 0.795312 0.519444 0.058333
1 0.666204 0.933333 0.175000 0.078125
1 0.666667 0.981510 0.153704 0.029687
3 0.282870 0.406250 0.191667 0.065625
3 0.474537 0.406250 0.191667 0.065625
3 0.666204 0.406250 0.191667 0.065625
3 0.857870 0.406250 0.191667 0.065625
3 0.976852 0.406250 0.046296 0.065625