1 0.362037 0.973958 0.594444 0.052083
6 0.500000 0.189583 1.000000 0.204167
4 0.181481 0.189583 0.362963 0.204167
6 0.500000 0.189583 1.000000 0.204167
4 0.181481 0.189583 0.362963 0.204167
6 0.500000 0.189583 1.000000 0.204167
4 0.181481 0.189583 0.362963 0.204167
4 0.194444 0.800000 0.259259 0.145833
1 0.605556 0.764062 0.433333 0.073958
1 0.694444 0.838021 0.611111 0.073958
3 0.194444 0.401042 0.259259 0.145833
1 0.694444 0.365104 0.611111 0.073958
1 0.514815 0.439063 0.251852 0.073958
3 0.194444 0.401042 0.259259 0.145833
1 0.604630 0.365104 0.431481 0.073958
1 0.495370 0.439063 0.212963 0.073958
3 0.500000 0.756250 1.000000 0.487500
3 0.500000 0.756250 1.000000 0.487500