7 0.809259 0.175000 0.381481 0.087500
1 0.835185 0.174740 0.329630 0.044271
7 0.809259 0.263542 0.381481 0.087500
1 0.835185 0.263281 0.329630 0.044271
7 0.809259 0.352083 0.381481 0.087500
1 0.835185 0.351823 0.329630 0.044271
7 0.809259 0.440625 0.381481 0.087500
1 0.835185 0.440365 0.329630 0.044271
7 0.809259 0.529167 0.381481 0.087500
1 0.835185 0.528906 0.329630 0.044271
7 0.809259 0.617708 0.381481 0.087500
1 0.835185 0.617448 0.329630 0.044271
7 0.809259 0.706250 0.381481 0.087500
1 0.835185 0.705990 0.329630 0.044271
7 0.809259 0.794792 0.381481 0.087500
1 0.835185 0.794531 0.329630 0.044271