9 0.388889 0.521875 0.777778 0.956250
1 0.388889 0.216927 0.777778 0.346354
1 0.388889 0.433854 0.777778 0.087500
1 0.388889 0.521354 0.777778 0.087500
7 0.388889 0.608854 0.777778 0.087500
1 0.301389 0.608854 0.239815 0.034375
4 0.077778 0.608854 0.077778 0.043750
4 0.113426 0.592448 0.058333 0.032813
7 0.388889 0.696354 0.777778 0.087500
1 0.263889 0.696354 0.216667 0.034375
4 0.077778 0.696354 0.077778 0.043750
4 0.113426 0.074740 0.058333 0.032813
6 0.500000 0.094792 1.000000 0.102083
1 0.322685 0.094531 0.178704 0.048438
4 0.090741 0.094792 0.181481 0.102083
4 0.933333 0.094792 0.133333 0.087500
1 0.500000 0.187500 1.000000 0.083333
7 0.500000 0.265104 1.000000 0.071875
3 0.077778 0.266667 0.051852 0.029167
1 0.533333 0.264583 0.820370 0.039583
4 0.984722 0.267448 0.030556 0.025521
7 0.500000 0.336979 1.000000 0.071875
3 0.077778 0.338542 0.051852 0.029167
1 0.533333 0.336458 0.820370 0.039583
4 0.984722 0.339323 0.030556 0.025521
7 0.500000 0.408854 1.000000 0.071875
3 0.077778 0.410417 0.051852 0.029167
1 0.533333 0.408333 0.820370 0.039583
4 0.984722 0.411198 0.030556 0.025521
7 0.500000 0.497917 1.000000 0.106250
3 0.077778 0.482292 0.051852 0.029167
1 0.533333 0.497396 0.820370 0.073958
4 0.984722 0.483073 0.030556 0.025521
7 0.500000 0.604167 1.000000 0.106250
3 0.077778 0.588542 0.051852 0.029167
1 0.533333 0.603646 0.820370 0.073958
4 0.984722 0.589323 0.030556 0.025521
7 0.500000 0.693229 1.000000 0.071875
4 0.077778 0.694792 0.051852 0.029167
1 0.533333 0.692708 0.820370 0.039583
4 0.984722 0.695573 0.030556 0.025521
1 0.500000 0.770833 1.000000 0.083333
7 0.500000 0.906250 1.000000 0.187500
1 0.500000 0.879948 1.000000 0.134896
1 0.666667 0.984635 0.285185 0.030729