4 0.043056 0.102865 0.021296 0.022396
4 0.073148 0.103125 0.146296 0.082292
1 0.666204 0.102865 0.389815 0.048438
1 0.639815 0.209115 0.120370 0.048438
1 0.734722 0.209115 0.036111 0.048438
7 0.500000 0.353125 1.000000 0.139583
4 0.122222 0.324479 0.146296 0.082292
1 0.622222 0.324219 0.755556 0.048438
7 0.500000 0.493750 1.000000 0.139583
3 0.122222 0.465104 0.146296 0.082292
1 0.622222 0.464844 0.755556 0.048438
7 0.500000 0.634375 1.000000 0.139583
4 0.122222 0.605729 0.146296 0.082292
1 0.622222 0.605469 0.755556 0.048438
7 0.500000 0.775000 1.000000 0.139583
4 0.122222 0.746354 0.146296 0.082292
1 0.622222 0.746094 0.755556 0.048438