3 0.500000 0.021875 1.000000 0.043750
9 0.500000 0.078385 1.000000 0.069271
1 0.166667 0.078385 0.333333 0.069271
1 0.500000 0.078385 0.333333 0.069271
1 0.833333 0.078385 0.333333 0.069271
2 0.500000 0.147656 1.000000 0.069271
3 0.500000 0.470313 1.000000 0.007292
3 0.500000 0.595313 1.000000 0.007292
8 0.666667 0.457552 0.064815 0.018229
3 0.097222 0.536458 0.129630 0.072917
1 0.597222 0.536458 0.805556 0.073958
1 0.666204 0.664844 0.356481 0.044271
3 0.500000 0.324479 1.000000 0.284375
1 0.339815 0.858073 0.653704 0.283854
1 0.833333 0.858073 0.333333 0.283854