6 0.500000 0.094792 1.000000 0.102083
4 0.090741 0.094792 0.181481 0.102083
1 0.387500 0.075260 0.386111 0.048438
1 0.343981 0.119271 0.299074 0.039583
8 0.500000 0.190104 1.000000 0.102083
1 0.305556 0.189844 0.611111 0.047396
1 0.794907 0.189844 0.363889 0.047396
1 0.988889 0.189844 0.022222 0.047396
8 0.500000 0.490625 1.000000 0.488542
3 0.511111 0.409896 0.977778 0.313542
1 0.520833 0.601823 0.932407 0.044271
1 0.199537 0.649740 0.289815 0.036979
1 0.212963 0.693750 0.316667 0.032292
1 0.093981 0.288802 0.123148 0.071354
1 0.106481 0.398698 0.194444 0.053646
1 0.141667 0.475260 0.264815 0.073438
1 0.119444 0.536719 0.155556 0.027604
8 0.500000 0.867448 1.000000 0.265104
3 0.511111 0.870833 0.977778 0.258333
1 0.093981 0.777344 0.123148 0.071354
1 0.141667 0.963542 0.264815 0.072917