5 0.479630 0.521875 0.959259 0.956250
6 0.479630 0.094792 0.959259 0.102083
4 0.090741 0.094792 0.181481 0.102083
1 0.391667 0.094531 0.316667 0.048438
7 0.479630 0.191667 0.959259 0.087500
4 0.100463 0.191406 0.097222 0.054688
1 0.280093 0.191667 0.093519 0.034375
7 0.479630 0.280208 0.959259 0.087500
4 0.100463 0.279948 0.097222 0.054688
1 0.313426 0.280208 0.160185 0.034375
7 0.479630 0.368750 0.959259 0.087500
3 0.100463 0.368490 0.097222 0.054688
1 0.345833 0.368750 0.225000 0.034375
7 0.479630 0.457292 0.959259 0.087500
3 0.100463 0.457031 0.097222 0.054688
1 0.317593 0.457292 0.168519 0.034375
7 0.479630 0.545833 0.959259 0.087500
3 0.100463 0.545573 0.097222 0.054688
1 0.288426 0.545833 0.110185 0.034375
7 0.479630 0.634375 0.959259 0.087500
4 0.100463 0.634115 0.097222 0.054688
1 0.306019 0.634375 0.145370 0.034375
7 0.479630 0.722917 0.959259 0.087500
4 0.100463 0.722656 0.097222 0.054688
1 0.318981 0.722917 0.171296 0.034375
7 0.479630 0.811458 0.959259 0.087500
3 0.100463 0.811198 0.097222 0.054688
1 0.282870 0.811458 0.099074 0.034375
7 0.479630 0.900000 0.959259 0.087500
3 0.100463 0.899740 0.097222 0.054688
1 0.334722 0.900000 0.202778 0.034375
7 0.479630 0.972396 0.959259 0.055208
3 0.100463 0.980469 0.097222 0.039062
1 0.376389 0.985677 0.286111 0.028646
6 0.500000 0.094792 1.000000 0.102083
4 0.090741 0.094792 0.181481 0.102083
3 0.236574 0.094531 0.110185 0.061979
1 0.470370 0.094531 0.357407 0.044271
1 0.246296 0.202604 0.401852 0.039583
1 0.236111 0.614062 0.381481 0.039583
1 0.500000 0.977604 1.000000 0.044792
1 0.331481 0.290885 0.662963 0.100521
1 0.833333 0.290885 0.333333 0.100521
1 0.331481 0.393490 0.662963 0.100521
1 0.833333 0.393490 0.333333 0.100521
1 0.331481 0.496094 0.662963 0.100521
1 0.833333 0.496094 0.333333 0.100521
7 0.199537 0.788802 0.399074 0.273438
3 0.199537 0.761198 0.334259 0.151562
1 0.199074 0.864323 0.125926 0.054688
7 0.598611 0.788802 0.399074 0.273438
3 0.598611 0.761198 0.334259 0.151562
1 0.598611 0.864323 0.195370 0.054688
7 0.899074 0.788802 0.201852 0.273438
3 0.915278 0.761198 0.169444 0.151562
1 0.947685 0.864323 0.104630 0.054688