6 0.190278 0.025000 0.380556 0.025000
3 0.026852 0.025000 0.029630 0.016667
1 0.103704 0.024740 0.116667 0.013021
1 0.190278 0.071875 0.380556 0.016667
1 0.190278 0.089063 0.380556 0.016667
1 0.190278 0.106250 0.380556 0.016667
1 0.190278 0.123438 0.380556 0.016667
1 0.190278 0.140625 0.380556 0.016667
1 0.190278 0.157812 0.380556 0.016667
1 0.190278 0.175000 0.380556 0.016667
1 0.190278 0.192188 0.380556 0.016667
1 0.190278 0.209375 0.380556 0.016667
1 0.190278 0.226562 0.380556 0.016667
1 0.190278 0.243750 0.380556 0.016667
1 0.190278 0.260937 0.380556 0.016667
1 0.190278 0.278125 0.380556 0.016667
1 0.190278 0.295312 0.380556 0.016667
1 0.190278 0.312500 0.380556 0.016667
1 0.190278 0.329688 0.380556 0.016667
1 0.190278 0.346875 0.380556 0.016667