9 0.500000 0.500000 1.000000 1.000000
1 0.500000 0.772917 1.000000 0.175000
1 0.500000 0.930208 1.000000 0.139583
3 0.500000 0.328125 1.000000 0.656250
4 0.311111 0.270833 0.414815 0.233333
1 0.350926 0.480208 0.494444 0.068750
1 0.551852 0.556250 0.896296 0.083333
6 0.500000 0.189583 1.000000 0.204167
4 0.181481 0.189583 0.362963 0.204167
1 0.694444 0.189062 0.611111 0.096875
7 0.500000 0.627083 1.000000 0.320833
1 0.655556 0.559896 0.688889 0.128125
1 0.142593 0.530208 0.155556 0.068750
1 0.142593 0.608333 0.181481 0.087500
1 0.395370 0.661458 0.168519 0.060417
1 0.587963 0.661458 0.175926 0.060417
1 0.784259 0.661458 0.175926 0.060417
7 0.500000 0.894271 1.000000 0.211458
1 0.655556 0.852083 0.688889 0.068750
1 0.142593 0.852083 0.155556 0.068750
1 0.142593 0.930208 0.181481 0.087500
1 0.395370 0.923958 0.168519 0.060417
1 0.568519 0.923958 0.137037 0.060417
3 0.157407 0.379167 0.207407 0.087500
1 0.630556 0.377083 0.738889 0.131250