6 0.500000 0.189583 1.000000 0.204167
4 0.181481 0.189583 0.362963 0.204167
1 0.644444 0.189062 0.511111 0.096875
1 0.500000 0.355208 1.000000 0.127083
7 0.503704 0.511979 0.992593 0.186458
1 0.166667 0.482292 0.214815 0.068750
1 0.380556 0.546354 0.642593 0.059375
7 0.503704 0.698438 0.992593 0.186458
1 0.111111 0.668750 0.103704 0.068750
1 0.469444 0.732812 0.820370 0.059375
7 0.503704 0.884896 0.992593 0.186458
1 0.121296 0.855208 0.124074 0.068750
1 0.496296 0.919271 0.874074 0.059375
7 0.503704 0.989062 0.992593 0.021875