6 0.500000 0.094792 1.000000 0.102083
4 0.090741 0.094792 0.181481 0.102083
1 0.449074 0.094531 0.507407 0.048438
7 0.500000 0.226042 1.000000 0.116667
1 0.129630 0.225781 0.155556 0.048438
1 0.716667 0.208854 0.566667 0.039583
4 0.320370 0.226042 0.129630 0.072917
1 0.968519 0.245833 0.062963 0.034375
1 0.685185 0.245833 0.503704 0.034375
7 0.500000 0.342708 1.000000 0.116667
1 0.129630 0.342448 0.155556 0.048438
1 0.716667 0.325521 0.566667 0.039583
3 0.320370 0.342708 0.129630 0.072917
1 0.968519 0.362500 0.062963 0.034375
1 0.685185 0.362500 0.503704 0.034375
7 0.500000 0.459375 1.000000 0.116667
1 0.129630 0.459115 0.155556 0.048438
1 0.716667 0.442188 0.566667 0.039583
3 0.320370 0.459375 0.129630 0.072917
1 0.968519 0.479167 0.062963 0.034375
1 0.685185 0.479167 0.503704 0.034375
7 0.500000 0.576042 1.000000 0.116667
1 0.129630 0.575781 0.155556 0.048438
1 0.716667 0.558854 0.566667 0.039583
3 0.320370 0.576042 0.129630 0.072917
1 0.968519 0.595833 0.062963 0.034375
1 0.685185 0.595833 0.503704 0.034375