4 0.332407 0.094792 0.129630 0.072917
4 0.968056 0.094792 0.063889 0.072917
1 0.537037 0.694531 0.925926 0.034896
1 0.538426 0.929948 0.923148 0.034896
1 0.223148 0.982812 0.292593 0.034375
2 0.531944 0.166146 0.936111 0.040625
1 0.537037 0.240365 0.925926 0.034896
1 0.537037 0.375260 0.925926 0.034896
1 0.226389 0.510156 0.304630 0.034896
1 0.531944 0.571354 0.936111 0.087500
1 0.447222 0.291146 0.766667 0.087500
1 0.915278 0.291146 0.169444 0.087500
1 0.447222 0.426042 0.766667 0.087500
1 0.915278 0.426042 0.169444 0.087500
1 0.684259 0.777344 0.631481 0.046354
4 0.235648 0.777604 0.162037 0.087500