6 0.500000 0.094792 1.000000 0.102083
4 0.090741 0.094792 0.181481 0.102083
1 0.304167 0.094792 0.219444 0.043750
7 0.525926 0.217969 0.948148 0.144271
1 0.233333 0.177344 0.259259 0.034896
1 0.551852 0.227865 0.896296 0.066146
7 0.525926 0.371875 0.948148 0.159375
1 0.269907 0.338802 0.332407 0.034896
1 0.551852 0.389323 0.896296 0.066146
1 0.525926 0.483594 0.948148 0.059896
7 0.525926 0.595313 0.948148 0.159375
1 0.233333 0.562240 0.259259 0.034896
1 0.551852 0.612760 0.896296 0.066146
7 0.525926 0.739062 0.948148 0.123958
1 0.232407 0.723698 0.257407 0.034896
1 0.347222 0.756510 0.487037 0.030729
7 0.525926 0.865104 0.948148 0.123958
1 0.193981 0.849740 0.180556 0.034896
1 0.471759 0.882552 0.736111 0.030729
1 0.525926 0.959115 0.948148 0.059896
7 0.525926 0.995573 0.948148 0.008854