6 0.500000 0.094792 1.000000 0.102083
1 0.317130 0.094531 0.245370 0.048438
4 0.090741 0.094792 0.181481 0.102083
8 0.516204 0.572917 0.967593 0.854167
7 0.542130 0.160417 0.915741 0.029167
1 0.542130 0.160417 0.915741 0.029167
7 0.542130 0.218750 0.915741 0.087500
1 0.542130 0.218750 0.915741 0.087500
7 0.542130 0.306250 0.915741 0.087500
1 0.542130 0.306250 0.915741 0.087500
7 0.542130 0.393750 0.915741 0.087500
1 0.542130 0.393750 0.915741 0.087500
7 0.542130 0.481250 0.915741 0.087500
1 0.542130 0.481250 0.915741 0.087500
7 0.542130 0.568750 0.915741 0.087500
1 0.542130 0.568750 0.915741 0.087500
7 0.542130 0.656250 0.915741 0.087500
1 0.542130 0.656250 0.915741 0.087500
7 0.542130 0.743750 0.915741 0.087500
1 0.542130 0.743750 0.915741 0.087500
7 0.542130 0.831250 0.915741 0.087500
1 0.542130 0.831250 0.915741 0.087500
7 0.542130 0.918750 0.915741 0.087500
1 0.542130 0.918750 0.915741 0.087500
7 0.542130 0.981250 0.915741 0.037500
1 0.542130 0.981250 0.915741 0.037500