6 0.500000 0.087500 1.000000 0.087500
3 0.985185 0.087500 0.029630 0.087500
4 0.025926 0.087500 0.051852 0.029167
3 0.091667 0.087500 0.103704 0.058333
1 0.361574 0.087240 0.410185 0.044271
7 0.500000 0.246615 1.000000 0.230729
4 0.133333 0.197917 0.116667 0.065625
3 0.133333 0.197917 0.116667 0.065625
1 0.610648 0.198177 0.778704 0.029687
1 0.518056 0.257292 0.963889 0.034375
1 0.537500 0.318750 0.925000 0.081250
3 0.133333 0.197917 0.116667 0.065625
7 0.500000 0.477344 1.000000 0.230729
4 0.133333 0.428646 0.116667 0.065625
3 0.133333 0.428646 0.116667 0.065625
1 0.610648 0.428906 0.778704 0.029687
1 0.518056 0.488021 0.963889 0.034375
1 0.537500 0.549479 0.925000 0.081250
4 0.133333 0.428646 0.116667 0.065625
7 0.500000 0.708073 1.000000 0.230729
4 0.133333 0.659375 0.116667 0.065625
3 0.133333 0.659375 0.116667 0.065625
1 0.997685 0.658594 0.004630 0.027604
4 0.969444 0.659375 0.038889 0.021875
1 0.585648 0.659635 0.728704 0.029687
1 0.518056 0.718750 0.963889 0.034375
1 0.537500 0.780208 0.925000 0.081250
3 0.133333 0.659375 0.116667 0.065625
7 0.500000 0.911719 1.000000 0.176563
3 0.133333 0.890104 0.116667 0.065625
4 0.133333 0.890104 0.116667 0.065625
1 0.997685 0.889323 0.004630 0.027604
4 0.969444 0.890104 0.038889 0.021875
1 0.585648 0.890365 0.728704 0.029687
1 0.518056 0.964323 0.963889 0.064062
3 0.133333 0.890104 0.116667 0.065625