3 0.500000 0.021875 1.000000 0.043750
3 0.065278 0.084635 0.097222 0.054688
1 0.262037 0.084896 0.296296 0.063542
3 0.103241 0.219271 0.076852 0.112500
4 0.103241 0.331771 0.076852 0.111458
3 0.097222 0.443750 0.064815 0.036458
1 0.306481 0.219010 0.264815 0.044271
1 0.959259 0.219010 0.081481 0.060937
1 0.339815 0.331510 0.331481 0.044271
1 0.959259 0.331510 0.081481 0.060937
1 0.251852 0.444010 0.179630 0.044271
1 0.987037 0.444010 0.025926 0.050521
3 0.099074 0.698438 0.068519 0.038542
1 0.357407 0.698958 0.448148 0.039583
3 0.099074 0.864062 0.068519 0.038542
1 0.319444 0.864583 0.372222 0.039583
3 0.099074 0.538542 0.068519 0.038542
1 0.351389 0.538542 0.436111 0.038542
1 0.252778 0.783854 0.194444 0.043750
1 0.448148 0.783854 0.194444 0.043750
1 0.643519 0.783854 0.194444 0.043750
1 0.838889 0.783854 0.194444 0.043750
1 0.968519 0.783854 0.062963 0.043750
1 0.252778 0.949479 0.194444 0.043750
1 0.448148 0.949479 0.194444 0.043750
1 0.643519 0.949479 0.194444 0.043750
1 0.838889 0.949479 0.194444 0.043750
1 0.968519 0.949479 0.062963 0.043750
1 0.252778 0.618229 0.194444 0.043750
1 0.448148 0.618229 0.194444 0.043750
1 0.643519 0.618229 0.194444 0.043750
1 0.838889 0.618229 0.194444 0.043750
1 0.968519 0.618229 0.062963 0.043750