6 0.500000 0.175000 1.000000 0.175000
1 0.683333 0.174479 0.433333 0.096875
4 0.181481 0.175000 0.362963 0.175000
7 0.500000 0.539583 1.000000 0.554167
3 0.500000 0.539583 1.000000 0.554167
1 0.532407 0.696354 0.935185 0.051042
1 0.532407 0.759896 0.935185 0.076042
1 0.306481 0.629687 0.483333 0.067708
7 0.500000 0.908333 1.000000 0.183333
3 0.500000 0.908333 1.000000 0.183333
1 0.532407 0.557292 0.935185 0.068750
1 0.532407 0.836458 0.935185 0.068750
1 0.350000 0.635417 0.570370 0.087500
1 0.833333 0.635417 0.333333 0.087500
1 0.350000 0.740625 0.570370 0.087500
1 0.833333 0.740625 0.333333 0.087500
1 0.350000 0.914583 0.570370 0.087500
1 0.833333 0.914583 0.333333 0.087500
1 0.407407 0.988021 0.685185 0.023958
1 0.890741 0.988021 0.218519 0.023958
1 0.366667 0.346354 0.603704 0.094792
1 0.837963 0.346354 0.324074 0.094792
1 0.532407 0.456250 0.935185 0.087500