6 0.500000 0.094792 1.000000 0.102083
1 0.409722 0.094792 0.456481 0.068750
4 0.090741 0.094792 0.181481 0.102083
8 0.500000 0.148177 1.000000 0.004687
8 0.500000 0.221094 1.000000 0.141146
3 0.122685 0.221094 0.226852 0.113021
1 0.618056 0.201563 0.763889 0.073958
1 0.960185 0.262760 0.079630 0.029687
8 0.500000 0.362240 1.000000 0.141146
4 0.122685 0.362240 0.226852 0.113021
1 0.618056 0.325521 0.763889 0.039583
1 0.960185 0.403906 0.079630 0.029687
8 0.500000 0.503385 1.000000 0.141146
3 0.122685 0.503385 0.226852 0.113021
1 0.618056 0.466667 0.763889 0.039583
1 0.960185 0.545052 0.079630 0.029687
8 0.500000 0.644531 1.000000 0.141146
3 0.122685 0.644531 0.226852 0.113021
1 0.618056 0.607812 0.763889 0.039583
1 0.618056 0.673438 0.763889 0.055208
8 0.500000 0.785677 1.000000 0.141146
3 0.122685 0.785677 0.226852 0.113021
1 0.618056 0.766146 0.763889 0.073958
1 0.960185 0.827344 0.079630 0.029687
8 0.500000 0.926823 1.000000 0.141146
3 0.122685 0.926823 0.226852 0.113021
1 0.618056 0.890104 0.763889 0.039583
1 0.960185 0.968490 0.079630 0.029687
8 0.500000 0.998698 1.000000 0.002604