6 0.500000 0.087500 1.000000 0.087500
4 0.077778 0.087500 0.155556 0.087500
1 0.295370 0.086458 0.188889 0.039583
1 0.300000 0.196875 0.509259 0.034375
1 0.248148 0.277083 0.405556 0.034375
1 0.159722 0.357292 0.228704 0.034375
1 0.165741 0.437500 0.240741 0.034375
1 0.220833 0.517708 0.350926 0.034375
1 0.314352 0.621875 0.537963 0.034375
1 0.179167 0.702083 0.267593 0.034375
1 0.222685 0.782292 0.354630 0.034375
1 0.129167 0.862500 0.167593 0.034375
1 0.133796 0.942708 0.176852 0.034375
1 0.944444 0.437500 0.111111 0.039583