3 0.800000 0.211458 0.311111 0.175000
3 0.103704 0.036458 0.129630 0.072917
1 0.641204 0.036458 0.717593 0.072917
1 0.564815 0.554688 0.359259 0.087500
1 0.596296 0.642188 0.422222 0.087500
3 0.424074 0.467187 0.077778 0.043750
1 0.629630 0.467187 0.229630 0.087500
3 0.424074 0.729688 0.077778 0.043750
1 0.665741 0.729688 0.301852 0.087500
1 0.143056 0.389062 0.175000 0.019792
1 0.582870 0.389062 0.175000 0.019792
1 0.967593 0.389062 0.064815 0.019792
1 0.143056 0.620313 0.175000 0.019792
1 0.582870 0.620313 0.175000 0.019792
1 0.967593 0.620313 0.064815 0.019792
1 0.129630 0.851562 0.148148 0.019792
1 0.554630 0.851562 0.118519 0.019792
1 0.967593 0.851562 0.064815 0.019792
3 0.500000 0.373698 1.000000 0.747396
1 0.525926 0.872135 0.948148 0.053646
1 0.525926 0.964063 0.948148 0.071875