6 0.500000 0.094792 1.000000 0.102083
1 0.334259 0.094531 0.201852 0.048438
4 0.090741 0.094792 0.181481 0.102083
9 0.453704 0.572917 0.907407 0.854167
1 0.453704 0.204167 0.907407 0.087500
1 0.453704 0.308333 0.907407 0.087500
1 0.453704 0.395833 0.907407 0.087500
1 0.453704 0.483333 0.907407 0.087500
1 0.453704 0.587500 0.907407 0.087500
1 0.453704 0.675000 0.907407 0.087500
1 0.453704 0.762500 0.907407 0.087500
1 0.453704 0.850000 0.907407 0.087500
1 0.453704 0.954167 0.907407 0.087500
1 0.110185 0.172396 0.187037 0.034375
1 0.614815 0.172396 0.770370 0.034375
7 0.508333 0.226042 0.983333 0.072917
3 0.081481 0.226042 0.129630 0.072917
1 0.581481 0.226042 0.837037 0.072917