6 0.500000 0.094792 1.000000 0.102083
1 0.453241 0.094531 0.569444 0.048438
4 0.077778 0.094792 0.155556 0.102083
7 0.500000 0.206771 1.000000 0.121875
4 0.105556 0.162240 0.146296 0.032813
1 0.339815 0.160417 0.257407 0.029167
1 0.512500 0.232292 0.960185 0.070833
7 0.500000 0.362500 1.000000 0.189583
4 0.105556 0.327083 0.146296 0.082292
1 0.316204 0.308073 0.210185 0.044271
1 0.339815 0.347396 0.257407 0.034375
1 0.082870 0.421875 0.100926 0.070833
7 0.500000 0.552083 1.000000 0.189583
4 0.105556 0.516667 0.146296 0.082292
1 0.316204 0.497656 0.210185 0.044271
1 0.339815 0.536979 0.257407 0.034375
1 0.082870 0.611458 0.100926 0.070833
7 0.500000 0.741667 1.000000 0.189583
4 0.105556 0.706250 0.146296 0.082292
1 0.332407 0.687240 0.242593 0.044271
1 0.339815 0.726562 0.257407 0.034375
1 0.437963 0.801042 0.811111 0.070833
7 0.500000 0.918229 1.000000 0.163542
4 0.105556 0.895833 0.146296 0.082292
1 0.346296 0.876823 0.270370 0.044271
1 0.339815 0.916146 0.257407 0.034375
1 0.248148 0.977604 0.431481 0.044792