6 0.500000 0.094792 1.000000 0.102083
4 0.090741 0.094792 0.181481 0.102083
7 0.500000 0.329688 1.000000 0.364583
3 0.500000 0.329688 1.000000 0.364583
1 0.532407 0.268490 0.935185 0.055729
1 0.666204 0.371354 0.456481 0.094792
7 0.500000 0.571354 1.000000 0.118750
1 0.532407 0.570312 0.935185 0.045833
7 0.500000 0.690104 1.000000 0.118750
1 0.532407 0.689063 0.935185 0.045833
7 0.500000 0.808854 1.000000 0.118750
1 0.532407 0.807813 0.935185 0.045833
7 0.500000 0.927604 1.000000 0.118750
1 0.532407 0.926562 0.935185 0.045833
7 0.500000 0.993490 1.000000 0.013021
4 0.666667 0.257031 0.103704 0.076563
1 0.532407 0.356510 0.935185 0.122396
1 0.532407 0.481771 0.935185 0.128125
1 0.532407 0.673438 0.935185 0.094792
1 0.615741 0.787500 0.398148 0.034375
3 0.898148 0.787500 0.037037 0.034375
1 0.615741 0.871354 0.490741 0.034375
4 0.944444 0.871354 0.037037 0.034375