7 0.500000 0.058333 1.000000 0.116667
1 0.161574 0.058073 0.271296 0.044271
7 0.500000 0.182812 1.000000 0.130208
1 0.300926 0.150781 0.550000 0.044271
1 0.512963 0.204948 0.974074 0.064062
7 0.500000 0.307292 1.000000 0.116667
1 0.152778 0.289844 0.253704 0.044271
1 0.406481 0.329167 0.761111 0.034375
7 0.500000 0.425000 1.000000 0.116667
1 0.359722 0.407552 0.667593 0.044271
1 0.286111 0.446875 0.520370 0.034375
7 0.500000 0.542708 1.000000 0.116667
1 0.182870 0.525260 0.313889 0.044271
1 0.274074 0.564583 0.496296 0.034375
7 0.500000 0.660417 1.000000 0.116667
1 0.338426 0.642969 0.625000 0.044271
1 0.512963 0.682292 0.974074 0.034375
7 0.500000 0.778125 1.000000 0.116667
1 0.226852 0.760677 0.401852 0.044271
1 0.179167 0.800000 0.306481 0.034375
7 0.500000 0.895833 1.000000 0.116667
1 0.290741 0.878385 0.529630 0.044271
1 0.312500 0.917708 0.573148 0.034375
7 0.500000 0.977604 1.000000 0.044792
1 0.227778 0.986979 0.403704 0.026042