1 0.154630 0.090104 0.244444 0.072917
7 0.500000 0.258073 1.000000 0.242188
1 0.500000 0.256250 1.000000 0.036458
3 0.500000 0.377344 1.000000 0.003646
1 0.500000 0.187240 1.000000 0.048438
1 0.463426 0.314323 0.810185 0.048438
1 0.302778 0.355729 0.488889 0.034375
7 0.500000 0.430990 1.000000 0.104688
3 0.500000 0.481510 1.000000 0.003646
1 0.463426 0.418490 0.810185 0.048438
1 0.302778 0.459896 0.488889 0.034375
7 0.500000 0.535156 1.000000 0.104688
3 0.500000 0.585677 1.000000 0.003646
1 0.463426 0.522656 0.810185 0.048438
1 0.302778 0.564063 0.488889 0.034375
7 0.500000 0.639323 1.000000 0.104688
3 0.500000 0.689844 1.000000 0.003646
1 0.463426 0.626823 0.810185 0.048438
1 0.302778 0.668229 0.488889 0.034375
7 0.500000 0.743490 1.000000 0.104688
3 0.500000 0.794010 1.000000 0.003646
1 0.463426 0.730990 0.810185 0.048438
1 0.302778 0.772396 0.488889 0.034375
7 0.500000 0.847656 1.000000 0.104688
3 0.500000 0.898177 1.000000 0.003646
1 0.463426 0.835156 0.810185 0.048438
1 0.302778 0.876563 0.488889 0.034375
7 0.500000 0.949740 1.000000 0.100521
1 0.463426 0.939323 0.810185 0.048438
1 0.302778 0.980729 0.488889 0.034375