6 0.500000 0.094792 1.000000 0.102083
1 0.353241 0.094531 0.239815 0.048438
4 0.090741 0.094792 0.181481 0.102083
7 0.500000 0.240885 1.000000 0.190104
1 0.525926 0.275521 0.948148 0.116667
1 0.512963 0.184635 0.974074 0.048438
7 0.500000 0.430469 1.000000 0.189062
1 0.525926 0.465625 0.948148 0.116667
1 0.512963 0.374740 0.974074 0.048438
7 0.500000 0.583854 1.000000 0.117708
1 0.525926 0.583333 0.948148 0.116667
7 0.500000 0.701562 1.000000 0.117708
1 0.525926 0.701042 0.948148 0.116667
7 0.500000 0.829688 1.000000 0.138542
1 0.538889 0.797135 0.922222 0.044271
1 0.538889 0.851302 0.922222 0.064062
7 0.500000 0.949479 1.000000 0.101042
1 0.525926 0.949479 0.948148 0.101042