3 0.421296 0.521875 0.842593 0.956250
7 0.421296 0.096615 0.842593 0.091146
3 0.421296 0.096615 0.175926 0.054688
7 0.421296 0.187240 0.842593 0.091146
1 0.421296 0.187240 0.066667 0.041146
7 0.421296 0.277865 0.842593 0.091146
1 0.421296 0.277865 0.040741 0.041146
7 0.421296 0.361719 0.842593 0.077604
1 0.170370 0.359635 0.242593 0.036979
7 0.421296 0.431510 0.842593 0.063021
1 0.087500 0.431510 0.076852 0.041146
1 0.400463 0.431250 0.549074 0.034375
7 0.421296 0.491667 0.842593 0.058333
3 0.081481 0.491667 0.064815 0.036458
1 0.207870 0.491667 0.187963 0.034375
7 0.421296 0.559115 0.842593 0.077604
1 0.140278 0.557031 0.182407 0.036979
7 0.421296 0.628906 0.842593 0.063021
1 0.084722 0.628906 0.071296 0.041146
1 0.363426 0.628646 0.486111 0.034375
7 0.421296 0.691406 0.842593 0.063021
1 0.084722 0.691406 0.071296 0.041146
1 0.243519 0.691146 0.246296 0.034375
7 0.421296 0.753906 0.842593 0.063021
1 0.084722 0.753906 0.071296 0.041146
1 0.407870 0.753646 0.575000 0.034375
7 0.421296 0.816406 0.842593 0.063021
1 0.084722 0.816406 0.071296 0.041146
1 0.287500 0.816146 0.334259 0.034375
7 0.421296 0.878906 0.842593 0.063021
1 0.084722 0.878906 0.071296 0.041146
1 0.191204 0.878646 0.141667 0.034375
7 0.421296 0.941406 0.842593 0.063021
1 0.084722 0.941406 0.071296 0.041146
1 0.277778 0.941146 0.314815 0.034375
7 0.421296 0.986198 0.842593 0.027604
1 0.084722 0.991667 0.071296 0.016667
1 0.318981 0.993229 0.397222 0.013542
3 0.132407 0.084635 0.264815 0.029687
3 0.760648 0.084635 0.478704 0.061979
7 0.500000 0.326302 1.000000 0.400521
3 0.500000 0.236979 1.000000 0.221875
1 0.066667 0.386198 0.133333 0.026562
1 0.566667 0.386458 0.866667 0.033333
1 0.500000 0.448958 1.000000 0.054167
3 0.500000 0.486979 1.000000 0.021875
3 0.500000 0.512760 1.000000 0.027604
7 0.500000 0.763281 1.000000 0.473438
3 0.500000 0.751302 1.000000 0.449479