6 0.500000 0.051042 1.000000 0.102083
1 0.548148 0.050781 0.409259 0.048438
4 0.090741 0.051042 0.181481 0.102083
3 0.288426 0.051042 0.110185 0.102083
1 0.529167 0.217708 0.941667 0.158333
1 0.126389 0.337240 0.136111 0.044271
1 0.518981 0.379167 0.856481 0.039583
1 0.259722 0.430469 0.402778 0.044271
1 0.345370 0.472396 0.509259 0.039583
1 0.476852 0.523698 0.837037 0.044271
1 0.438889 0.565625 0.696296 0.039583
1 0.382870 0.616927 0.649074 0.044271
1 0.308796 0.670573 0.500926 0.044271
1 0.545370 0.770312 0.909259 0.082292
1 0.630556 0.888021 0.738889 0.116667