6 0.500000 0.094792 1.000000 0.102083
1 0.343981 0.094531 0.299074 0.048438
4 0.090741 0.094792 0.181481 0.102083
9 0.381019 0.572917 0.762037 0.854167
7 0.381019 0.199219 0.762037 0.106771
3 0.085648 0.199219 0.137963 0.077604
1 0.458333 0.199219 0.574074 0.039062
7 0.381019 0.307031 0.762037 0.106771
4 0.085648 0.307031 0.137963 0.077604
1 0.458333 0.307031 0.574074 0.039062
7 0.381019 0.414844 0.762037 0.106771
4 0.085648 0.414844 0.137963 0.077604
1 0.585648 0.500000 0.828704 1.000000
7 0.381019 0.522656 0.762037 0.106771
3 0.085648 0.522656 0.137963 0.077604
1 0.458333 0.522656 0.574074 0.039062
7 0.381019 0.630469 0.762037 0.106771
4 0.085648 0.630469 0.137963 0.077604
1 0.458333 0.630469 0.574074 0.039062
2 0.437500 0.471875 0.745370 0.082292
4 0.905093 0.463802 0.189815 0.098437
2 0.437500 0.349479 0.745370 0.082292
4 0.905093 0.341406 0.189815 0.098437
2 0.437500 0.227083 0.745370 0.082292
4 0.905093 0.219010 0.189815 0.098437
1 0.775463 0.644271 0.449074 0.065625
1 0.532407 0.748177 0.935185 0.076563
1 0.240278 0.564063 0.350926 0.058333
1 0.275463 0.644271 0.421296 0.065625
1 0.336111 0.829167 0.542593 0.034375