3 0.500000 0.521875 1.000000 0.956250
1 0.500000 0.526823 1.000000 0.098437
1 0.500000 0.663542 1.000000 0.175000
1 0.666204 0.089323 0.287963 0.043229
3 0.071759 0.089323 0.084259 0.047396
3 0.117130 0.121875 0.130556 0.086458
3 0.108796 0.121875 0.113889 0.045833
3 0.617130 0.104948 0.765741 0.064062
1 0.577778 0.154167 0.844444 0.034375
4 0.198148 0.181771 0.064815 0.036458
1 0.623611 0.179948 0.752778 0.088021
1 0.582870 0.269010 0.834259 0.088021
4 0.116667 0.359896 0.064815 0.036458
1 0.582870 0.358073 0.834259 0.088021