9 0.500000 0.500000 1.000000 1.000000
6 0.500000 0.109375 1.000000 0.102083
3 0.667130 0.109115 0.162037 0.027604
3 0.500000 0.521875 1.000000 0.956250
3 0.500000 0.103125 1.000000 0.118750
3 0.500000 0.521875 1.000000 0.956250
1 0.666667 0.177344 0.657407 0.048438
1 0.666667 0.834635 0.442593 0.044271
7 0.180556 0.946615 0.283333 0.106771
3 0.180556 0.946615 0.283333 0.106771
7 0.502778 0.946615 0.283333 0.106771
3 0.502778 0.946615 0.283333 0.106771
7 0.825000 0.946615 0.283333 0.106771
3 0.825000 0.946615 0.283333 0.106771