6 0.500000 0.094792 1.000000 0.102083
4 0.090741 0.094792 0.181481 0.102083
1 0.590741 0.099219 0.818519 0.060937
9 0.500000 0.196875 1.000000 0.102083
1 0.189815 0.196875 0.379630 0.102083
1 0.542593 0.196875 0.325926 0.102083
1 0.852778 0.196875 0.294444 0.102083
7 0.500000 0.352344 1.000000 0.208854
3 0.286111 0.351302 0.507407 0.170313
1 0.769907 0.310156 0.460185 0.088021
1 0.769907 0.386719 0.460185 0.035937
7 0.500000 0.560677 1.000000 0.208854
3 0.286111 0.559635 0.507407 0.170313
1 0.769907 0.518490 0.460185 0.088021
1 0.769907 0.595052 0.460185 0.035937
7 0.500000 0.753125 1.000000 0.177083
3 0.286111 0.709115 0.507407 0.052604
1 0.769907 0.726823 0.460185 0.088021
1 0.769907 0.803385 0.460185 0.035937
7 0.500000 0.920573 1.000000 0.158854
3 0.286111 0.929688 0.507407 0.140625
1 0.769907 0.925521 0.460185 0.132292