6 0.500000 0.087500 1.000000 0.087500
4 0.879630 0.087500 0.181481 0.087500
4 0.985185 0.087500 0.029630 0.087500
4 0.091667 0.087500 0.103704 0.058333
1 0.305556 0.087240 0.298148 0.044271
4 0.068056 0.260677 0.136111 0.076563
4 0.165741 0.342708 0.227778 0.087500
3 0.499074 0.342708 0.227778 0.087500
3 0.832870 0.342708 0.228704 0.087500
7 0.500000 0.444792 1.000000 0.116667
1 0.509722 0.444792 0.980556 0.094792
7 0.500000 0.563542 1.000000 0.116667
1 0.509722 0.563542 0.980556 0.094792
7 0.500000 0.682292 1.000000 0.116667
1 0.509722 0.682292 0.980556 0.094792
7 0.500000 0.801042 1.000000 0.116667
1 0.509722 0.801042 0.980556 0.094792
7 0.500000 0.919792 1.000000 0.116667
1 0.509722 0.919792 0.980556 0.094792
7 0.500000 0.990104 1.000000 0.019792
1 0.509722 0.995573 0.980556 0.008854