6 0.500000 0.087500 1.000000 0.087500
1 0.175463 0.087500 0.350926 0.087500
3 0.151389 0.213802 0.302778 0.165104
3 0.071296 0.688542 0.142593 0.211458
3 0.979630 0.205469 0.040741 0.148438
3 0.979630 0.997135 0.040741 0.005729
3 0.522685 0.237760 0.954630 0.144271
1 0.631481 0.349740 0.737037 0.079687
1 0.666204 0.735938 0.567593 0.087500
1 0.666204 0.993750 0.584259 0.012500
2 0.614352 0.428125 0.771296 0.077083
1 0.423611 0.501042 0.389815 0.054167
2 0.614352 0.566667 0.771296 0.077083
1 0.417593 0.639583 0.377778 0.054167