6 0.500000 0.189583 1.000000 0.204167
1 0.434259 0.189062 0.661111 0.096875
7 0.500000 0.733333 1.000000 0.533333
7 0.500000 0.576042 1.000000 0.218750
3 0.194444 0.576042 0.181481 0.102083
1 0.707407 0.576042 0.585185 0.079167
7 0.500000 0.794792 1.000000 0.218750
4 0.194444 0.794792 0.181481 0.102083
1 0.707407 0.760417 0.585185 0.079167
1 0.707407 0.834375 0.585185 0.068750
7 0.500000 0.952083 1.000000 0.095833
4 0.194444 0.981250 0.181481 0.037500
1 0.707407 0.986979 0.585185 0.026042
3 0.266667 0.379167 0.155556 0.087500
3 0.800000 0.379167 0.155556 0.087500