6 0.500000 0.094792 1.000000 0.102083
1 0.855556 0.094531 0.288889 0.048438
4 0.207407 0.094792 0.155556 0.087500
4 0.064815 0.094792 0.129630 0.087500
7 0.500000 0.096615 1.000000 0.105729
7 0.500000 0.288542 1.000000 0.278125
8 0.512963 0.288542 0.974074 0.263542
1 0.529167 0.215625 0.941667 0.073958
1 0.529167 0.304688 0.941667 0.092708
4 0.087500 0.382031 0.058333 0.032813
7 0.500000 0.549479 1.000000 0.243750
8 0.512963 0.549479 0.974074 0.229167
1 0.529167 0.476562 0.941667 0.039583
1 0.529167 0.548438 0.941667 0.092708
7 0.500000 0.793229 1.000000 0.243750
8 0.512963 0.793229 0.974074 0.229167
1 0.529167 0.720313 0.941667 0.039583
1 0.529167 0.792188 0.941667 0.092708
7 0.500000 0.957552 1.000000 0.084896
8 0.512963 0.961198 0.974074 0.077604
1 0.529167 0.964063 0.941667 0.039583
1 0.529167 0.994792 0.941667 0.010417