4 0.081019 0.089323 0.162037 0.091146
4 0.223611 0.089323 0.058333 0.032813
2 0.658796 0.089323 0.682407 0.044271
1 0.339815 0.189583 0.535185 0.109375
1 0.862500 0.189583 0.275000 0.109375
1 0.339815 0.300521 0.535185 0.109375
1 0.862500 0.300521 0.275000 0.109375
1 0.339815 0.411458 0.535185 0.109375
1 0.862500 0.411458 0.275000 0.109375
1 0.339815 0.522396 0.535185 0.109375
1 0.862500 0.522396 0.275000 0.109375
1 0.339815 0.633333 0.535185 0.109375
1 0.862500 0.633333 0.275000 0.109375
1 0.339815 0.744271 0.535185 0.109375
1 0.862500 0.744271 0.275000 0.109375
1 0.339815 0.855208 0.535185 0.109375
1 0.862500 0.855208 0.275000 0.109375
1 0.339815 0.955729 0.535185 0.088542
1 0.862500 0.955729 0.275000 0.088542