1 0.568519 0.072656 0.862963 0.053646
1 0.542593 0.153385 0.914815 0.036979
7 0.542593 0.226562 0.914815 0.109375
4 0.175000 0.226562 0.146296 0.082292
1 0.632407 0.205469 0.735185 0.048438
7 0.542593 0.336979 0.914815 0.109375
4 0.175000 0.336979 0.146296 0.082292
1 0.632407 0.315885 0.735185 0.048438
1 0.632407 0.352344 0.735185 0.024479
7 0.542593 0.447396 0.914815 0.109375
4 0.175000 0.447396 0.146296 0.082292
1 0.632407 0.426302 0.735185 0.048438
1 0.632407 0.462760 0.735185 0.024479
7 0.542593 0.557813 0.914815 0.109375
4 0.175000 0.557813 0.146296 0.082292
1 0.632407 0.536719 0.735185 0.048438
1 0.632407 0.573177 0.735185 0.024479
7 0.542593 0.668229 0.914815 0.109375
4 0.175000 0.668229 0.146296 0.082292
1 0.632407 0.647135 0.735185 0.048438
1 0.632407 0.683594 0.735185 0.024479
7 0.542593 0.778646 0.914815 0.109375
4 0.175000 0.778646 0.146296 0.082292
1 0.632407 0.757552 0.735185 0.048438
1 0.632407 0.794010 0.735185 0.024479
7 0.542593 0.889062 0.914815 0.109375
4 0.175000 0.889062 0.146296 0.082292
1 0.632407 0.867969 0.735185 0.048438
1 0.632407 0.904427 0.735185 0.024479
7 0.542593 0.972396 0.914815 0.055208
4 0.175000 0.979167 0.146296 0.041667
1 0.632407 0.977083 0.735185 0.045833