9 0.486111 0.500000 0.972222 1.000000
7 0.486111 0.072917 0.972222 0.145833
3 0.485648 0.072656 0.097222 0.054688
1 0.486111 0.189583 0.972222 0.087500
7 0.486111 0.277083 0.972222 0.087500
3 0.077778 0.277083 0.051852 0.029167
1 0.387500 0.277083 0.373148 0.032292
7 0.486111 0.364583 0.972222 0.087500
3 0.077778 0.364583 0.051852 0.029167
1 0.262037 0.364583 0.122222 0.032292
7 0.486111 0.452083 0.972222 0.087500
3 0.077778 0.452083 0.051852 0.029167
1 0.278241 0.452083 0.154630 0.032292
7 0.486111 0.539583 0.972222 0.087500
3 0.077778 0.539583 0.051852 0.029167
1 0.299074 0.539583 0.196296 0.032292
7 0.486111 0.627083 0.972222 0.087500
3 0.077778 0.627083 0.051852 0.029167
1 0.293056 0.627083 0.184259 0.032292
7 0.486111 0.714583 0.972222 0.087500
3 0.077778 0.714583 0.051852 0.029167
1 0.304167 0.714583 0.206481 0.032292
1 0.486111 0.802083 0.972222 0.087500
7 0.486111 0.889583 0.972222 0.087500
3 0.077778 0.889583 0.051852 0.029167
1 0.600463 0.045573 0.799074 0.091146
1 0.486111 0.966667 0.972222 0.066667
6 0.500000 0.094792 1.000000 0.102083
4 0.090741 0.094792 0.181481 0.102083
4 0.278704 0.094792 0.194444 0.102083
8 0.500000 0.376563 1.000000 0.423958
3 0.500000 0.376563 1.000000 0.423958
1 0.500000 0.376563 1.000000 0.423958
8 0.500000 0.803646 1.000000 0.392708
3 0.500000 0.803646 1.000000 0.392708
1 0.500000 0.803646 1.000000 0.392708