3 0.590278 0.213021 0.819444 0.134375
1 0.558333 0.380990 0.883333 0.201563
3 0.414815 0.592448 0.453704 0.195312
3 0.845370 0.592448 0.309259 0.195312
3 0.414815 0.841406 0.453704 0.195312
3 0.845370 0.841406 0.309259 0.195312
3 0.414352 0.570573 0.343519 0.078646
1 0.414352 0.636458 0.225000 0.034375
4 0.864815 0.570573 0.270370 0.078646
1 0.917130 0.636458 0.093519 0.034375
3 0.414815 0.819531 0.311111 0.098437
1 0.414352 0.895312 0.145370 0.034375
3 0.881019 0.819271 0.237963 0.087500
1 0.917593 0.889583 0.100000 0.034375