3 0.500000 0.521875 1.000000 0.956250
1 0.666667 0.089323 0.264815 0.044271
3 0.500000 0.521875 1.000000 0.956250
7 0.500000 0.199219 1.000000 0.127604
1 0.192593 0.161979 0.081481 0.045833
4 0.116667 0.198958 0.155556 0.087500
1 0.623611 0.221875 0.752778 0.034375
1 0.478704 0.179167 0.462963 0.039583
7 0.500000 0.275000 1.000000 0.280208
1 0.666667 0.162240 0.244444 0.040104
3 0.094444 0.246094 0.129630 0.069271
1 0.618981 0.302865 0.762037 0.159896
4 0.081019 0.089323 0.110185 0.061979
1 0.671296 0.089323 0.368519 0.036979