1 0.666667 0.089323 0.179630 0.044271
7 0.228704 0.337500 0.405556 0.376042
3 0.228704 0.315365 0.405556 0.331771
4 0.389352 0.173177 0.071296 0.040104
1 0.088426 0.510677 0.125000 0.029687
7 0.666667 0.337500 0.405556 0.376042
3 0.666667 0.315365 0.405556 0.331771
1 0.576852 0.510677 0.225926 0.029687
7 0.950926 0.337500 0.098148 0.376042
3 0.950926 0.315365 0.098148 0.331771
1 0.950926 0.510677 0.098148 0.029687
7 0.228704 0.731771 0.405556 0.376042
3 0.228704 0.709635 0.405556 0.331771
1 0.167130 0.904948 0.282407 0.029687
4 0.081019 0.089323 0.110185 0.061979