9 0.648148 0.500000 0.703704 1.000000
7 0.648148 0.087500 0.703704 0.175000
3 0.648148 0.087500 0.703704 0.175000
7 0.648148 0.218750 0.703704 0.087500
1 0.374074 0.218750 0.051852 0.087500
1 0.712963 0.218750 0.574074 0.034375
7 0.648148 0.306250 0.703704 0.087500
1 0.374074 0.306250 0.051852 0.087500
1 0.712963 0.306250 0.574074 0.034375
7 0.648148 0.393750 0.703704 0.087500
1 0.687037 0.393750 0.625926 0.034375
7 0.648148 0.481250 0.703704 0.087500
1 0.687037 0.481250 0.625926 0.034375
7 0.648148 0.568750 0.703704 0.087500
1 0.687037 0.568750 0.625926 0.034375
7 0.648148 0.656250 0.703704 0.087500
1 0.687037 0.656250 0.625926 0.034375
7 0.648148 0.743750 0.703704 0.087500
1 0.374074 0.743750 0.051852 0.087500
1 0.712963 0.743750 0.574074 0.034375
7 0.648148 0.831250 0.703704 0.087500
1 0.687037 0.831250 0.625926 0.034375
7 0.648148 0.918750 0.703704 0.087500
1 0.361111 0.918750 0.025926 0.087500
1 0.700000 0.918750 0.600000 0.034375
7 0.648148 0.978125 0.703704 0.031250
7 0.648148 0.996875 0.703704 0.006250
6 0.500000 0.094792 1.000000 0.102083
1 0.800926 0.094531 0.398148 0.048438
4 0.207407 0.094792 0.155556 0.087500
4 0.064815 0.094792 0.129630 0.087500
7 0.500000 0.096615 1.000000 0.105729
7 0.500000 0.421615 1.000000 0.544271
8 0.512963 0.421615 0.974074 0.529687
3 0.512963 0.339062 0.974074 0.364583
1 0.529167 0.580208 0.941667 0.073958
4 0.087500 0.648177 0.058333 0.032813
7 0.500000 0.846875 1.000000 0.306250
8 0.512963 0.850521 0.974074 0.298958
3 0.512963 0.850521 0.974074 0.298958