3 0.500000 0.500000 1.000000 1.000000
1 0.500000 0.117969 1.000000 0.090104
1 0.500000 0.194531 1.000000 0.063021
7 0.500000 0.286198 1.000000 0.120313
4 0.142593 0.285938 0.129630 0.072917
1 0.629630 0.271094 0.740741 0.035937
1 0.629630 0.303906 0.740741 0.029687
7 0.500000 0.406510 1.000000 0.120313
4 0.142593 0.406250 0.129630 0.072917
1 0.629630 0.391406 0.740741 0.035937
1 0.629630 0.424219 0.740741 0.029687
7 0.500000 0.526823 1.000000 0.120313
3 0.142593 0.526563 0.129630 0.072917
1 0.629630 0.511719 0.740741 0.035937
1 0.629630 0.544531 0.740741 0.029687
7 0.500000 0.647135 1.000000 0.120313
4 0.142593 0.646875 0.129630 0.072917
1 0.629630 0.632031 0.740741 0.035937
1 0.629630 0.664844 0.740741 0.029687
7 0.500000 0.767448 1.000000 0.120313
3 0.142593 0.767188 0.129630 0.072917
1 0.629630 0.752344 0.740741 0.035937
1 0.629630 0.785156 0.740741 0.029687
7 0.500000 0.887760 1.000000 0.120313
3 0.142593 0.887500 0.129630 0.072917
1 0.629630 0.872656 0.740741 0.035937
1 0.629630 0.905469 0.740741 0.029687