6 0.500000 0.094792 1.000000 0.102083
4 0.090741 0.094792 0.181481 0.102083
1 0.639352 0.143750 0.721296 0.046875
1 0.569907 0.190625 0.860185 0.032292
3 0.500000 0.271094 1.000000 0.128646
7 0.516204 0.368229 0.967593 0.123958
4 0.142593 0.368229 0.155556 0.087500
1 0.626389 0.368229 0.747222 0.039583
7 0.516204 0.494271 0.967593 0.123958
4 0.142593 0.494271 0.155556 0.087500
1 0.626389 0.494271 0.747222 0.039583
7 0.516204 0.620313 0.967593 0.123958
3 0.142593 0.620313 0.155556 0.087500
1 0.626389 0.620313 0.747222 0.039583
7 0.516204 0.746354 0.967593 0.123958
3 0.142593 0.746354 0.155556 0.087500
1 0.626389 0.746354 0.747222 0.039583
7 0.516204 0.872396 0.967593 0.123958
3 0.142593 0.872396 0.155556 0.087500
1 0.626389 0.872396 0.747222 0.039583
7 0.516204 0.968229 0.967593 0.063542
3 0.142593 0.977344 0.155556 0.045312
1 0.626389 0.989323 0.747222 0.021354