1 0.666204 0.100000 0.384259 0.039583
4 0.440741 0.096615 0.103704 0.032813
1 0.616204 0.173437 0.767593 0.034375
7 0.512963 0.237240 0.974074 0.058854
1 0.165741 0.251823 0.240741 0.029687
7 0.239352 0.332292 0.426852 0.131250
1 0.239352 0.332031 0.208333 0.029687
7 0.666204 0.332292 0.426852 0.131250
1 0.666204 0.332031 0.102778 0.029687
7 0.939815 0.332292 0.120370 0.131250
7 0.239352 0.463542 0.426852 0.131250
1 0.239352 0.463281 0.076852 0.029687
7 0.666204 0.463542 0.426852 0.131250
1 0.665741 0.463281 0.079630 0.029687
7 0.939815 0.463542 0.120370 0.131250
7 0.239352 0.594792 0.426852 0.131250
1 0.239352 0.594531 0.078704 0.029687
7 0.666204 0.594792 0.426852 0.131250
1 0.665741 0.594531 0.068519 0.029687
7 0.939815 0.594792 0.120370 0.131250
7 0.239352 0.726042 0.426852 0.131250
1 0.239352 0.726042 0.349074 0.055208
7 0.666204 0.726042 0.426852 0.131250
1 0.665741 0.725781 0.227778 0.029687
7 0.939815 0.726042 0.120370 0.131250
7 0.239352 0.857292 0.426852 0.131250
1 0.238889 0.857031 0.096296 0.029687
7 0.512963 0.952344 0.974074 0.058854
1 0.102778 0.966927 0.114815 0.029687
7 0.239352 0.990885 0.426852 0.018229
7 0.666204 0.990885 0.426852 0.018229
7 0.939815 0.990885 0.120370 0.018229
7 0.500000 0.152604 1.000000 0.217708
3 0.059259 0.071354 0.051852 0.029167
1 0.591204 0.120052 0.810185 0.036979
1 0.302315 0.147917 0.232407 0.032292
1 0.591204 0.204427 0.810185 0.036979
1 0.274537 0.232292 0.176852 0.032292
1 0.491667 0.071615 0.755556 0.029687
7 0.500000 0.370312 1.000000 0.217708
3 0.059259 0.289062 0.051852 0.029167
1 0.591204 0.337760 0.810185 0.036979
1 0.330093 0.365625 0.287963 0.032292
1 0.591204 0.422135 0.810185 0.036979
1 0.273611 0.450000 0.175000 0.032292
1 0.456019 0.289323 0.684259 0.029687
7 0.500000 0.728125 1.000000 0.497917
1 0.518056 0.583854 0.963889 0.034375
1 0.117130 0.546615 0.045370 0.025521
1 0.346296 0.526563 0.400000 0.034375
3 0.510185 0.788802 0.979630 0.342187
4 0.666204 0.788802 0.149074 0.083854
3 0.081481 0.526563 0.103704 0.058333
1 0.516667 0.923438 0.966667 0.058333
7 0.500000 0.988542 1.000000 0.022917
3 0.059259 0.995052 0.051852 0.009896
1 0.314352 0.995052 0.400926 0.009896