6 0.500000 0.087500 1.000000 0.087500
4 0.061574 0.087240 0.123148 0.069271
3 0.666667 0.087500 0.653704 0.087500
1 0.283333 0.201823 0.468519 0.085938
1 0.524537 0.336458 0.950926 0.183333
7 0.500000 0.421615 1.000000 0.580729
3 0.500000 0.341146 1.000000 0.419792
3 0.666667 0.339844 0.296296 0.133854
1 0.510185 0.624479 0.979630 0.122917
7 0.500000 0.778646 1.000000 0.133333
3 0.412963 0.771354 0.825926 0.118750
3 0.950463 0.780729 0.099074 0.084375
7 0.500000 0.922656 1.000000 0.154688
3 0.220370 0.920833 0.388889 0.144792
1 0.723611 0.920833 0.552778 0.079167
7 0.500000 0.475521 1.000000 0.688542
3 0.500000 0.341146 1.000000 0.419792
1 0.510185 0.651563 0.979630 0.177083
1 0.515278 0.772656 0.969444 0.042188
7 0.500000 0.902604 1.000000 0.165625
3 0.220370 0.895312 0.388889 0.144792
1 0.723611 0.895312 0.552778 0.079167
7 0.500000 0.992708 1.000000 0.014583
3 0.220370 0.994271 0.388889 0.011458