9 0.648148 0.500000 0.703704 1.000000
7 0.648148 0.022917 0.703704 0.045833
1 0.374074 0.022917 0.051852 0.045833
1 0.712963 0.009635 0.574074 0.019271
7 0.648148 0.089583 0.703704 0.087500
1 0.687037 0.089583 0.625926 0.034375
7 0.648148 0.177083 0.703704 0.087500
1 0.687037 0.177083 0.625926 0.034375
7 0.648148 0.264583 0.703704 0.087500
1 0.687037 0.264583 0.625926 0.034375
7 0.648148 0.352083 0.703704 0.087500
1 0.687037 0.352083 0.625926 0.034375
7 0.648148 0.439583 0.703704 0.087500
1 0.374074 0.439583 0.051852 0.087500
1 0.712963 0.439583 0.574074 0.034375
7 0.648148 0.527083 0.703704 0.087500
1 0.687037 0.527083 0.625926 0.034375
7 0.648148 0.614583 0.703704 0.087500
1 0.361111 0.614583 0.025926 0.087500
1 0.700000 0.614583 0.600000 0.034375
7 0.648148 0.673958 0.703704 0.031250
7 0.648148 0.733333 0.703704 0.087500
1 0.687037 0.733333 0.625926 0.034375
7 0.648148 0.820833 0.703704 0.087500
1 0.687037 0.820833 0.625926 0.034375
7 0.648148 0.880208 0.703704 0.031250
7 0.648148 0.939583 0.703704 0.087500
1 0.687037 0.939583 0.625926 0.034375
7 0.648148 0.991667 0.703704 0.016667
6 0.500000 0.094792 1.000000 0.102083
1 0.854167 0.094531 0.291667 0.048438
4 0.207407 0.094792 0.155556 0.087500
4 0.064815 0.094792 0.129630 0.087500
7 0.500000 0.096615 1.000000 0.105729
7 0.500000 0.404427 1.000000 0.509896
8 0.512963 0.404427 0.974074 0.495312
3 0.512963 0.339062 0.974074 0.364583
1 0.529167 0.563021 0.941667 0.039583
7 0.500000 0.829688 1.000000 0.340625
8 0.512963 0.833333 0.974074 0.333333
3 0.512963 0.833333 0.974074 0.333333