6 0.500000 0.087500 1.000000 0.087500
4 0.087037 0.087500 0.174074 0.087500
4 0.034722 0.087760 0.069444 0.039062
4 0.109259 0.087500 0.103704 0.058333
4 0.879630 0.087500 0.181481 0.087500
4 0.985185 0.087500 0.029630 0.087500
1 0.249537 0.087240 0.150926 0.044271
1 0.129630 0.242188 0.259259 0.039583
1 0.388889 0.242188 0.259259 0.039583
1 0.648148 0.242188 0.259259 0.039583
1 0.888889 0.242188 0.222222 0.039583
7 0.500000 0.312760 1.000000 0.097396
3 0.081019 0.312760 0.162037 0.091146
1 0.299074 0.295573 0.240741 0.044271
1 0.386574 0.334896 0.415741 0.034375
7 0.500000 0.410677 1.000000 0.097396
3 0.081019 0.410677 0.162037 0.091146
1 0.308333 0.393490 0.259259 0.044271
1 0.408796 0.432812 0.460185 0.034375
7 0.500000 0.508594 1.000000 0.097396
4 0.081019 0.508594 0.162037 0.091146
1 0.377778 0.491406 0.398148 0.044271
1 0.440741 0.530729 0.524074 0.034375