9 0.492593 0.500000 0.985185 1.000000
7 0.492593 0.035937 0.985185 0.071875
1 0.499074 0.036458 0.868519 0.034375
7 0.492593 0.110417 0.985185 0.077083
1 0.492593 0.110417 0.881481 0.043750
7 0.492593 0.187500 0.985185 0.077083
1 0.492593 0.187500 0.881481 0.043750
7 0.492593 0.264583 0.985185 0.077083
1 0.492593 0.264583 0.881481 0.043750
7 0.492593 0.341667 0.985185 0.077083
1 0.492593 0.341667 0.881481 0.043750
7 0.492593 0.418750 0.985185 0.077083
1 0.492593 0.418750 0.881481 0.043750
7 0.492593 0.495833 0.985185 0.077083
1 0.492593 0.495833 0.881481 0.043750
7 0.492593 0.570312 0.985185 0.071875
1 0.499074 0.570833 0.868519 0.034375
7 0.492593 0.651823 0.985185 0.091146
1 0.492593 0.651823 0.881481 0.054688
7 0.492593 0.742969 0.985185 0.091146
1 0.492593 0.742969 0.881481 0.054688
7 0.492593 0.834115 0.985185 0.091146
1 0.492593 0.834115 0.881481 0.054688
7 0.492593 0.925260 0.985185 0.091146
1 0.492593 0.925260 0.881481 0.054688
7 0.492593 0.985417 0.985185 0.029167
1 0.492593 0.994531 0.881481 0.010937
6 0.500000 0.051042 1.000000 0.102083
1 0.576852 0.050781 0.687037 0.048438
3 0.090741 0.051042 0.181481 0.102083
7 0.500000 0.341406 1.000000 0.478646
8 0.500000 0.341406 1.000000 0.478646
7 0.500000 0.723698 1.000000 0.285938
8 0.500000 0.723698 1.000000 0.285938
1 0.513889 0.805729 0.972222 0.087500
1 0.650463 0.622135 0.571296 0.048438
3 0.173611 0.679948 0.291667 0.164062
7 0.500000 0.933333 1.000000 0.133333
8 0.500000 0.933333 1.000000 0.133333
1 0.651389 0.908073 0.573148 0.048438
3 0.173611 0.941927 0.291667 0.116146