9 0.500000 0.500000 1.000000 1.000000
7 0.500000 0.153125 1.000000 0.306250
4 0.168519 0.196875 0.233333 0.175000
1 0.668519 0.161979 0.662963 0.096875
1 0.668519 0.244792 0.662963 0.068750
7 0.500000 0.411979 1.000000 0.209375
3 0.168519 0.411458 0.233333 0.131250
1 0.668519 0.377604 0.662963 0.096875
1 0.668519 0.460417 0.662963 0.068750
7 0.500000 0.622396 1.000000 0.209375
3 0.168519 0.621875 0.233333 0.131250
1 0.668519 0.588021 0.662963 0.096875
1 0.668519 0.670833 0.662963 0.068750
7 0.500000 0.793750 1.000000 0.131250
4 0.168519 0.793750 0.233333 0.087500
1 0.668519 0.793750 0.662963 0.083333
7 0.500000 0.926042 1.000000 0.131250
4 0.168519 0.926042 0.233333 0.087500
1 0.668519 0.926042 0.662963 0.083333
7 0.500000 0.996354 1.000000 0.007292
6 0.500000 0.131250 1.000000 0.262500
3 0.155556 0.175000 0.311111 0.175000
1 0.655556 0.175000 0.688889 0.175000