6 0.500000 0.094792 1.000000 0.102083
4 0.090741 0.094792 0.181481 0.102083
1 0.399537 0.094792 0.369444 0.046875
2 0.500000 0.198698 1.000000 0.105729
4 0.104167 0.304427 0.097222 0.040104
4 0.205093 0.304427 0.097222 0.040104
4 0.094444 0.409896 0.077778 0.043750
4 0.094444 0.515625 0.077778 0.043750
1 0.395370 0.515885 0.381481 0.105729
4 0.094444 0.619792 0.077778 0.043750
3 0.177778 0.705990 0.244444 0.063021
4 0.422222 0.705990 0.244444 0.063021
3 0.666667 0.705990 0.244444 0.063021
3 0.894444 0.705990 0.211111 0.063021
3 0.177778 0.796094 0.244444 0.063021
3 0.422222 0.796094 0.244444 0.063021
3 0.666667 0.796094 0.244444 0.063021
3 0.894444 0.796094 0.211111 0.063021
3 0.177778 0.886198 0.244444 0.063021
3 0.422222 0.886198 0.244444 0.063021
3 0.666667 0.886198 0.244444 0.063021
3 0.894444 0.886198 0.211111 0.063021
2 0.662500 0.304427 0.675000 0.105729
1 0.602315 0.410156 0.795370 0.042188
4 0.705093 0.619531 0.097222 0.054688