6 0.500000 0.087500 1.000000 0.087500
1 0.514352 0.087500 0.584259 0.087500
4 0.985185 0.087500 0.029630 0.087500
4 0.124537 0.087500 0.169444 0.058333
3 0.161111 0.176823 0.322222 0.091146
1 0.222222 0.176823 0.444444 0.091146
1 0.666667 0.176823 0.444444 0.091146
1 0.944444 0.176823 0.111111 0.091146
1 0.500000 0.245312 1.000000 0.045833
7 0.500000 0.634115 1.000000 0.731771
7 0.500000 0.323958 1.000000 0.109375
1 0.123148 0.306771 0.116667 0.034375
1 0.123611 0.341146 0.169444 0.034375
1 0.692593 0.305729 0.579630 0.036458
3 0.370370 0.342187 0.064815 0.036458
1 0.692593 0.342187 0.579630 0.036458
7 0.500000 0.434375 1.000000 0.109375
1 0.123148 0.417187 0.116667 0.034375
1 0.123611 0.451562 0.169444 0.034375
3 0.370370 0.416146 0.064815 0.036458
1 0.692593 0.416146 0.579630 0.036458
3 0.370370 0.452604 0.064815 0.036458
1 0.692593 0.452604 0.579630 0.036458
7 0.500000 0.544792 1.000000 0.109375
1 0.123148 0.527604 0.116667 0.034375
1 0.123611 0.561979 0.169444 0.034375
3 0.370370 0.526563 0.064815 0.036458
1 0.692593 0.526563 0.579630 0.036458
4 0.370370 0.563021 0.064815 0.036458
1 0.692593 0.563021 0.579630 0.036458
7 0.500000 0.655208 1.000000 0.109375
1 0.123148 0.638021 0.116667 0.034375
1 0.123611 0.672396 0.169444 0.034375
4 0.370370 0.636979 0.064815 0.036458
1 0.692593 0.636979 0.579630 0.036458
3 0.370370 0.673438 0.064815 0.036458
1 0.692593 0.673438 0.579630 0.036458
7 0.500000 0.765625 1.000000 0.109375
1 0.123148 0.748437 0.116667 0.034375
1 0.123611 0.782813 0.169444 0.034375
3 0.370370 0.747396 0.064815 0.036458
1 0.692593 0.747396 0.579630 0.036458
3 0.370370 0.783854 0.064815 0.036458
1 0.692593 0.783854 0.579630 0.036458