3 0.872685 0.521875 0.254630 0.956250
1 0.372685 0.269010 0.745370 0.090104
1 0.372685 0.449219 0.745370 0.090104
7 0.372685 0.083854 0.745370 0.080208
3 0.108333 0.083854 0.216667 0.080208
3 0.674074 0.083854 0.142593 0.080208
1 0.409722 0.083854 0.386111 0.039583
7 0.372685 0.165104 0.745370 0.080208
3 0.108796 0.165104 0.217593 0.080208
3 0.674074 0.165104 0.142593 0.080208
1 0.410185 0.165104 0.385185 0.039583
7 0.372685 0.246354 0.745370 0.080208
3 0.108796 0.246354 0.217593 0.080208
3 0.674074 0.246354 0.142593 0.080208
1 0.410185 0.246354 0.385185 0.039583
7 0.372685 0.327604 0.745370 0.080208
3 0.108333 0.327604 0.216667 0.080208
3 0.674074 0.327604 0.142593 0.080208
1 0.409722 0.327604 0.386111 0.039583
7 0.372685 0.408854 0.745370 0.080208
3 0.108333 0.408854 0.216667 0.080208
3 0.674074 0.408854 0.142593 0.080208
1 0.409722 0.408854 0.386111 0.039583
7 0.372685 0.490104 0.745370 0.080208
3 0.108333 0.490104 0.216667 0.080208
3 0.674074 0.490104 0.142593 0.080208
1 0.409722 0.490104 0.386111 0.039583
7 0.372685 0.571354 0.745370 0.080208
3 0.108333 0.571354 0.216667 0.080208
3 0.674074 0.571354 0.142593 0.080208
1 0.409722 0.571354 0.386111 0.039583
7 0.372685 0.652604 0.745370 0.080208
3 0.108333 0.652604 0.216667 0.080208
3 0.674074 0.652604 0.142593 0.080208
1 0.409722 0.652604 0.386111 0.039583
7 0.372685 0.733854 0.745370 0.080208
3 0.108333 0.733854 0.216667 0.080208
3 0.674074 0.733854 0.142593 0.080208
1 0.409722 0.733854 0.386111 0.039583
7 0.372685 0.815104 0.745370 0.080208
3 0.108333 0.815104 0.216667 0.080208
3 0.674074 0.815104 0.142593 0.080208
1 0.409722 0.815104 0.386111 0.039583
7 0.372685 0.896354 0.745370 0.080208
3 0.108333 0.896354 0.216667 0.080208
3 0.674074 0.896354 0.142593 0.080208
1 0.409722 0.896354 0.386111 0.039583
7 0.372685 0.968750 0.745370 0.062500
3 0.108333 0.968750 0.216667 0.062500
3 0.674074 0.968750 0.142593 0.062500
1 0.409722 0.977604 0.386111 0.039583
4 0.044444 0.088802 0.088889 0.024479
1 0.417130 0.088802 0.656481 0.090104
1 0.141667 0.178906 0.283333 0.090104
1 0.190741 0.359115 0.381481 0.090104
1 0.190741 0.539323 0.381481 0.090104
1 0.159259 0.629427 0.318519 0.090104
1 0.248148 0.719531 0.496296 0.090104
1 0.329630 0.809635 0.659259 0.090104
1 0.237037 0.899740 0.474074 0.090104