9 0.500000 0.500000 1.000000 1.000000
1 0.500000 0.093229 1.000000 0.087500
1 0.134259 0.188542 0.268519 0.087500
1 0.500000 0.276042 1.000000 0.087500
1 0.500000 0.363542 1.000000 0.087500
1 0.500000 0.451042 1.000000 0.087500
1 0.500000 0.538542 1.000000 0.087500
1 0.500000 0.628125 1.000000 0.087500
1 0.500000 0.715625 1.000000 0.087500
1 0.500000 0.803125 1.000000 0.087500
6 0.500000 0.094792 1.000000 0.102083
1 0.434722 0.094531 0.480556 0.048438
4 0.090741 0.094792 0.181481 0.102083
1 0.451389 0.260156 0.721296 0.082812
1 0.545370 0.398177 0.909259 0.193229