6 0.500000 0.051042 1.000000 0.102083
4 0.090741 0.051042 0.181481 0.102083
3 0.500000 0.500000 1.000000 1.000000
3 0.500000 0.500000 1.000000 1.000000
3 0.500000 0.500000 1.000000 1.000000
3 0.500000 0.500000 1.000000 1.000000
3 0.500000 0.500000 1.000000 1.000000
3 0.500000 0.500000 1.000000 1.000000
3 0.500000 0.500000 1.000000 1.000000
5 0.500000 0.051042 1.000000 0.102083
1 0.573148 0.051042 0.853704 0.102083
1 0.500000 0.137240 1.000000 0.036979
1 0.500000 0.573177 1.000000 0.138021
3 0.111574 0.715625 0.223148 0.065625
1 0.504630 0.715625 0.324074 0.065625
1 0.828704 0.715625 0.324074 0.065625
1 0.129167 0.323437 0.128704 0.032292
1 0.129167 0.355729 0.154630 0.032292