6 0.500000 0.094792 1.000000 0.102083
1 0.113426 0.094531 0.123148 0.048438
3 0.985185 0.094792 0.029630 0.087500
7 0.500000 0.213281 1.000000 0.134896
4 0.136574 0.213281 0.162037 0.091146
1 0.540741 0.213281 0.451852 0.044271
7 0.500000 0.350260 1.000000 0.134896
3 0.136574 0.350260 0.162037 0.091146
1 0.521759 0.350260 0.413889 0.044271
7 0.500000 0.487240 1.000000 0.134896
4 0.136574 0.487240 0.162037 0.091146
1 0.581019 0.487240 0.532407 0.044271
7 0.500000 0.624219 1.000000 0.134896
3 0.136574 0.624219 0.162037 0.091146
1 0.554167 0.624219 0.478704 0.044271
7 0.500000 0.761198 1.000000 0.134896
3 0.136574 0.761198 0.162037 0.091146
1 0.476852 0.761198 0.324074 0.044271
7 0.500000 0.898177 1.000000 0.134896
4 0.136574 0.898177 0.162037 0.091146
1 0.501852 0.898177 0.374074 0.044271
7 0.500000 0.983854 1.000000 0.032292
4 0.136574 0.994792 0.162037 0.010417