6 0.500000 0.094792 1.000000 0.102083
4 0.090741 0.094792 0.181481 0.102083
3 0.412963 0.094531 0.462963 0.076563
1 0.997222 0.094792 0.005556 0.102083
9 0.500000 0.572917 1.000000 0.854167
1 0.188889 0.961198 0.325926 0.077604
4 0.116667 0.251563 0.129630 0.072917
1 0.416667 0.251563 0.366667 0.039583
3 0.116667 0.433854 0.129630 0.072917
1 0.453704 0.433854 0.440741 0.039583
3 0.116667 0.616667 0.129630 0.072917
1 0.468056 0.616667 0.469444 0.039583
4 0.116667 0.799479 0.129630 0.072917
1 0.412963 0.799479 0.359259 0.039583
8 0.511574 0.213542 0.976852 0.087500
2 0.511574 0.213542 0.976852 0.087500
1 0.150000 0.291406 0.209259 0.042188
8 0.511574 0.820312 0.976852 0.359375
1 0.265741 0.676302 0.394444 0.042188
3 0.237500 0.761198 0.187963 0.105729
1 0.237963 0.845313 0.300000 0.055208
3 0.667130 0.761198 0.187963 0.105729
1 0.667130 0.845313 0.299074 0.055208
1 0.973148 0.845313 0.053704 0.055208
8 0.195833 0.472917 0.391667 0.287500
1 0.331481 0.532292 0.068519 0.038542
1 0.058796 0.575260 0.117593 0.064062
3 0.195833 0.431771 0.391667 0.205208
8 0.687037 0.472917 0.474074 0.287500
1 0.863889 0.532292 0.068519 0.038542
1 0.589352 0.575260 0.187963 0.064062
3 0.687037 0.431771 0.474074 0.205208
8 0.991204 0.472917 0.017593 0.287500
3 0.991204 0.431771 0.017593 0.205208