6 0.500000 0.094792 1.000000 0.102083
4 0.090741 0.094792 0.181481 0.102083
3 0.412963 0.094531 0.462963 0.076563
8 0.511574 0.213542 0.976852 0.087500
2 0.511574 0.213542 0.976852 0.087500
1 0.150000 0.291406 0.209259 0.042188
8 0.511574 0.820312 0.976852 0.359375
1 0.265741 0.676302 0.394444 0.042188
3 0.237500 0.761198 0.187963 0.105729
1 0.237963 0.845313 0.300000 0.055208
3 0.667130 0.761198 0.187963 0.105729
1 0.667130 0.845313 0.299074 0.055208
1 0.973148 0.845313 0.053704 0.055208
8 0.266667 0.472917 0.474074 0.287500
1 0.443519 0.532292 0.068519 0.038542
3 0.096296 0.575521 0.081481 0.045833
1 0.281019 0.575260 0.249074 0.064062
3 0.266667 0.431771 0.474074 0.205208
8 0.781019 0.472917 0.437963 0.287500
1 0.970833 0.532292 0.058333 0.038542
1 0.712963 0.575260 0.211111 0.064062
3 0.781019 0.431771 0.437963 0.205208
1 0.666667 0.212240 0.501852 0.044271
1 0.581481 0.630729 0.837037 0.737500