9 0.495833 0.500000 0.991667 1.000000
4 0.155556 0.160417 0.207407 0.116667
1 0.202315 0.269010 0.300926 0.042188
1 0.336111 0.309896 0.568519 0.039583
1 0.712500 0.134896 0.454630 0.065625
7 0.495833 0.419271 0.991667 0.087500
1 0.337037 0.419271 0.207407 0.087500
3 0.096759 0.419010 0.069444 0.033854
7 0.495833 0.506771 0.991667 0.087500
1 0.349537 0.506771 0.232407 0.087500
4 0.097222 0.506771 0.077778 0.043750
7 0.495833 0.594271 0.991667 0.087500
1 0.298148 0.594271 0.129630 0.087500
4 0.097222 0.594271 0.077778 0.043750
7 0.495833 0.681771 0.991667 0.087500
1 0.391667 0.681771 0.316667 0.087500
4 0.097222 0.681771 0.077778 0.043750
7 0.495833 0.741146 0.991667 0.031250
7 0.495833 0.800521 0.991667 0.087500
1 0.521759 0.800521 0.939815 0.087500
7 0.495833 0.888021 0.991667 0.087500
1 0.521759 0.888021 0.939815 0.087500
7 0.495833 0.965885 0.991667 0.068229
1 0.521759 0.965885 0.939815 0.068229
6 0.500000 0.094792 1.000000 0.102083
3 0.090741 0.094792 0.181481 0.102083
1 0.308333 0.094531 0.150000 0.048438
3 0.500000 0.154948 1.000000 0.018229
3 0.500000 0.154948 1.000000 0.018229
1 0.525926 0.684115 0.948148 0.042188
1 0.532407 0.771354 0.935185 0.073958