1 0.500000 0.128385 1.000000 0.048438
9 0.500000 0.065885 1.000000 0.054688
1 0.154630 0.065885 0.309259 0.054688
1 0.419907 0.065885 0.221296 0.054688
1 0.650926 0.065885 0.240741 0.054688
1 0.885185 0.065885 0.227778 0.054688
7 0.500000 0.576302 1.000000 0.847396
7 0.500000 0.241146 1.000000 0.177083
3 0.943056 0.241146 0.113889 0.140625
1 0.446296 0.214583 0.814815 0.081250
1 0.195370 0.292448 0.312963 0.030729
1 0.512037 0.292448 0.255556 0.030729
7 0.500000 0.418750 1.000000 0.177083
3 0.943056 0.418750 0.113889 0.140625
1 0.446296 0.392188 0.814815 0.081250
1 0.134722 0.470052 0.191667 0.030729
1 0.390741 0.470052 0.255556 0.030729
7 0.500000 0.596354 1.000000 0.177083
3 0.943056 0.596354 0.113889 0.140625
1 0.446296 0.569792 0.814815 0.081250
1 0.179167 0.647656 0.280556 0.030729
1 0.479630 0.647656 0.255556 0.030729
7 0.500000 0.842708 1.000000 0.314583
1 0.519444 0.851823 0.961111 0.296354