6 0.500000 0.175000 1.000000 0.175000
4 0.156481 0.175000 0.312963 0.175000
4 0.051852 0.175000 0.103704 0.058333
3 0.183333 0.175000 0.207407 0.116667
1 0.656481 0.175000 0.687037 0.175000
3 0.500000 0.631250 1.000000 0.737500
7 0.500000 0.379167 1.000000 0.233333
1 0.500000 0.379167 1.000000 0.195833
7 0.500000 0.614583 1.000000 0.233333
1 0.500000 0.614583 1.000000 0.195833
7 0.500000 0.850000 1.000000 0.233333
1 0.500000 0.850000 1.000000 0.195833
7 0.500000 0.984375 1.000000 0.031250
1 0.500000 0.993750 1.000000 0.012500