6 0.500000 0.087500 1.000000 0.087500
1 0.666667 0.087240 0.203704 0.042188
4 0.096759 0.087240 0.037963 0.034896
1 0.666204 0.217448 0.626852 0.036979
1 0.229630 0.312500 0.281481 0.034375
2 0.703241 0.312500 0.593519 0.034375
3 0.524537 0.422917 0.950926 0.072917
1 0.357407 0.422917 0.616667 0.072917
1 0.833796 0.422917 0.332407 0.072917
1 0.394444 0.541667 0.690741 0.058333
2 0.139815 0.632812 0.103704 0.058333
1 0.343056 0.632812 0.302778 0.058333
1 0.541667 0.632812 0.094444 0.058333
2 0.139815 0.691146 0.103704 0.058333
1 0.363889 0.691146 0.344444 0.058333
1 0.583333 0.691146 0.094444 0.058333