9 0.453704 0.521875 0.907407 0.956250
1 0.453704 0.357292 0.907407 0.087500
1 0.453704 0.444792 0.907407 0.087500
1 0.453704 0.532292 0.907407 0.087500
1 0.453704 0.619792 0.907407 0.087500
1 0.453704 0.707292 0.907407 0.087500
1 0.453704 0.794792 0.907407 0.087500
1 0.453704 0.882292 0.907407 0.087500
1 0.453704 0.971354 0.907407 0.057292
1 0.453704 0.097135 0.803704 0.048438
4 0.803704 0.240625 0.103704 0.058333
1 0.401852 0.252604 0.700000 0.034375
6 0.500000 0.094792 1.000000 0.102083
4 0.090741 0.094792 0.181481 0.102083
1 0.307407 0.094531 0.148148 0.048438
1 0.500000 0.953646 1.000000 0.092708