6 0.500000 0.087500 1.000000 0.087500
3 0.091667 0.087500 0.103704 0.058333
1 0.384259 0.087240 0.455556 0.044271
4 0.985185 0.087500 0.029630 0.087500
4 0.985185 0.087500 0.029630 0.065625
7 0.500000 0.204167 1.000000 0.145833
3 0.110648 0.204167 0.162037 0.101042
1 0.607407 0.203906 0.785185 0.044271
7 0.500000 0.352083 1.000000 0.145833
3 0.110648 0.352083 0.162037 0.101042
1 0.607407 0.351823 0.785185 0.044271
7 0.500000 0.500000 1.000000 0.145833
3 0.110648 0.500000 0.162037 0.101042
1 0.607407 0.499740 0.785185 0.044271
7 0.500000 0.647917 1.000000 0.145833
3 0.110648 0.647917 0.162037 0.101042
1 0.607407 0.647656 0.785185 0.044271
7 0.500000 0.795833 1.000000 0.145833
3 0.110648 0.795833 0.162037 0.101042
1 0.607407 0.795573 0.785185 0.044271
7 0.500000 0.935417 1.000000 0.129167
4 0.110648 0.943750 0.162037 0.101042
1 0.607407 0.943490 0.785185 0.044271