6 0.500000 0.087500 1.000000 0.087500
4 0.052778 0.087500 0.105556 0.087500
4 0.051852 0.087500 0.103704 0.058333
4 0.943056 0.087500 0.113889 0.087500
1 0.218519 0.087240 0.225926 0.044271
4 0.449074 0.185938 0.155556 0.087500
4 0.676389 0.185677 0.136111 0.076563
4 0.893981 0.185677 0.136111 0.076563
1 0.516204 0.546615 0.967593 0.064062
3 0.243056 0.377344 0.421296 0.236979
3 0.243056 0.377344 0.421296 0.236979
1 0.738426 0.276042 0.523148 0.034375
1 0.738426 0.310417 0.523148 0.034375
1 0.738426 0.344792 0.523148 0.034375
1 0.738426 0.381250 0.523148 0.027083
1 0.580556 0.452083 0.207407 0.087500
1 0.154167 0.632292 0.178704 0.034375
1 0.239352 0.703646 0.349074 0.034375
1 0.222685 0.775000 0.315741 0.034375
1 0.979630 0.775000 0.040741 0.034375
1 0.171759 0.846354 0.213889 0.034375
1 0.195370 0.917708 0.261111 0.034375
1 0.218981 0.985938 0.308333 0.028125