6 0.500000 0.094792 1.000000 0.102083
3 0.090741 0.094792 0.181481 0.102083
1 0.453704 0.094531 0.518519 0.048438
7 0.500000 0.211979 1.000000 0.132292
1 0.187037 0.194792 0.270370 0.039583
1 0.491667 0.231771 0.879630 0.034375
7 0.500000 0.346354 1.000000 0.132292
1 0.196296 0.329167 0.288889 0.039583
1 0.414352 0.366146 0.725000 0.034375
7 0.500000 0.495573 1.000000 0.161979
1 0.325000 0.463542 0.546296 0.039583
1 0.525926 0.515365 0.948148 0.064062
1 0.500000 0.610417 1.000000 0.063542
7 0.500000 0.710417 1.000000 0.132292
1 0.228704 0.693229 0.353704 0.039583
1 0.458333 0.730208 0.812963 0.034375
7 0.500000 0.844792 1.000000 0.132292
1 0.285185 0.827604 0.466667 0.039583
1 0.305556 0.864583 0.507407 0.034375
1 0.500000 0.944792 1.000000 0.063542
7 0.500000 0.989323 1.000000 0.021354