4 0.068519 0.036458 0.103704 0.072917
4 0.079630 0.118750 0.125926 0.072917
3 0.182407 0.118750 0.072222 0.072917
1 0.549537 0.118750 0.339815 0.072917
1 0.836111 0.118750 0.233333 0.072917
3 0.555556 0.545833 0.888889 0.625000
1 0.624074 0.200260 0.751852 0.029687
1 0.502315 0.889844 0.419444 0.044271
1 0.824537 0.890625 0.225000 0.034375
4 0.968519 0.888802 0.062963 0.060937
1 0.435648 0.945312 0.228704 0.034375
1 0.775000 0.945312 0.450000 0.034375
1 0.435648 0.979688 0.228704 0.034375
1 0.775000 0.979688 0.450000 0.034375
1 0.435648 0.998437 0.228704 0.003125
1 0.775000 0.998437 0.450000 0.003125