7 0.500000 0.152604 1.000000 0.089583
1 0.503704 0.152604 0.877778 0.089583
7 0.500000 0.242708 1.000000 0.090625
1 0.503704 0.242708 0.877778 0.089583
1 0.500000 0.333333 1.000000 0.090625
7 0.500000 0.423958 1.000000 0.090625
1 0.503704 0.423958 0.877778 0.089583
7 0.500000 0.514583 1.000000 0.090625
1 0.503704 0.514583 0.877778 0.089583
7 0.500000 0.605208 1.000000 0.090625
1 0.503704 0.605208 0.877778 0.089583
1 0.500000 0.695833 1.000000 0.090625
1 0.593981 0.075781 0.812037 0.064062
4 0.113426 0.075781 0.087963 0.049479