9 0.500000 0.500000 1.000000 1.000000
7 0.500000 0.160417 1.000000 0.320833
4 0.875926 0.200521 0.248148 0.153125
7 0.500000 0.412500 1.000000 0.185417
1 0.440741 0.414062 0.622222 0.071875
7 0.500000 0.604688 1.000000 0.201042
1 0.280556 0.598437 0.301852 0.071875
7 0.500000 0.804688 1.000000 0.201042
1 0.522222 0.798438 0.785185 0.071875
7 0.500000 0.952083 1.000000 0.095833
1 0.319444 0.981250 0.379630 0.037500
6 0.500000 0.189583 1.000000 0.204167
3 0.175000 0.189583 0.220370 0.087500
4 0.609259 0.189062 0.648148 0.109375
7 0.500000 0.645833 1.000000 0.708333
3 0.500000 0.645833 1.000000 0.708333
7 0.500000 0.379167 1.000000 0.175000
1 0.500000 0.379167 1.000000 0.081250