2 0.048611 0.173177 0.097222 0.054688
6 0.500000 0.094792 1.000000 0.102083
4 0.090741 0.094792 0.181481 0.102083
1 0.439815 0.089583 0.412963 0.050000
4 0.980093 0.083854 0.039815 0.045833
3 0.666667 0.695833 0.648148 0.364583
9 0.500000 0.177865 1.000000 0.064062
1 0.876852 0.177865 0.233333 0.064062
1 0.111111 0.177604 0.179630 0.034375
1 0.356481 0.177604 0.135185 0.034375
1 0.616667 0.177604 0.209259 0.034375
1 0.499074 0.254688 0.900000 0.034375
8 0.344907 0.578646 0.623148 0.546875
3 0.344907 0.578646 0.623148 0.546875
8 0.838426 0.578646 0.323148 0.546875
8 0.344907 0.931771 0.623148 0.136458
3 0.344907 0.931771 0.623148 0.136458
8 0.838426 0.931771 0.323148 0.136458
3 0.838426 0.931771 0.323148 0.136458