9 0.500000 0.521875 1.000000 0.956250
6 0.500000 0.094792 1.000000 0.102083
1 0.102778 0.094531 0.101852 0.048438
4 0.946296 0.094792 0.107407 0.087500
1 0.179167 0.192188 0.306481 0.063542
1 0.260648 0.485417 0.469444 0.063542
1 0.969444 0.485417 0.061111 0.063542
1 0.655093 0.977865 0.689815 0.044271
7 0.207407 0.329688 0.311111 0.175000
1 0.207407 0.307031 0.244444 0.036979
1 0.207407 0.343490 0.233333 0.053646
7 0.537963 0.329688 0.324074 0.182292
1 0.537500 0.329688 0.187963 0.055208
4 0.648148 0.267708 0.077778 0.043750
7 0.850000 0.329688 0.300000 0.182292
1 0.862037 0.329688 0.212963 0.055208
4 0.966667 0.267708 0.066667 0.043750
1 0.525926 0.560937 0.948148 0.072917
1 0.525926 0.560937 0.948148 0.072917
7 0.217130 0.746094 0.330556 0.239063
3 0.216667 0.745833 0.311111 0.228125
3 0.110185 0.838021 0.038889 0.021875
1 0.199537 0.839063 0.113889 0.019792
1 0.216667 0.784896 0.259259 0.055208
7 0.586574 0.746094 0.330556 0.239063
1 0.586574 0.746094 0.180556 0.100521
7 0.885648 0.748698 0.228704 0.273438