7 0.842593 0.094792 0.314815 0.087500
1 0.868519 0.094792 0.262963 0.039583
7 0.842593 0.182292 0.314815 0.087500
1 0.868519 0.182292 0.262963 0.039583
4 0.842593 0.269792 0.314815 0.087500
1 0.868519 0.269792 0.262963 0.039583
7 0.842593 0.357292 0.314815 0.087500
1 0.868519 0.357292 0.262963 0.039583
7 0.842593 0.444792 0.314815 0.087500
1 0.868519 0.444792 0.262963 0.039583
7 0.842593 0.532292 0.314815 0.087500
1 0.868519 0.532292 0.262963 0.039583
7 0.842593 0.619792 0.314815 0.087500
1 0.868519 0.619792 0.262963 0.039583