9 0.453704 0.500000 0.907407 1.000000
1 0.453704 0.350000 0.907407 0.087500
1 0.453704 0.437500 0.907407 0.087500
3 0.453704 0.145573 0.700000 0.098437
6 0.500000 0.094792 1.000000 0.102083
1 0.429630 0.094531 0.392593 0.048438
3 0.090741 0.094792 0.181481 0.102083
8 0.512963 0.502604 0.974074 0.684375
1 0.270370 0.209375 0.385185 0.039583
1 0.283333 0.246354 0.411111 0.034375
3 0.512963 0.475000 0.974074 0.364583
1 0.301389 0.802604 0.499074 0.065625
1 0.154630 0.706250 0.153704 0.039583
1 0.129630 0.743229 0.103704 0.034375
1 0.792593 0.706250 0.131481 0.039583
1 0.777778 0.743229 0.101852 0.034375
1 0.512963 0.929688 0.974074 0.140625