2 0.100463 0.092969 0.200926 0.091146
1 0.600463 0.092708 0.799074 0.072917
7 0.500000 0.218490 1.000000 0.166146
3 0.167130 0.223177 0.236111 0.113021
1 0.530556 0.188802 0.457407 0.044271
1 0.650926 0.245312 0.698148 0.068750
7 0.500000 0.389323 1.000000 0.156771
3 0.167130 0.389323 0.236111 0.113021
1 0.492593 0.354948 0.381481 0.044271
1 0.650926 0.411458 0.698148 0.068750
7 0.500000 0.555469 1.000000 0.156771
3 0.167130 0.555469 0.236111 0.113021
1 0.387500 0.521094 0.171296 0.044271
1 0.650926 0.577604 0.698148 0.068750
7 0.500000 0.721615 1.000000 0.156771
3 0.167130 0.721615 0.236111 0.113021
1 0.389352 0.687240 0.175000 0.044271
1 0.650926 0.743750 0.698148 0.068750
7 0.500000 0.887760 1.000000 0.156771
4 0.167130 0.887760 0.236111 0.113021
1 0.543519 0.853385 0.483333 0.044271
1 0.650926 0.909896 0.698148 0.068750
7 0.500000 0.987760 1.000000 0.024479
3 0.167130 0.998698 0.236111 0.002604
1 0.528704 0.998698 0.453704 0.002604