3 0.073148 0.084896 0.146296 0.082292
1 0.666667 0.084635 0.448148 0.044271
1 0.269444 0.188802 0.459259 0.044271
2 0.519907 0.242969 0.960185 0.064062
1 0.129167 0.321094 0.178704 0.044271
2 0.519907 0.375260 0.960185 0.064062
1 0.118056 0.453385 0.156481 0.044271
1 0.519907 0.507552 0.960185 0.064062
1 0.528241 0.775260 0.943519 0.100521
3 0.450000 0.592187 0.081481 0.045833
1 0.167593 0.655990 0.255556 0.044271
3 0.368519 0.656250 0.081481 0.045833
1 0.172685 0.591927 0.265741 0.044271
3 0.344444 0.591667 0.064815 0.036458