3 0.500000 0.500000 1.000000 1.000000
3 0.500000 0.500000 1.000000 1.000000
8 0.516667 0.204167 0.966667 0.202083
2 0.707407 0.204167 0.585185 0.175000
4 0.233333 0.204167 0.155556 0.087500
7 0.500000 0.441667 1.000000 0.314583
8 0.516667 0.441667 0.966667 0.314583
1 0.525926 0.468750 0.948148 0.233333
7 0.544444 0.301563 0.881481 0.034375
1 0.544444 0.286979 0.777778 0.005208
7 0.992593 0.301563 0.014815 0.034375
7 0.500000 0.799479 1.000000 0.401042
8 0.516667 0.801562 0.966667 0.396875
7 0.544444 0.956250 0.881481 0.087500
3 0.544444 0.970833 0.777778 0.058333
3 0.544444 0.970833 0.777778 0.058333
7 0.992593 0.956250 0.014815 0.087500
1 0.351852 0.747917 0.600000 0.064583