6 0.500000 0.098437 1.000000 0.109375
3 0.235648 0.094792 0.471296 0.102083
4 0.959259 0.094792 0.081481 0.087500
9 0.388889 0.613021 0.777778 0.773958
7 0.388889 0.262500 0.777778 0.072917
1 0.388889 0.262240 0.751852 0.044271
7 0.388889 0.339062 0.777778 0.072917
1 0.388889 0.338802 0.751852 0.044271
7 0.388889 0.427604 0.777778 0.096875
1 0.388889 0.401302 0.751852 0.044271
1 0.126852 0.440625 0.227778 0.034375
7 0.388889 0.528125 0.777778 0.096875
1 0.388889 0.501823 0.751852 0.044271
1 0.126852 0.541146 0.227778 0.034375
7 0.388889 0.628646 0.777778 0.096875
1 0.388889 0.602344 0.751852 0.044271
1 0.113889 0.641667 0.201852 0.034375
7 0.388889 0.717187 0.777778 0.072917
1 0.388889 0.716927 0.751852 0.044271
7 0.388889 0.793750 0.777778 0.072917
1 0.388889 0.793490 0.751852 0.044271
7 0.388889 0.870313 0.777778 0.072917
1 0.388889 0.870052 0.751852 0.044271
7 0.388889 0.946875 0.777778 0.072917
1 0.388889 0.946615 0.751852 0.044271
7 0.388889 0.993490 0.777778 0.013021
1 0.512963 0.189583 0.974074 0.034375
7 0.888889 0.329167 0.222222 0.206250
3 0.888889 0.329167 0.222222 0.177083
7 0.888889 0.539062 0.222222 0.206250
3 0.888889 0.539062 0.222222 0.177083
7 0.888889 0.748958 0.222222 0.206250
3 0.888889 0.748958 0.222222 0.177083
7 0.888889 0.927865 0.222222 0.144271
3 0.888889 0.935156 0.222222 0.129688