1 0.500000 0.495833 1.000000 0.175000
1 0.500000 0.733333 1.000000 0.175000
1 0.500000 0.908333 1.000000 0.175000
6 0.500000 0.189583 1.000000 0.204167
1 0.733333 0.189062 0.533333 0.096875
4 0.181481 0.189583 0.362963 0.204167
1 0.759259 0.233333 0.481481 0.175000
4 0.259259 0.233333 0.311111 0.175000
7 0.500000 0.412500 1.000000 0.241667
1 0.962963 0.387500 0.074074 0.175000
7 0.500000 0.620833 1.000000 0.175000
1 0.500000 0.621875 1.000000 0.172917
7 0.500000 0.854167 1.000000 0.291667
3 0.233333 0.839583 0.259259 0.145833
1 0.733333 0.806250 0.533333 0.079167
1 0.733333 0.880208 0.533333 0.068750
1 0.733333 0.948958 0.533333 0.068750
1 0.694444 0.991667 0.455556 0.016667