4 0.056944 0.085156 0.113889 0.064062
1 0.556944 0.088021 0.886111 0.069792
3 0.222222 0.979948 0.444444 0.040104
3 0.666667 0.979948 0.444444 0.040104
3 0.944444 0.979948 0.111111 0.040104
1 0.046296 0.177865 0.064815 0.065104
1 0.157870 0.185417 0.158333 0.045833
1 0.078704 0.307552 0.064815 0.065104
1 0.261111 0.315104 0.300000 0.045833
1 0.106019 0.437240 0.063889 0.065104
1 0.210648 0.444792 0.145370 0.045833
1 0.154630 0.566927 0.068519 0.065104
1 0.278704 0.574479 0.179630 0.045833
1 0.199074 0.696615 0.064815 0.065104
1 0.381481 0.704167 0.300000 0.045833
1 0.245370 0.826823 0.064815 0.065104
1 0.455093 0.834375 0.354630 0.045833
1 0.290741 0.957031 0.062963 0.065104
1 0.396759 0.964583 0.149074 0.045833