6 0.500000 0.087500 1.000000 0.087500
3 0.021759 0.087760 0.043519 0.024479
3 0.083333 0.087500 0.103704 0.058333
1 0.554630 0.087500 0.812963 0.056250
9 0.388889 0.565625 0.777778 0.868750
7 0.388889 0.188021 0.777778 0.113542
4 0.111111 0.188021 0.111111 0.062500
1 0.326389 0.187760 0.208333 0.061979
7 0.388889 0.303646 0.777778 0.113542
4 0.111111 0.303646 0.111111 0.062500
1 0.355093 0.303385 0.299074 0.061979
1 0.621759 0.303646 0.234259 0.069792
7 0.388889 0.419271 0.777778 0.113542
3 0.111111 0.419271 0.111111 0.062500
1 0.417593 0.419010 0.424074 0.061979
1 0.684259 0.419271 0.109259 0.069792
7 0.388889 0.534896 0.777778 0.113542
4 0.111111 0.534896 0.111111 0.062500
1 0.344444 0.534635 0.277778 0.061979
1 0.593981 0.534635 0.221296 0.061979
7 0.388889 0.650521 0.777778 0.113542
3 0.111111 0.650521 0.111111 0.062500
1 0.272222 0.650260 0.133333 0.061979
1 0.497222 0.650260 0.316667 0.061979
7 0.388889 0.766146 0.777778 0.113542
4 0.111111 0.766146 0.111111 0.062500
1 0.296759 0.765885 0.182407 0.061979
1 0.549074 0.765885 0.322222 0.061979
1 0.516204 0.171875 0.967593 0.044792
7 0.516204 0.336719 0.967593 0.284896
1 0.519444 0.261458 0.961111 0.127083
1 0.519444 0.347396 0.961111 0.044792
1 0.519444 0.431771 0.961111 0.087500