3 0.100000 0.080208 0.200000 0.072917
1 0.333333 0.080208 0.266667 0.072917
1 0.733333 0.080208 0.533333 0.072917
7 0.500000 0.201563 1.000000 0.169792
1 0.025000 0.126823 0.042593 0.020313
1 0.523148 0.164844 0.953704 0.096354
1 0.548611 0.249740 0.902778 0.073438
7 0.500000 0.380208 1.000000 0.188542
1 0.025000 0.305469 0.042593 0.039062
1 0.523148 0.343490 0.953704 0.115104
1 0.548611 0.437760 0.902778 0.073438
7 0.500000 0.604427 1.000000 0.260937
1 0.025000 0.493490 0.042593 0.039062
1 0.523148 0.550521 0.953704 0.153125
1 0.548611 0.680990 0.902778 0.107813
7 0.500000 0.809635 1.000000 0.150521
1 0.025000 0.753906 0.042593 0.039062
1 0.523148 0.772917 0.953704 0.077083
1 0.548611 0.848177 0.902778 0.073438
7 0.500000 0.942187 1.000000 0.115625
1 0.025000 0.903906 0.042593 0.039062
1 0.523148 0.941927 0.953704 0.115104