7 0.500000 0.566667 1.000000 0.866667
1 0.164352 0.184375 0.263889 0.072917
1 0.666667 0.825521 0.457407 0.072917
3 0.500000 0.140625 1.000000 0.014583
1 0.516204 0.496875 0.967593 0.070833
3 0.500000 0.869271 1.000000 0.014583
1 0.516204 0.933854 0.967593 0.070833
3 0.242593 0.636979 0.420370 0.172917
3 0.669444 0.636979 0.420370 0.172917
3 0.943056 0.636979 0.113889 0.172917
1 0.063889 0.753906 0.062963 0.024479
1 0.272222 0.753906 0.320370 0.021354
1 0.515741 0.753646 0.088889 0.021875
3 0.516204 0.993750 0.967593 0.012500
1 0.440278 0.293229 0.815741 0.098958
3 0.940278 0.330208 0.119444 0.172917
1 0.063889 0.404427 0.062963 0.024479
1 0.167593 0.403385 0.111111 0.021354
1 0.306481 0.403646 0.088889 0.021875
4 0.828704 0.405729 0.038889 0.021875
1 0.506481 0.088542 0.198148 0.089583
1 0.130556 0.088542 0.240741 0.054167
1 0.329167 0.088542 0.156481 0.054167
1 0.676852 0.088542 0.142593 0.054167
1 0.850000 0.088542 0.203704 0.054167
1 0.975926 0.088542 0.048148 0.054167