6 0.500000 0.189583 1.000000 0.204167
4 0.181481 0.189583 0.362963 0.204167
1 0.637037 0.189062 0.340741 0.096875
9 0.500000 0.543750 1.000000 0.912500
1 0.500000 0.379167 1.000000 0.175000
1 0.500000 0.553125 1.000000 0.175000
1 0.500000 0.727083 1.000000 0.175000
1 0.500000 0.901042 1.000000 0.175000
1 0.500000 0.993750 1.000000 0.012500
9 0.500000 0.379167 1.000000 0.175000
1 0.333333 0.379167 0.300000 0.068750
1 0.908333 0.379167 0.183333 0.068750
7 0.500000 0.554688 1.000000 0.176042
4 0.233333 0.554167 0.207407 0.116667
1 0.649074 0.554167 0.557407 0.079167
7 0.500000 0.554688 1.000000 0.176042
4 0.233333 0.554167 0.207407 0.116667
1 0.649074 0.554167 0.557407 0.079167