6 0.500000 0.087500 1.000000 0.087500
1 0.368981 0.087240 0.271296 0.048438
4 0.090741 0.087500 0.181481 0.087500
9 0.426389 0.521875 0.852778 0.956250
7 0.426389 0.171615 0.852778 0.080729
1 0.415278 0.171615 0.810185 0.029687
7 0.426389 0.259635 0.852778 0.091146
1 0.194444 0.259635 0.388889 0.091146
1 0.622685 0.259635 0.460185 0.091146
7 0.426389 0.347656 0.852778 0.080729
1 0.415278 0.347656 0.810185 0.029687
7 0.426389 0.440365 0.852778 0.100521
3 0.055556 0.440365 0.090741 0.049479
1 0.420833 0.444531 0.562037 0.044271
7 0.426389 0.542969 0.852778 0.100521
3 0.055556 0.542969 0.090741 0.049479
1 0.420833 0.547135 0.562037 0.044271
7 0.426389 0.645573 0.852778 0.100521
3 0.052315 0.644531 0.084259 0.047396
1 0.417593 0.649740 0.568519 0.044271
7 0.426389 0.748177 0.852778 0.100521
3 0.055556 0.748177 0.090741 0.049479
1 0.420833 0.752344 0.562037 0.044271
7 0.426389 0.850781 0.852778 0.100521
3 0.055556 0.850781 0.090741 0.049479
1 0.420833 0.854948 0.562037 0.044271
7 0.426389 0.943490 0.852778 0.080729
1 0.415278 0.943490 0.810185 0.029687
7 0.426389 0.992969 0.852778 0.014063
3 0.500000 0.521875 1.000000 0.956250
1 0.666667 0.969531 0.412963 0.052604
3 0.500000 0.250260 1.000000 0.121354
4 0.666204 0.641927 0.202778 0.113021
1 0.665741 0.740104 0.112963 0.054167
3 0.974537 0.641927 0.050926 0.113021
1 0.995833 0.740104 0.008333 0.054167
4 0.281944 0.641927 0.202778 0.113021
1 0.281944 0.740104 0.189815 0.054167