6 0.500000 0.094792 1.000000 0.102083
1 0.134259 0.094531 0.164815 0.048438
9 0.500000 0.189583 1.000000 0.087500
1 0.138889 0.189583 0.277778 0.087500
1 0.438889 0.189583 0.322222 0.087500
1 0.792593 0.189583 0.385185 0.087500
1 0.992593 0.189583 0.014815 0.087500
8 0.512963 0.407552 0.974074 0.319271
3 0.875000 0.363802 0.250000 0.173437
1 0.420370 0.306250 0.659259 0.058333
1 0.420370 0.383594 0.659259 0.067187
1 0.316204 0.508854 0.528704 0.087500
1 0.723148 0.508854 0.285185 0.087500
7 0.500000 0.756771 1.000000 0.350000
3 0.500000 0.756771 1.000000 0.350000
7 0.500000 0.965885 1.000000 0.068229
1 0.525926 0.978125 0.948148 0.034375