3 0.500000 0.500000 1.000000 1.000000
1 0.666204 0.050781 0.556481 0.053646
1 0.666667 0.104427 0.629630 0.053646
7 0.500000 0.205990 1.000000 0.113021
3 0.100463 0.205990 0.162037 0.091146
1 0.606944 0.205990 0.786111 0.091146
7 0.500000 0.320052 1.000000 0.113021
3 0.100463 0.320052 0.162037 0.091146
1 0.606944 0.320052 0.786111 0.091146
7 0.500000 0.434115 1.000000 0.113021
3 0.100463 0.434115 0.162037 0.091146
1 0.606944 0.434115 0.786111 0.091146
7 0.500000 0.548177 1.000000 0.113021
3 0.100463 0.548177 0.162037 0.091146
1 0.606944 0.548177 0.786111 0.091146
7 0.500000 0.662240 1.000000 0.113021
3 0.100463 0.662240 0.162037 0.091146
1 0.606944 0.662240 0.786111 0.091146
7 0.500000 0.776302 1.000000 0.113021
3 0.100463 0.776302 0.162037 0.091146
1 0.606944 0.776302 0.786111 0.091146
7 0.500000 0.890365 1.000000 0.113021
3 0.100463 0.890365 0.162037 0.091146
1 0.606944 0.890365 0.786111 0.091146
7 0.500000 0.973958 1.000000 0.052083
3 0.100463 0.979427 0.162037 0.041146
1 0.606944 0.979427 0.786111 0.041146