6 0.500000 0.094792 1.000000 0.102083
4 0.090741 0.094792 0.181481 0.102083
9 0.479630 0.572917 0.959259 0.854167
1 0.479630 0.189583 0.959259 0.087500
1 0.479630 0.279687 0.959259 0.087500
7 0.479630 0.369792 0.959259 0.087500
1 0.479630 0.369792 0.855556 0.050000
1 0.479630 0.459896 0.959259 0.087500
7 0.479630 0.550000 0.959259 0.087500
1 0.479630 0.550000 0.855556 0.050000
1 0.479630 0.640104 0.959259 0.087500
1 0.666204 0.650260 0.365741 0.049479
3 0.500000 0.233333 1.000000 0.014583
3 0.103704 0.185938 0.103704 0.058333
1 0.666667 0.185677 0.520370 0.045312