1 0.939352 0.356771 0.121296 0.087500
7 0.500000 0.460156 1.000000 0.104688
7 0.116667 0.460156 0.233333 0.104688
3 0.116667 0.456510 0.207407 0.097396
1 0.116667 0.488542 0.127778 0.033333
7 0.350000 0.460156 0.233333 0.104688
3 0.350000 0.456510 0.207407 0.097396
1 0.350000 0.488542 0.111111 0.033333
7 0.583333 0.460156 0.233333 0.104688
3 0.583333 0.456510 0.207407 0.097396
1 0.583333 0.488542 0.111111 0.033333
7 0.816667 0.460156 0.233333 0.104688
3 0.816667 0.456510 0.207407 0.097396
1 0.816667 0.488542 0.146296 0.033333
7 0.966667 0.460156 0.066667 0.104688
3 0.973148 0.456510 0.053704 0.097396
1 0.990741 0.488542 0.018519 0.033333
7 0.500000 0.553385 1.000000 0.077604
1 0.232870 0.553125 0.413889 0.034375
7 0.500000 0.633073 1.000000 0.077604
1 0.141204 0.632812 0.230556 0.034375
7 0.500000 0.740104 1.000000 0.132292
5 0.058333 0.740104 0.103704 0.058333
1 0.279630 0.722917 0.272222 0.039583
1 0.424537 0.759896 0.562037 0.034375
7 0.500000 0.874479 1.000000 0.132292
5 0.058333 0.874479 0.103704 0.058333
1 0.239352 0.857292 0.191667 0.039583
1 0.501389 0.894271 0.715741 0.034375
7 0.500000 0.971354 1.000000 0.057292
1 0.151852 0.985938 0.200000 0.028125