3 0.666204 0.079427 0.302778 0.027604
8 0.500000 0.144531 1.000000 0.058854
4 0.078241 0.079427 0.084259 0.047396
7 0.500000 0.211979 1.000000 0.073958
3 0.184722 0.201042 0.291667 0.052083
7 0.500000 0.332031 1.000000 0.166146
3 0.184722 0.332031 0.291667 0.122396
1 0.684722 0.308073 0.630556 0.081771
7 0.500000 0.498177 1.000000 0.166146
3 0.184722 0.498177 0.291667 0.122396
3 0.184722 0.498177 0.097222 0.054688
1 0.684722 0.453646 0.630556 0.040625
7 0.500000 0.664323 1.000000 0.166146
3 0.184722 0.664323 0.291667 0.122396
1 0.684722 0.640365 0.630556 0.081771
7 0.500000 0.830469 1.000000 0.166146
3 0.184722 0.830469 0.291667 0.122396
1 0.684722 0.806510 0.630556 0.081771
7 0.500000 0.956771 1.000000 0.086458
3 0.184722 0.967708 0.291667 0.064583
1 0.684722 0.952083 0.630556 0.040625