1 0.325926 0.094531 0.262963 0.044271
4 0.090741 0.094792 0.181481 0.102083
4 0.972685 0.094531 0.054630 0.054688
1 0.475463 0.184635 0.899074 0.048438
4 0.962500 0.188802 0.075000 0.056771
7 0.500000 0.615885 1.000000 0.768229
7 0.500000 0.573958 1.000000 0.680208
1 0.077778 0.876302 0.044444 0.034896
1 0.238426 0.876302 0.276852 0.034896
4 0.424074 0.876302 0.068519 0.034896
3 0.139352 0.312240 0.162037 0.091146
1 0.613426 0.311979 0.773148 0.039583
1 0.525926 0.408333 0.948148 0.093750
3 0.532407 0.650521 0.935185 0.376042
7 0.500000 0.958073 1.000000 0.083854
3 0.139352 0.974479 0.162037 0.051042
1 0.613426 0.987240 0.773148 0.025521