6 0.500000 0.189583 1.000000 0.204167
1 0.733333 0.189062 0.533333 0.096875
4 0.181481 0.189583 0.362963 0.204167
4 0.748148 0.350000 0.311111 0.116667
1 0.951852 0.350000 0.096296 0.116667
8 0.512963 0.517708 0.974074 0.175000
2 0.512963 0.521354 0.974074 0.088542
7 0.512963 0.712500 0.974074 0.127083
1 0.532407 0.727083 0.935185 0.097917
7 0.512963 0.874479 0.974074 0.196875
2 0.208333 0.873958 0.350000 0.175000
1 0.456481 0.844792 0.187037 0.079167
1 0.457407 0.914062 0.188889 0.059375
7 0.512963 0.986458 0.974074 0.027083