6 0.500000 0.087500 1.000000 0.087500
4 0.698148 0.087500 0.181481 0.087500
3 0.879630 0.087500 0.181481 0.087500
4 0.985185 0.087500 0.029630 0.087500
3 0.025926 0.087500 0.051852 0.029167
4 0.091667 0.087500 0.103704 0.058333
9 0.453704 0.565625 0.907407 0.868750
1 0.453704 0.175000 0.907407 0.087500
7 0.453704 0.262500 0.907407 0.087500
1 0.382407 0.262500 0.687037 0.039583
7 0.453704 0.350000 0.907407 0.087500
1 0.473148 0.378906 0.868519 0.029687
7 0.453704 0.437500 0.907407 0.087500
1 0.382407 0.437500 0.687037 0.039583
7 0.453704 0.525000 0.907407 0.087500
1 0.382407 0.525000 0.687037 0.039583
7 0.453704 0.612500 0.907407 0.087500
1 0.382407 0.612500 0.687037 0.039583
7 0.453704 0.700000 0.907407 0.087500
1 0.382407 0.700000 0.687037 0.039583
7 0.453704 0.787500 0.907407 0.087500
1 0.382407 0.787500 0.687037 0.039583
7 0.453704 0.875000 0.907407 0.087500
1 0.382407 0.875000 0.687037 0.039583
7 0.453704 0.959375 0.907407 0.081250
1 0.382407 0.962500 0.687037 0.039583
7 0.500000 0.212240 1.000000 0.161979
3 0.097222 0.183594 0.194444 0.104688
1 0.477315 0.150000 0.475000 0.032292
1 0.619907 0.206250 0.760185 0.080208
3 0.256019 0.266146 0.032407 0.025000
1 0.360648 0.266146 0.143519 0.025000
7 0.500000 0.376563 1.000000 0.166667
3 0.097222 0.347917 0.194444 0.109375
1 0.434722 0.316667 0.389815 0.032292
1 0.619907 0.372917 0.760185 0.080208
3 0.256019 0.432812 0.032407 0.025000
1 0.360648 0.432812 0.143519 0.025000
7 0.500000 0.594271 1.000000 0.268750
1 0.500000 0.525521 1.000000 0.072917
3 0.097222 0.616667 0.194444 0.109375
1 0.552778 0.585417 0.625926 0.032292
1 0.619907 0.641667 0.760185 0.080208
3 0.256019 0.701562 0.032407 0.025000
1 0.360648 0.701562 0.143519 0.025000
7 0.500000 0.863021 1.000000 0.268750
1 0.500000 0.794271 1.000000 0.072917
4 0.097222 0.885417 0.194444 0.109375
1 0.401389 0.854167 0.323148 0.032292
1 0.619907 0.910417 0.760185 0.080208
3 0.256019 0.970313 0.032407 0.025000
1 0.361111 0.970313 0.144444 0.025000
7 0.500000 0.998698 1.000000 0.002604