1 0.025463 0.131250 0.034259 0.039583
1 0.076389 0.131250 0.032407 0.039583
1 0.126852 0.131250 0.033333 0.039583
1 0.178241 0.131250 0.034259 0.039583
1 0.228704 0.131250 0.029630 0.039583
1 0.280093 0.131250 0.028704 0.039583
1 0.330556 0.131250 0.035185 0.039583
1 0.381481 0.131250 0.037037 0.039583
1 0.432870 0.131250 0.013889 0.039583
1 0.483796 0.131250 0.028704 0.039583
1 0.534722 0.131250 0.032407 0.039583
1 0.585185 0.131250 0.027778 0.039583
1 0.636574 0.131250 0.045370 0.039583
1 0.687037 0.131250 0.037037 0.039583
1 0.738426 0.131250 0.036111 0.039583
1 0.789352 0.131250 0.032407 0.039583
1 0.840278 0.131250 0.036111 0.039583
1 0.892593 0.131250 0.031481 0.039583
1 0.943981 0.131250 0.030556 0.039583
1 0.990278 0.131250 0.019444 0.039583
4 0.077778 0.204167 0.155556 0.087500
1 0.473148 0.203906 0.635185 0.050521
3 0.077778 0.291667 0.155556 0.087500
1 0.473148 0.291406 0.635185 0.050521
4 0.077778 0.379167 0.155556 0.087500
1 0.473148 0.378906 0.635185 0.050521
4 0.077778 0.466667 0.155556 0.087500
1 0.473148 0.466406 0.635185 0.050521
4 0.077778 0.554167 0.155556 0.087500
1 0.473148 0.553906 0.635185 0.050521
3 0.077778 0.641667 0.155556 0.087500
1 0.473148 0.641406 0.635185 0.050521
4 0.077778 0.729167 0.155556 0.087500
1 0.473148 0.728906 0.635185 0.050521
3 0.077778 0.816667 0.155556 0.087500
1 0.473148 0.816406 0.635185 0.050521
4 0.077778 0.904167 0.155556 0.087500
1 0.473148 0.903906 0.635185 0.050521
4 0.077778 0.973958 0.155556 0.052083
1 0.473148 0.983073 0.635185 0.033854