1 0.562037 0.110677 0.875926 0.063021
1 0.305093 0.333333 0.341667 0.034375
1 0.667130 0.333333 0.341667 0.034375
1 0.929167 0.333333 0.141667 0.034375
1 0.305093 0.547396 0.341667 0.034375
1 0.667130 0.547396 0.341667 0.034375
1 0.929167 0.547396 0.141667 0.034375
1 0.305093 0.761458 0.341667 0.034375
1 0.667130 0.761458 0.341667 0.034375
1 0.929167 0.761458 0.141667 0.034375
1 0.305093 0.975521 0.341667 0.034375
1 0.667130 0.975521 0.341667 0.034375
1 0.929167 0.975521 0.141667 0.034375
3 0.305093 0.232031 0.341667 0.168229
3 0.667130 0.232031 0.341667 0.168229
3 0.929167 0.232031 0.141667 0.168229
3 0.305093 0.446094 0.341667 0.168229
3 0.667130 0.446094 0.341667 0.168229
3 0.929167 0.446094 0.141667 0.168229
3 0.305093 0.660156 0.341667 0.168229
3 0.667130 0.660156 0.341667 0.168229
3 0.929167 0.660156 0.141667 0.168229
3 0.305093 0.874219 0.341667 0.168229
3 0.667130 0.874219 0.341667 0.168229
3 0.929167 0.874219 0.141667 0.168229