9 0.500000 0.500000 1.000000 1.000000
1 0.500000 0.641667 1.000000 0.175000
1 0.500000 0.816667 1.000000 0.175000
1 0.500000 0.952083 1.000000 0.095833
1 0.551852 0.454167 0.896296 0.083333
1 0.551852 0.378125 0.896296 0.068750
6 0.500000 0.189583 1.000000 0.204167
1 0.676852 0.189062 0.420370 0.096875
3 0.181481 0.189583 0.362963 0.204167
9 0.500000 0.379167 1.000000 0.175000
1 0.252778 0.379167 0.505556 0.175000
1 0.752778 0.379167 0.494444 0.175000
2 0.551852 0.578125 0.896296 0.164583
8 0.461111 0.852083 0.818519 0.295833
3 0.461111 0.852083 0.818519 0.295833
8 0.961111 0.852083 0.077778 0.295833
3 0.961111 0.852083 0.077778 0.295833