6 0.500000 0.094792 1.000000 0.102083
4 0.090741 0.094792 0.181481 0.102083
1 0.341204 0.094531 0.215741 0.048438
3 0.500000 0.521875 1.000000 0.956250
9 0.500000 0.521875 1.000000 0.956250
3 0.525926 0.218750 0.948148 0.145833
7 0.525926 0.354948 0.948148 0.090104
1 0.525926 0.354948 0.948148 0.090104
7 0.525926 0.454427 0.948148 0.090104
1 0.450000 0.454427 0.796296 0.090104
1 0.924074 0.454427 0.151852 0.090104
7 0.525926 0.553906 0.948148 0.090104
1 0.450000 0.553906 0.796296 0.090104
1 0.924074 0.553906 0.151852 0.090104
7 0.525926 0.653385 0.948148 0.090104
1 0.450000 0.653385 0.796296 0.090104
1 0.924074 0.653385 0.151852 0.090104
7 0.525926 0.752865 0.948148 0.090104
1 0.450000 0.752865 0.796296 0.090104
1 0.924074 0.752865 0.151852 0.090104
7 0.525926 0.852344 0.948148 0.090104
1 0.525926 0.852344 0.948148 0.090104
7 0.525926 0.951823 0.948148 0.090104
1 0.450000 0.951823 0.796296 0.090104
1 0.924074 0.951823 0.151852 0.090104