6 0.500000 0.087500 1.000000 0.087500
4 0.041667 0.087500 0.083333 0.087500
4 0.040741 0.087500 0.081481 0.021875
2 0.269907 0.087500 0.178704 0.087500
1 0.500000 0.162500 1.000000 0.036458
2 0.532407 0.724479 0.935185 0.058333
7 0.500000 0.247656 1.000000 0.115104
1 0.235185 0.236198 0.405556 0.051562
1 0.866204 0.245052 0.267593 0.091146
7 0.500000 0.363802 1.000000 0.115104
1 0.235185 0.352344 0.405556 0.051562
1 0.866204 0.361198 0.267593 0.091146
7 0.500000 0.479948 1.000000 0.115104
1 0.235185 0.468490 0.405556 0.051562
1 0.866204 0.477344 0.267593 0.091146
1 0.207407 0.790885 0.285185 0.030729
1 0.532870 0.790885 0.365741 0.030729
1 0.724537 0.790625 0.017593 0.030208
3 0.907407 0.959896 0.185185 0.072917
3 0.132870 0.959896 0.200926 0.060417
1 0.443981 0.959896 0.421296 0.031250