6 0.500000 0.087500 1.000000 0.087500
4 0.041667 0.087500 0.083333 0.087500
4 0.040741 0.087500 0.081481 0.021875
2 0.269907 0.087500 0.178704 0.087500
1 0.500000 0.171354 1.000000 0.072917
7 0.508333 0.337760 0.983333 0.259896
1 0.516667 0.251042 0.966667 0.031250
3 0.276389 0.367188 0.486111 0.182292
1 0.776389 0.314583 0.447222 0.026042
7 0.508333 0.603385 0.983333 0.259896
1 0.516667 0.516667 0.966667 0.031250
3 0.276389 0.632812 0.486111 0.182292
1 0.776389 0.601562 0.447222 0.068750
7 0.508333 0.869010 0.983333 0.259896
1 0.516667 0.782292 0.966667 0.031250
3 0.276389 0.898438 0.486111 0.182292
1 0.776389 0.867188 0.447222 0.068750