1 0.574074 0.344531 0.851852 0.039062
1 0.411574 0.386719 0.267593 0.031771
1 0.638889 0.754167 0.722222 0.087500
1 0.418056 0.441927 0.280556 0.031771
1 0.614352 0.441927 0.078704 0.031771
1 0.466667 0.469010 0.377778 0.031771
1 0.361574 0.525781 0.167593 0.032813
1 0.620833 0.525521 0.317593 0.034375
1 0.337963 0.674740 0.120370 0.034896
1 0.583796 0.675000 0.363889 0.034375
1 0.418056 0.626823 0.280556 0.042188
1 0.577778 0.632031 0.018519 0.031771
1 0.571296 0.569531 0.587037 0.034896
1 0.638889 0.414323 0.722222 0.031771