6 0.500000 0.094792 1.000000 0.102083
1 0.343056 0.094531 0.297222 0.048438
4 0.090741 0.094792 0.181481 0.102083
7 0.500000 0.247917 1.000000 0.204167
1 0.525926 0.198698 0.948148 0.105729
3 0.110185 0.302604 0.116667 0.065625
1 0.187963 0.302604 0.025926 0.065625
3 0.298148 0.302604 0.116667 0.065625
1 0.388889 0.302604 0.051852 0.065625
7 0.500000 0.448958 1.000000 0.194792
1 0.078704 0.386979 0.053704 0.034375
1 0.525926 0.467187 0.948148 0.121875
7 0.500000 0.604167 1.000000 0.112500
1 0.078704 0.583333 0.053704 0.034375
1 0.246759 0.583333 0.249074 0.034375
1 0.525926 0.622396 0.948148 0.039583
7 0.500000 0.718229 1.000000 0.112500
1 0.078704 0.697396 0.053704 0.034375
1 0.253704 0.697396 0.262963 0.034375
1 0.525926 0.736458 0.948148 0.039583
7 0.500000 0.852865 1.000000 0.153646
1 0.078704 0.811458 0.053704 0.034375
1 0.246759 0.811458 0.249074 0.034375
1 0.525926 0.871094 0.948148 0.080729
7 0.500000 0.965625 1.000000 0.068750
1 0.078704 0.966667 0.053704 0.034375
1 0.253704 0.966667 0.262963 0.034375
1 0.525926 0.992969 0.948148 0.014063