3 0.500000 0.109896 1.000000 0.073958
7 0.500000 0.228646 1.000000 0.105208
1 0.525926 0.211979 0.948148 0.042708
1 0.525926 0.250000 0.948148 0.033333
7 0.500000 0.333333 1.000000 0.105208
1 0.525926 0.316667 0.948148 0.042708
1 0.525926 0.354687 0.948148 0.033333
7 0.500000 0.438021 1.000000 0.105208
1 0.525926 0.421354 0.948148 0.042708
1 0.525926 0.459375 0.948148 0.033333
7 0.500000 0.542708 1.000000 0.105208
1 0.525926 0.526042 0.948148 0.042708
1 0.525926 0.564063 0.948148 0.033333
7 0.500000 0.647396 1.000000 0.105208
1 0.525926 0.630729 0.948148 0.042708
1 0.525926 0.668750 0.948148 0.033333
7 0.500000 0.768750 1.000000 0.138542
1 0.525926 0.735417 0.948148 0.042708
1 0.525926 0.790104 0.948148 0.066667
7 0.500000 0.906771 1.000000 0.138542
1 0.525926 0.873437 0.948148 0.042708
1 0.525926 0.928125 0.948148 0.066667
7 0.500000 0.987760 1.000000 0.024479
1 0.525926 0.995052 0.948148 0.009896