7 0.500000 0.103646 1.000000 0.207292
3 0.574074 0.103646 0.851852 0.207292
7 0.500000 0.232031 1.000000 0.048438
1 0.083796 0.232031 0.102778 0.048438
7 0.500000 0.298698 1.000000 0.083854
4 0.071296 0.298958 0.051852 0.036458
1 0.284722 0.298698 0.323148 0.083854
7 0.500000 0.383073 1.000000 0.083854
3 0.159259 0.383333 0.025926 0.036458
3 0.207407 0.383333 0.051852 0.036458
1 0.380556 0.383073 0.242593 0.083854
7 0.500000 0.467448 1.000000 0.083854
3 0.071296 0.467708 0.051852 0.036458
1 0.316667 0.467448 0.387037 0.083854
7 0.500000 0.551823 1.000000 0.083854
4 0.159259 0.552083 0.025926 0.036458
3 0.207407 0.552083 0.051852 0.036458
1 0.380556 0.551823 0.242593 0.083854
7 0.500000 0.636198 1.000000 0.083854
3 0.023148 0.636458 0.025926 0.036458
4 0.071296 0.636458 0.051852 0.036458
1 0.311111 0.636198 0.375926 0.083854
7 0.500000 0.720573 1.000000 0.083854
3 0.159259 0.720833 0.025926 0.036458
3 0.207407 0.720833 0.051852 0.036458
1 0.380556 0.720573 0.242593 0.083854
7 0.500000 0.804948 1.000000 0.083854
3 0.023148 0.805208 0.025926 0.036458
4 0.071296 0.805208 0.051852 0.036458
1 0.262037 0.804948 0.277778 0.083854
7 0.500000 0.889323 1.000000 0.083854
3 0.159259 0.889583 0.025926 0.036458
4 0.207407 0.889583 0.051852 0.036458
1 0.380556 0.889323 0.242593 0.083854
7 0.500000 0.965885 1.000000 0.068229
4 0.023148 0.973958 0.025926 0.036458
4 0.071296 0.973958 0.051852 0.036458
1 0.277315 0.965885 0.308333 0.068229