6 0.985648 0.087500 0.028704 0.087500
4 0.993981 0.087240 0.012037 0.069271
1 0.486111 0.203125 0.972222 0.084375
1 0.486111 0.287500 0.972222 0.084375
1 0.486111 0.456250 0.972222 0.084375
1 0.486111 0.540625 0.972222 0.084375
1 0.486111 0.625000 0.972222 0.084375
1 0.486111 0.960156 0.972222 0.079687
4 0.878704 0.102344 0.187037 0.117188
1 0.486111 0.371875 0.972222 0.084375
1 0.486111 0.709375 0.972222 0.084375
1 0.877315 0.710938 0.125000 0.051042
1 0.486111 0.793750 0.972222 0.084375
1 0.486111 0.878125 0.972222 0.084375
3 0.109722 0.102344 0.162037 0.091146
1 0.498611 0.087500 0.558333 0.042708
1 0.498611 0.123698 0.558333 0.029687
3 0.985648 0.565625 0.028704 0.868750