6 0.500000 0.138542 1.000000 0.189583
1 0.535185 0.094531 0.679630 0.048438
4 0.090741 0.094792 0.181481 0.102083
3 0.500000 0.616667 1.000000 0.766667
3 0.136111 0.309896 0.272222 0.153125
1 0.636111 0.309896 0.727778 0.153125
7 0.500000 0.432031 1.000000 0.091146
1 0.516204 0.432031 0.967593 0.091146
7 0.500000 0.525260 1.000000 0.091146
1 0.516204 0.525260 0.967593 0.091146
7 0.500000 0.618490 1.000000 0.091146
1 0.516204 0.618490 0.967593 0.091146
7 0.500000 0.711719 1.000000 0.091146
1 0.516204 0.711719 0.967593 0.091146