6 0.500000 0.094792 1.000000 0.102083
1 0.170833 0.094531 0.237963 0.048438
4 0.933333 0.094792 0.133333 0.087500
1 0.166667 0.196875 0.229630 0.102083
1 0.500000 0.196875 0.229630 0.102083
1 0.833333 0.196875 0.229630 0.102083
1 0.500000 0.267708 1.000000 0.039583
1 0.500000 0.313542 1.000000 0.052083
1 0.205093 0.377083 0.410185 0.039583
1 0.937037 0.377083 0.125926 0.039583
3 0.205093 0.440625 0.410185 0.069792
1 0.642130 0.440625 0.463889 0.078125
3 0.937037 0.440625 0.125926 0.069792
1 0.500000 0.501302 1.000000 0.036979