9 0.492593 0.521875 0.985185 0.956250
7 0.492593 0.071875 0.985185 0.056250
1 0.209722 0.071875 0.160185 0.056250
7 0.492593 0.134635 0.985185 0.070312
1 0.235185 0.134635 0.211111 0.070312
7 0.492593 0.204427 0.985185 0.070312
1 0.276389 0.204427 0.293519 0.070312
7 0.492593 0.274219 0.985185 0.070312
1 0.282407 0.274219 0.305556 0.070312
4 0.480556 0.277604 0.064815 0.036458
7 0.492593 0.344010 0.985185 0.070312
1 0.311574 0.344010 0.363889 0.070312
7 0.492593 0.413802 0.985185 0.070312
1 0.335648 0.413802 0.412037 0.070312
7 0.492593 0.483594 0.985185 0.070312
1 0.381019 0.483594 0.502778 0.070312
7 0.492593 0.553385 0.985185 0.070312
1 0.228704 0.553385 0.198148 0.070312
7 0.492593 0.623177 0.985185 0.070312
1 0.268981 0.623177 0.278704 0.070312
7 0.492593 0.692969 0.985185 0.070312
1 0.306019 0.692969 0.352778 0.070312
7 0.492593 0.762760 0.985185 0.070312
1 0.329167 0.762760 0.399074 0.070312
7 0.492593 0.832552 0.985185 0.070312
1 0.280093 0.832552 0.300926 0.070312
7 0.492593 0.902344 0.985185 0.070312
1 0.275463 0.902344 0.291667 0.070312
7 0.492593 0.968490 0.985185 0.063021
1 0.348148 0.968490 0.437037 0.063021
6 0.500000 0.094792 1.000000 0.102083
3 0.090741 0.094792 0.181481 0.102083
3 0.381019 0.094531 0.399074 0.046354
8 0.500000 0.709115 1.000000 0.036979
7 0.335185 0.922396 0.637037 0.155208
3 0.335185 0.922396 0.637037 0.155208
3 0.335185 0.922396 0.637037 0.155208
1 0.186111 0.996354 0.305556 0.007292
7 0.839815 0.922396 0.320370 0.155208
3 0.839815 0.922396 0.320370 0.155208
3 0.839815 0.922396 0.320370 0.155208
1 0.848148 0.977344 0.303704 0.045312
8 0.519444 0.395573 0.961111 0.470313
3 0.519444 0.358854 0.961111 0.396875
1 0.545370 0.594010 0.909259 0.044271