6 0.500000 0.198698 1.000000 0.309896
3 0.178241 0.227865 0.291667 0.164062
4 0.090741 0.094792 0.181481 0.102083
1 0.611574 0.168490 0.510185 0.045312
1 0.368519 0.217969 0.024074 0.024479
1 0.519907 0.217969 0.226852 0.024479
1 0.466204 0.269792 0.219444 0.045833
8 0.500000 0.492188 1.000000 0.102083
4 0.097222 0.492188 0.129630 0.072917
2 0.600463 0.492188 0.799074 0.039583
9 0.500000 0.397396 1.000000 0.087500
1 0.332870 0.397396 0.134259 0.034375
1 0.950926 0.397396 0.098148 0.034375
8 0.500000 0.752344 1.000000 0.381771
1 0.522685 0.695573 0.954630 0.078646
1 0.500000 0.915885 1.000000 0.054688
3 0.084259 0.778646 0.077778 0.043750
1 0.348148 0.778646 0.398148 0.035417
1 0.138889 0.851562 0.187037 0.036458
1 0.666667 0.853646 0.198148 0.040625
8 0.500000 0.978906 1.000000 0.042188