1 0.500000 0.098437 1.000000 0.109375
7 0.508333 0.229948 0.983333 0.134896
1 0.534259 0.215104 0.931481 0.046875
1 0.534259 0.253385 0.931481 0.029687
7 0.508333 0.425521 0.983333 0.237500
3 0.227778 0.425521 0.422222 0.237500
1 0.227778 0.425521 0.422222 0.237500
3 0.666667 0.425521 0.422222 0.237500
3 0.666667 0.425521 0.422222 0.237500
1 0.666667 0.425521 0.422222 0.237500
3 0.947222 0.425521 0.105556 0.237500
1 0.947222 0.425521 0.105556 0.237500
7 0.508333 0.672396 0.983333 0.237500
3 0.227778 0.672396 0.422222 0.237500
1 0.227778 0.672396 0.422222 0.237500
3 0.666667 0.672396 0.422222 0.237500
1 0.666667 0.672396 0.422222 0.237500
3 0.947222 0.672396 0.105556 0.237500
1 0.947222 0.672396 0.105556 0.237500
7 0.508333 0.900260 0.983333 0.199479
3 0.227778 0.900260 0.422222 0.199479
1 0.227778 0.900260 0.422222 0.199479
3 0.666667 0.900260 0.422222 0.199479
1 0.666667 0.900260 0.422222 0.199479
3 0.947222 0.900260 0.105556 0.199479
1 0.947222 0.900260 0.105556 0.199479
6 0.500000 0.094010 1.000000 0.100521
3 0.090741 0.094010 0.181481 0.100521
5 0.655556 0.086979 0.688889 0.031250
7 0.507870 0.152604 0.984259 0.217708
7 0.507870 0.625260 0.984259 0.709896
8 0.666204 0.965365 0.130556 0.029687
3 0.507870 0.617708 0.984259 0.665625
1 0.540278 0.676042 0.919444 0.058333
1 0.540278 0.749479 0.919444 0.055208
1 0.666204 0.868490 0.162037 0.091146
7 0.507870 0.994531 0.984259 0.010937
3 0.666667 0.163802 0.155556 0.057813
1 0.666667 0.241667 0.300000 0.039583