6 0.500000 0.111198 1.000000 0.134896
4 0.090741 0.094792 0.181481 0.102083
5 0.655556 0.086979 0.688889 0.031250
1 0.563426 0.072396 0.215741 0.057292
1 0.562963 0.114583 0.288889 0.027083
3 0.500000 0.521875 1.000000 0.956250
4 0.090741 0.094792 0.181481 0.102083
1 0.562963 0.094792 0.762963 0.039583
3 0.985185 0.094792 0.029630 0.102083
3 0.281019 0.300260 0.384259 0.216146
3 0.825926 0.300260 0.348148 0.216146
3 0.281019 0.658594 0.384259 0.216146
3 0.825926 0.658594 0.348148 0.216146
3 0.281019 0.954427 0.384259 0.091146
3 0.825926 0.954427 0.348148 0.091146
1 0.293056 0.173958 0.158333 0.056250
1 0.533796 0.173958 0.315741 0.056250
1 0.827778 0.173958 0.264815 0.056250
1 0.981944 0.173958 0.036111 0.056250
7 0.507870 0.418750 0.984259 0.750000
7 0.507870 0.884375 0.984259 0.145833
1 0.507870 0.884375 0.984259 0.145833
7 0.507870 0.983073 0.984259 0.033854
1 0.507870 0.983073 0.984259 0.033854
3 0.500000 0.418750 1.000000 0.750000
3 0.500000 0.748177 1.000000 0.091146
0 0.500000 0.748177 1.000000 0.091146
3 0.222222 0.748177 0.444444 0.091146
3 0.222222 0.747917 0.064815 0.036458
3 0.666667 0.748177 0.444444 0.091146
3 0.666667 0.747917 0.064815 0.036458
3 0.944444 0.748177 0.111111 0.091146
1 0.551852 0.915104 0.896296 0.039583
1 0.551852 0.954688 0.896296 0.039583
3 0.531481 0.541406 0.937037 0.678646
1 0.500000 0.237240 1.000000 0.029687
1 0.182407 0.585677 0.235185 0.020313
1 0.532407 0.635938 0.935185 0.058333