3 0.500000 0.521875 1.000000 0.956250
6 0.500000 0.094010 1.000000 0.100521
3 0.090741 0.094010 0.181481 0.100521
5 0.655556 0.086979 0.688889 0.031250
3 0.666667 0.204687 0.561111 0.139583
1 0.666204 0.436198 0.495370 0.044271
1 0.665741 0.620052 0.096296 0.024479
3 0.400926 0.812500 0.064815 0.036458
1 0.668056 0.812500 0.365741 0.034375
4 0.400926 0.903646 0.064815 0.036458
1 0.695370 0.903646 0.420370 0.034375
4 0.400926 0.988281 0.064815 0.023438
1 0.653241 0.988802 0.336111 0.022396
7 0.507870 0.152604 0.984259 0.217708
3 0.666667 0.163802 0.155556 0.057813
1 0.666667 0.241667 0.300000 0.039583
4 0.665741 0.532813 0.064815 0.036458