6 0.500000 0.094010 1.000000 0.100521
4 0.090741 0.094010 0.181481 0.100521
5 0.655556 0.086979 0.688889 0.031250
7 0.507870 0.231250 0.984259 0.375000
7 0.507870 0.594010 0.984259 0.332813
3 0.507870 0.594010 0.984259 0.332813
1 0.270833 0.694792 0.380556 0.058333
1 0.178704 0.655469 0.196296 0.020313
7 0.507870 0.884635 0.984259 0.230729
3 0.507870 0.884635 0.984259 0.230729
1 0.169444 0.993490 0.177778 0.013021
3 0.666667 0.163802 0.155556 0.057813
1 0.666204 0.241667 0.297222 0.039583
1 0.641204 0.303646 0.717593 0.084375