6 0.500000 0.137760 1.000000 0.188021
3 0.879630 0.094010 0.181481 0.100521
4 0.985185 0.094010 0.029630 0.100521
3 0.103241 0.094010 0.126852 0.071354
1 0.307870 0.094010 0.256481 0.029687
3 0.137963 0.173437 0.103704 0.058333
1 0.138426 0.213802 0.130556 0.022396
4 0.403704 0.173437 0.103704 0.058333
1 0.404167 0.213802 0.145370 0.022396
3 0.669444 0.173437 0.103704 0.058333
1 0.669907 0.213802 0.150926 0.022396
4 0.935185 0.173437 0.103704 0.058333
1 0.923148 0.213802 0.153704 0.022396
3 0.666667 0.006771 0.159259 0.013542
1 0.500000 0.315625 1.000000 0.034375
4 0.057407 0.264062 0.081481 0.045833
1 0.666204 0.264062 0.397222 0.034375
1 0.187500 0.372396 0.375000 0.058333
3 0.064815 0.448437 0.129630 0.072917
3 0.194444 0.448437 0.129630 0.072917
3 0.324074 0.448437 0.129630 0.072917
3 0.453704 0.448437 0.129630 0.072917
3 0.583333 0.448437 0.129630 0.072917
3 0.712963 0.448437 0.129630 0.072917
3 0.842593 0.448437 0.129630 0.072917
3 0.953704 0.448437 0.092593 0.072917
3 0.064815 0.521354 0.129630 0.072917
3 0.194444 0.521354 0.129630 0.072917
3 0.324074 0.521354 0.129630 0.072917
3 0.453704 0.521354 0.129630 0.072917
3 0.583333 0.521354 0.129630 0.072917
3 0.712963 0.521354 0.129630 0.072917
3 0.842593 0.521354 0.129630 0.072917
3 0.953704 0.521354 0.092593 0.072917
3 0.064815 0.594271 0.129630 0.072917
3 0.194444 0.594271 0.129630 0.072917
3 0.324074 0.594271 0.129630 0.072917
3 0.453704 0.594271 0.129630 0.072917
3 0.583333 0.594271 0.129630 0.072917
3 0.712963 0.594271 0.129630 0.072917
3 0.842593 0.594271 0.129630 0.072917
3 0.953704 0.594271 0.092593 0.072917