1 0.508333 0.044792 0.983333 0.057292
1 0.222222 0.135156 0.444444 0.083854
1 0.667130 0.135156 0.445370 0.083854
1 0.944907 0.135156 0.110185 0.083854
7 0.329167 0.317448 0.658333 0.280729
3 0.328704 0.293229 0.520370 0.232292
1 0.296759 0.433594 0.421296 0.048438
4 0.539815 0.433333 0.064815 0.028125
7 0.837037 0.317448 0.325926 0.280729
3 0.871296 0.293229 0.257407 0.232292
1 0.880093 0.433594 0.239815 0.048438
7 0.329167 0.646615 0.658333 0.341146
3 0.328704 0.622396 0.520370 0.292708
1 0.296759 0.792969 0.421296 0.048438
4 0.539815 0.792708 0.064815 0.028125
7 0.837037 0.646615 0.325926 0.341146
3 0.871296 0.622396 0.257407 0.292708
1 0.880093 0.792969 0.239815 0.048438
7 0.329167 0.917708 0.658333 0.164583
3 0.328704 0.917708 0.520370 0.164583
7 0.837037 0.917708 0.325926 0.164583
3 0.871296 0.917708 0.257407 0.164583