6 0.500000 0.092969 1.000000 0.098437
4 0.090741 0.093750 0.181481 0.096875
4 0.971296 0.092448 0.051852 0.027604
4 0.381481 0.092448 0.155556 0.061979
1 0.638889 0.092448 0.359259 0.061979
3 0.500000 0.298958 1.000000 0.313542
7 0.516204 0.523177 0.967593 0.098437
1 0.532407 0.523177 0.935185 0.061979
7 0.516204 0.625260 0.967593 0.098437
1 0.532407 0.625260 0.935185 0.061979
7 0.516204 0.727344 0.967593 0.098437
1 0.532407 0.727344 0.935185 0.061979
7 0.516204 0.829427 0.967593 0.098437
1 0.532407 0.829427 0.935185 0.061979
7 0.516204 0.931510 0.967593 0.098437
1 0.532407 0.931510 0.935185 0.061979