6 0.500000 0.094792 1.000000 0.102083
4 0.090741 0.094792 0.181481 0.102083
1 0.280556 0.094792 0.198148 0.102083
9 0.500000 0.189583 1.000000 0.087500
1 0.194444 0.189583 0.388889 0.087500
1 0.622685 0.189583 0.467593 0.087500
1 0.928241 0.189583 0.143519 0.087500
1 0.211111 0.288802 0.324074 0.082812
1 0.211111 0.377604 0.324074 0.053125
1 0.211111 0.462240 0.324074 0.082812
1 0.211111 0.566146 0.324074 0.053125
1 0.465741 0.269271 0.077778 0.034375
1 0.564815 0.310677 0.275926 0.029687
1 0.713426 0.377865 0.573148 0.064062
1 0.580093 0.461979 0.306481 0.034375
1 0.713426 0.546615 0.573148 0.064062