6 0.500000 0.094792 1.000000 0.102083
4 0.090741 0.094792 0.181481 0.102083
1 0.447222 0.094792 0.531481 0.102083
7 0.500000 0.193229 1.000000 0.094792
1 0.516204 0.192969 0.967593 0.036979
7 0.500000 0.287500 1.000000 0.094792
1 0.516204 0.287240 0.967593 0.036979
7 0.500000 0.381771 1.000000 0.094792
1 0.516204 0.381510 0.967593 0.036979
7 0.500000 0.476042 1.000000 0.094792
1 0.516204 0.475781 0.967593 0.036979
7 0.500000 0.570312 1.000000 0.094792
1 0.516204 0.570052 0.967593 0.036979
7 0.500000 0.664583 1.000000 0.094792
1 0.516204 0.664323 0.967593 0.036979
7 0.500000 0.758854 1.000000 0.094792
1 0.516204 0.758594 0.967593 0.036979
7 0.500000 0.853125 1.000000 0.094792
1 0.516204 0.852865 0.967593 0.036979
7 0.500000 0.947396 1.000000 0.094792
1 0.516204 0.947135 0.967593 0.036979
7 0.500000 0.997135 1.000000 0.005729