6 0.500000 0.087500 1.000000 0.087500
4 0.025926 0.087500 0.051852 0.029167
3 0.091667 0.087500 0.103704 0.058333
4 0.260185 0.087500 0.103704 0.058333
2 0.675463 0.080208 0.649074 0.058333
7 0.500000 0.138542 1.000000 0.014583
3 0.162037 0.138542 0.324074 0.014583
1 0.520370 0.007292 0.314815 0.014583
1 0.835185 0.138542 0.314815 0.014583
1 0.996296 0.138542 0.007407 0.014583
7 0.500000 0.238021 1.000000 0.182292
3 0.162037 0.238021 0.324074 0.182292
1 0.668519 0.205990 0.662963 0.118229
1 0.520370 0.279948 0.314815 0.029687
1 0.520370 0.311979 0.314815 0.034375
1 0.835185 0.279948 0.314815 0.029687
1 0.835185 0.311979 0.314815 0.034375
1 0.996296 0.279948 0.007407 0.029687
1 0.996296 0.311979 0.007407 0.034375
7 0.500000 0.421354 1.000000 0.182292
3 0.162037 0.421354 0.324074 0.182292
1 0.668519 0.389323 0.662963 0.118229
1 0.520370 0.463281 0.314815 0.029687
1 0.520370 0.495312 0.314815 0.034375
1 0.835185 0.463281 0.314815 0.029687
1 0.835185 0.495312 0.314815 0.034375
1 0.996296 0.463281 0.007407 0.029687
1 0.996296 0.495312 0.007407 0.034375
7 0.500000 0.604688 1.000000 0.182292
3 0.162037 0.604688 0.324074 0.182292
1 0.668519 0.572656 0.662963 0.118229
1 0.520370 0.646615 0.314815 0.029687
1 0.520370 0.678646 0.314815 0.034375
1 0.835185 0.646615 0.314815 0.029687
1 0.835185 0.678646 0.314815 0.034375
1 0.996296 0.646615 0.007407 0.029687
1 0.996296 0.678646 0.007407 0.034375
7 0.500000 0.788021 1.000000 0.182292
3 0.162037 0.788021 0.324074 0.182292
1 0.668519 0.755990 0.662963 0.118229
1 0.520370 0.829948 0.314815 0.029687
1 0.520370 0.861979 0.314815 0.034375
1 0.835185 0.829948 0.314815 0.029687
1 0.835185 0.861979 0.314815 0.034375
1 0.996296 0.829948 0.007407 0.029687
1 0.996296 0.861979 0.007407 0.034375
7 0.500000 0.940104 1.000000 0.119792
3 0.162037 0.940104 0.324074 0.119792
1 0.668519 0.939323 0.662963 0.118229