6 0.500000 0.094792 1.000000 0.102083
1 0.353241 0.094531 0.239815 0.048438
4 0.090741 0.094792 0.181481 0.102083
1 0.500000 0.177604 1.000000 0.063542
7 0.500000 0.277604 1.000000 0.132292
1 0.356944 0.260417 0.610185 0.039583
1 0.417593 0.297396 0.731481 0.034375
7 0.500000 0.411979 1.000000 0.132292
1 0.318519 0.394792 0.533333 0.039583
1 0.417593 0.431771 0.731481 0.034375
7 0.500000 0.546354 1.000000 0.132292
1 0.201852 0.529167 0.300000 0.039583
1 0.220370 0.566146 0.337037 0.034375
7 0.500000 0.680729 1.000000 0.132292
1 0.402778 0.663542 0.701852 0.039583
1 0.132870 0.700521 0.162037 0.034375
1 0.500000 0.780729 1.000000 0.063542
7 0.500000 0.880729 1.000000 0.132292
1 0.243056 0.863542 0.382407 0.039583
1 0.202315 0.900521 0.300926 0.034375
7 0.500000 0.974479 1.000000 0.051042
1 0.334722 0.989062 0.565741 0.021875