6 0.500000 0.094792 1.000000 0.102083
1 0.353241 0.094531 0.239815 0.048438
4 0.090741 0.094792 0.181481 0.102083
9 0.500000 0.572917 1.000000 0.854167
1 0.525926 0.196875 0.948148 0.102083
1 0.525926 0.840625 0.948148 0.102083
7 0.500000 0.291667 1.000000 0.087500
4 0.090741 0.291667 0.077778 0.043750
1 0.383333 0.291667 0.300000 0.034375
7 0.500000 0.378646 1.000000 0.087500
4 0.090741 0.378646 0.077778 0.043750
1 0.438889 0.378646 0.411111 0.034375
7 0.500000 0.465625 1.000000 0.087500
3 0.090741 0.465625 0.077778 0.043750
1 0.374537 0.465625 0.282407 0.034375
7 0.500000 0.552604 1.000000 0.087500
4 0.090741 0.552604 0.077778 0.043750
1 0.402778 0.552604 0.338889 0.034375
7 0.500000 0.639583 1.000000 0.087500
3 0.090741 0.639583 0.077778 0.043750
1 0.432407 0.639583 0.398148 0.034375
7 0.500000 0.726562 1.000000 0.087500
4 0.090741 0.726562 0.077778 0.043750
1 0.422222 0.726562 0.377778 0.034375
7 0.500000 0.935417 1.000000 0.087500
4 0.090741 0.935417 0.077778 0.043750
1 0.339352 0.935417 0.212037 0.034375
7 0.500000 0.989323 1.000000 0.021354
9 0.500000 0.189583 1.000000 0.087500
1 0.105556 0.189583 0.211111 0.034375
1 0.523148 0.189583 0.468519 0.034375
1 0.917593 0.189583 0.164815 0.034375
1 0.500000 0.265104 1.000000 0.063542
7 0.500000 0.365104 1.000000 0.132292
1 0.324537 0.347917 0.545370 0.039583
1 0.419444 0.384896 0.735185 0.034375
7 0.500000 0.529167 1.000000 0.191667
1 0.206019 0.482292 0.308333 0.039583
1 0.525926 0.548958 0.948148 0.093750
7 0.500000 0.708073 1.000000 0.161979
1 0.300926 0.676042 0.498148 0.039583
1 0.525926 0.727865 0.948148 0.064062
7 0.500000 0.857292 1.000000 0.132292
1 0.211574 0.840104 0.319444 0.039583
1 0.454167 0.877083 0.804630 0.034375
7 0.500000 0.962760 1.000000 0.074479
1 0.287963 0.974479 0.472222 0.039583
1 0.525926 0.997135 0.948148 0.005729