6 0.500000 0.094792 1.000000 0.102083
1 0.291204 0.094792 0.478704 0.039583
7 0.500000 0.183854 1.000000 0.076042
3 0.062037 0.175521 0.124074 0.059375
1 0.362963 0.177344 0.466667 0.063021
7 0.500000 0.272396 1.000000 0.102083
3 0.062037 0.271875 0.124074 0.069792
1 0.431481 0.272396 0.603704 0.076042
7 0.500000 0.373958 1.000000 0.102083
3 0.062037 0.373437 0.124074 0.069792
1 0.377778 0.373958 0.496296 0.076042
7 0.500000 0.475521 1.000000 0.102083
3 0.062037 0.475000 0.124074 0.069792
1 0.256481 0.475521 0.253704 0.076042
7 0.500000 0.577083 1.000000 0.102083
4 0.062037 0.576562 0.124074 0.069792
1 0.254630 0.577083 0.250000 0.076042
7 0.500000 0.678646 1.000000 0.102083
4 0.062037 0.678125 0.124074 0.069792
1 0.405093 0.678646 0.550926 0.076042
7 0.500000 0.780208 1.000000 0.102083
3 0.062037 0.779687 0.124074 0.069792
1 0.342130 0.780208 0.425000 0.076042
7 0.500000 0.903125 1.000000 0.144792
3 0.062037 0.923958 0.124074 0.069792
1 0.534722 0.903125 0.810185 0.118750
7 0.500000 0.987500 1.000000 0.025000
1 0.666667 0.994010 0.114815 0.011979