6 0.500000 0.094792 1.000000 0.102083
1 0.291204 0.094792 0.478704 0.039583
7 0.500000 0.183854 1.000000 0.076042
3 0.062037 0.175521 0.124074 0.059375
1 0.256481 0.177344 0.253704 0.063021
7 0.500000 0.272396 1.000000 0.102083
3 0.062037 0.271875 0.124074 0.069792
1 0.254630 0.272396 0.250000 0.076042
7 0.500000 0.373958 1.000000 0.102083
3 0.062037 0.373437 0.124074 0.069792
1 0.405093 0.373958 0.550926 0.076042
7 0.500000 0.475521 1.000000 0.102083
3 0.062037 0.475000 0.124074 0.069792
1 0.342130 0.475521 0.425000 0.076042
7 0.500000 0.598437 1.000000 0.144792
3 0.062037 0.619271 0.124074 0.069792
1 0.534722 0.598437 0.810185 0.118750
7 0.500000 0.742708 1.000000 0.144792
3 0.062037 0.763542 0.124074 0.069792
1 0.534722 0.742708 0.810185 0.118750
7 0.500000 0.865625 1.000000 0.102083
3 0.062037 0.865104 0.124074 0.069792
1 0.334722 0.865625 0.410185 0.076042
7 0.500000 0.958073 1.000000 0.083854
1 0.954630 0.964583 0.090741 0.070833