6 0.500000 0.087500 1.000000 0.087500
4 0.059259 0.087500 0.118519 0.087500
4 0.058333 0.087500 0.116667 0.029167
4 0.980093 0.087500 0.039815 0.087500
1 0.222222 0.087240 0.207407 0.044271
9 0.486111 0.565625 0.972222 0.868750
3 0.486111 0.565625 0.972222 0.868750
1 0.270370 0.994792 0.411111 0.010417
4 0.125000 0.204167 0.120370 0.067708
7 0.486111 0.346354 0.972222 0.083333
3 0.107407 0.346354 0.103704 0.045833
1 0.578704 0.346354 0.787037 0.046875
7 0.486111 0.429167 0.972222 0.083333
3 0.107407 0.429167 0.103704 0.045833
1 0.578704 0.429167 0.787037 0.046875
7 0.486111 0.511979 0.972222 0.083333
4 0.107407 0.511979 0.103704 0.045833
1 0.578704 0.511979 0.787037 0.046875
7 0.486111 0.594792 0.972222 0.083333
3 0.107407 0.594792 0.103704 0.045833
1 0.578704 0.594792 0.787037 0.046875
1 0.587037 0.183854 0.705556 0.045833
1 0.587037 0.228646 0.705556 0.036458
7 0.500000 0.365625 1.000000 0.468750
8 0.500000 0.555990 1.000000 0.088021
3 0.500000 0.365625 1.000000 0.468750
3 0.500000 0.365625 1.000000 0.468750
7 0.500000 0.800000 1.000000 0.400000
1 0.117130 0.658333 0.130556 0.043750
1 0.273611 0.658594 0.182407 0.044271
7 0.240741 0.863802 0.481481 0.272396
3 0.266667 0.863802 0.429630 0.272396
7 0.713426 0.863802 0.463889 0.272396
3 0.739352 0.863802 0.412037 0.272396
7 0.972685 0.863802 0.054630 0.272396