9 0.500000 0.178646 1.000000 0.080208
1 0.067130 0.178646 0.134259 0.080208
1 0.238426 0.178646 0.208333 0.080208
1 0.446759 0.178646 0.208333 0.080208
1 0.692130 0.178646 0.282407 0.080208
1 0.916667 0.178646 0.166667 0.080208
4 0.084259 0.091146 0.116667 0.065625
3 0.233333 0.091146 0.129630 0.065625
1 0.649074 0.091146 0.701852 0.065625
7 0.500000 0.289062 1.000000 0.140625
3 0.590278 0.288021 0.819444 0.109375
7 0.500000 0.679688 1.000000 0.640625
4 0.050463 0.546875 0.100926 0.087500
3 0.500000 0.546875 1.000000 0.375000
4 0.159259 0.821875 0.253704 0.102083
3 0.412963 0.821875 0.253704 0.102083
3 0.666667 0.821875 0.253704 0.102083
3 0.896759 0.821875 0.206481 0.102083
3 0.159259 0.942187 0.253704 0.102083
3 0.412963 0.942187 0.253704 0.102083
3 0.666667 0.942187 0.253704 0.102083
3 0.896759 0.942187 0.206481 0.102083