9 0.500000 0.521875 1.000000 0.956250
3 0.562963 0.138802 0.685185 0.098437
1 0.500000 0.264583 1.000000 0.071875
1 0.500000 0.340625 1.000000 0.071875
6 0.500000 0.094792 1.000000 0.102083
1 0.430556 0.094792 0.498148 0.035417
3 0.090741 0.094792 0.181481 0.102083
7 0.500000 0.219010 1.000000 0.146354
3 0.130093 0.219010 0.162037 0.091146
1 0.605556 0.218750 0.788889 0.035417
7 0.500000 0.365365 1.000000 0.146354
3 0.130093 0.365365 0.162037 0.091146
1 0.605556 0.365104 0.788889 0.035417
7 0.500000 0.511719 1.000000 0.146354
3 0.130093 0.511719 0.162037 0.091146
1 0.605556 0.511458 0.788889 0.035417
7 0.500000 0.658073 1.000000 0.146354
3 0.130093 0.658073 0.162037 0.091146
1 0.605556 0.657813 0.788889 0.035417
7 0.500000 0.804427 1.000000 0.146354
3 0.130093 0.804427 0.162037 0.091146
1 0.605556 0.804167 0.788889 0.035417
7 0.500000 0.938802 1.000000 0.122396
3 0.130093 0.950781 0.162037 0.091146
1 0.605556 0.950521 0.788889 0.035417