1 0.154167 0.036458 0.308333 0.072917
3 0.110185 0.034896 0.207407 0.069792
3 0.447685 0.113281 0.097222 0.054688
1 0.731019 0.127083 0.404630 0.045833
1 0.209722 0.182552 0.419444 0.091146
3 0.422685 0.182812 0.006481 0.036458
1 0.650926 0.182552 0.450000 0.091146
3 0.879167 0.182812 0.006481 0.036458
1 0.941204 0.182552 0.117593 0.091146
4 0.566667 0.036198 0.064815 0.054688
1 0.788426 0.036458 0.313889 0.072917
7 0.500000 0.316927 1.000000 0.159896
1 0.081019 0.260937 0.162037 0.029167
1 0.081019 0.284635 0.162037 0.018229
4 0.081019 0.300781 0.162037 0.127604
4 0.235648 0.264323 0.049074 0.027604
1 0.343519 0.264844 0.264815 0.048438
1 0.605556 0.324740 0.788889 0.064062
3 0.500000 0.395052 1.000000 0.003646
7 0.500000 0.461979 1.000000 0.130208
1 0.081019 0.420833 0.162037 0.029167
1 0.081019 0.444531 0.162037 0.018229
4 0.081019 0.460677 0.162037 0.127604
4 0.235648 0.424219 0.049074 0.027604
1 0.488889 0.424740 0.555556 0.048438
1 0.605556 0.469792 0.788889 0.034375
3 0.500000 0.525260 1.000000 0.003646
7 0.500000 0.592187 1.000000 0.130208
1 0.081019 0.551042 0.162037 0.029167
1 0.081019 0.574740 0.162037 0.018229
4 0.081019 0.590885 0.162037 0.127604
3 0.235648 0.554427 0.049074 0.027604
1 0.331481 0.554948 0.240741 0.048438
1 0.530093 0.600000 0.637963 0.034375
3 0.500000 0.655469 1.000000 0.003646
7 0.500000 0.722396 1.000000 0.130208
1 0.081019 0.681250 0.162037 0.029167
1 0.081019 0.704948 0.162037 0.018229
3 0.081019 0.721094 0.162037 0.127604
4 0.235648 0.684635 0.049074 0.027604
1 0.605556 0.685156 0.788889 0.048438
1 0.539352 0.730208 0.656481 0.034375
3 0.500000 0.785677 1.000000 0.003646
7 0.500000 0.852604 1.000000 0.130208
1 0.081019 0.811458 0.162037 0.029167
1 0.081019 0.835156 0.162037 0.018229
4 0.081019 0.851302 0.162037 0.127604
3 0.235648 0.814844 0.049074 0.027604
1 0.605556 0.815365 0.788889 0.048438
1 0.605556 0.860417 0.788889 0.034375
3 0.500000 0.915885 1.000000 0.003646
7 0.500000 0.958854 1.000000 0.082292
1 0.081019 0.941667 0.162037 0.029167
1 0.081019 0.965365 0.162037 0.018229
4 0.081019 0.958854 0.162037 0.082292
4 0.235648 0.945052 0.049074 0.027604
1 0.605556 0.960677 0.788889 0.078646