6 0.500000 0.087500 1.000000 0.087500
4 0.025926 0.087500 0.051852 0.029167
3 0.091667 0.087500 0.103704 0.058333
1 0.550000 0.087240 0.787037 0.044271
7 0.500000 0.351562 1.000000 0.440625
1 0.169907 0.165625 0.287963 0.039583
1 0.139815 0.355208 0.227778 0.039583
1 0.500000 0.435417 1.000000 0.087500
1 0.275926 0.544792 0.500000 0.039583
3 0.054167 0.245833 0.030556 0.029167
7 0.500000 0.617708 1.000000 0.087500
1 0.077778 0.617448 0.155556 0.053646
1 0.579630 0.617708 0.840741 0.087500
7 0.500000 0.707292 1.000000 0.087500
1 0.077778 0.707031 0.155556 0.053646
1 0.579630 0.707292 0.840741 0.087500
7 0.500000 0.796875 1.000000 0.087500
1 0.077778 0.796615 0.155556 0.053646
1 0.926852 0.796875 0.146296 0.053125
1 0.506481 0.796875 0.694444 0.087500
7 0.500000 0.886458 1.000000 0.087500
1 0.077778 0.886198 0.155556 0.053646
1 0.926852 0.886458 0.146296 0.053125
1 0.506481 0.886458 0.694444 0.087500
7 0.500000 0.966146 1.000000 0.067708
1 0.077778 0.974479 0.155556 0.051042
1 0.926852 0.974740 0.146296 0.050521
1 0.506481 0.966146 0.694444 0.067708