6 0.500000 0.087500 1.000000 0.087500
1 0.210648 0.087500 0.367593 0.087500
7 0.525926 0.189583 0.948148 0.116667
1 0.219907 0.172135 0.284259 0.044271
1 0.511574 0.211458 0.867593 0.034375
7 0.525926 0.307292 0.948148 0.116667
1 0.219444 0.289844 0.283333 0.044271
1 0.423611 0.329167 0.691667 0.034375
7 0.525926 0.425000 0.948148 0.116667
1 0.229167 0.424740 0.302778 0.044271
7 0.525926 0.542708 0.948148 0.116667
1 0.331944 0.542448 0.508333 0.044271
7 0.525926 0.660417 0.948148 0.116667
1 0.417593 0.642969 0.679630 0.044271
1 0.287500 0.682292 0.419444 0.034375
7 0.525926 0.778125 0.948148 0.116667
1 0.325926 0.777865 0.496296 0.044271
7 0.525926 0.895833 0.948148 0.116667
1 0.393519 0.895573 0.631481 0.044271
1 0.525926 0.977604 0.948148 0.044792