6 0.500000 0.094792 1.000000 0.102083
1 0.421759 0.094531 0.376852 0.048438
4 0.090741 0.094792 0.181481 0.102083
9 0.388889 0.572917 0.777778 0.854167
7 0.388889 0.196875 0.777778 0.102083
3 0.090741 0.196875 0.077778 0.043750
1 0.453704 0.196875 0.544444 0.039583
7 0.388889 0.298438 0.777778 0.102083
4 0.090741 0.298438 0.077778 0.043750
1 0.453704 0.298438 0.544444 0.039583
7 0.388889 0.400000 0.777778 0.102083
4 0.090741 0.400000 0.077778 0.043750
1 0.453704 0.400000 0.544444 0.039583
7 0.388889 0.501563 0.777778 0.102083
3 0.090741 0.501563 0.077778 0.043750
1 0.453704 0.501563 0.544444 0.039583
7 0.388889 0.603125 0.777778 0.102083
4 0.090741 0.603125 0.077778 0.043750
1 0.453704 0.603125 0.544444 0.039583
7 0.388889 0.704688 0.777778 0.102083
3 0.090741 0.704688 0.077778 0.043750
1 0.453704 0.704688 0.544444 0.039583
7 0.388889 0.806250 0.777778 0.102083
4 0.090741 0.806250 0.077778 0.043750
1 0.453704 0.806250 0.544444 0.039583
7 0.388889 0.907813 0.777778 0.102083
3 0.090741 0.907813 0.077778 0.043750
1 0.453704 0.907813 0.544444 0.039583
3 0.388889 0.979167 0.777778 0.041667
3 0.666667 0.997135 0.181481 0.005729