3 0.139352 0.057031 0.091667 0.056771
1 0.666667 0.057031 0.303704 0.063021
3 0.147685 0.193490 0.108333 0.046354
1 0.506944 0.193490 0.526852 0.047396
4 0.143519 0.327344 0.100000 0.077604
1 0.478704 0.348698 0.446296 0.025521
1 0.397222 0.307552 0.283333 0.047396
3 0.148611 0.472656 0.110185 0.061979
1 0.357407 0.472656 0.183333 0.047396
4 0.157870 0.612240 0.128704 0.072396
1 0.483796 0.586719 0.399074 0.047396
1 0.504630 0.627865 0.440741 0.025521
4 0.148611 0.764844 0.110185 0.061979
1 0.401852 0.764844 0.272222 0.047396
4 0.146296 0.884375 0.105556 0.059375
1 0.340278 0.891406 0.158333 0.047396
3 0.964815 0.891406 0.070370 0.060937
3 0.146296 0.997135 0.105556 0.005729
1 0.435185 0.996615 0.348148 0.006771