1 0.113426 0.195052 0.149074 0.083854
1 0.113426 0.293490 0.149074 0.083854
1 0.113426 0.391927 0.149074 0.083854
1 0.113426 0.490365 0.149074 0.083854
1 0.113426 0.588802 0.149074 0.083854
1 0.113426 0.687240 0.149074 0.083854
1 0.113426 0.785677 0.149074 0.083854
1 0.113426 0.884115 0.149074 0.083854
7 0.616667 0.251563 0.766667 0.196875
3 0.408333 0.251563 0.350000 0.196875
1 0.819444 0.180990 0.361111 0.036979
1 0.723611 0.222917 0.169444 0.032292
1 0.788426 0.309635 0.299074 0.029687
7 0.616667 0.470313 0.766667 0.196875
3 0.408333 0.470313 0.350000 0.196875
1 0.755556 0.399740 0.233333 0.036979
1 0.733796 0.441667 0.189815 0.032292
1 0.785648 0.528385 0.293519 0.029687
7 0.616667 0.689063 0.766667 0.196875
3 0.408333 0.689063 0.350000 0.196875
1 0.781944 0.618490 0.286111 0.036979
1 0.729167 0.660417 0.180556 0.032292
1 0.772222 0.747135 0.266667 0.029687
7 0.616667 0.904687 0.766667 0.190625
3 0.408333 0.904687 0.350000 0.190625
1 0.819444 0.837240 0.361111 0.036979
1 0.688889 0.879167 0.100000 0.032292
1 0.730556 0.965885 0.183333 0.029687
1 0.116204 0.087500 0.143519 0.034375
1 0.355556 0.087500 0.166667 0.034375