1 0.113426 0.195052 0.149074 0.083854
1 0.113426 0.293490 0.149074 0.083854
1 0.113426 0.391927 0.149074 0.083854
1 0.113426 0.490365 0.149074 0.083854
1 0.113426 0.588802 0.149074 0.083854
1 0.113426 0.687240 0.149074 0.083854
1 0.113426 0.785677 0.149074 0.083854
1 0.113426 0.884115 0.149074 0.083854
7 0.616667 0.251042 0.766667 0.195833
3 0.408333 0.251042 0.350000 0.195833
1 0.819444 0.196094 0.361111 0.069271
1 0.744907 0.254167 0.212037 0.032292
1 0.786574 0.308594 0.295370 0.029687
7 0.616667 0.469271 0.766667 0.196875
3 0.408333 0.469271 0.350000 0.196875
1 0.813889 0.398698 0.350000 0.036979
1 0.812037 0.440625 0.346296 0.032292
1 0.817130 0.527344 0.356481 0.029687
7 0.616667 0.688021 0.766667 0.196875
3 0.408333 0.688021 0.350000 0.196875
1 0.721296 0.617448 0.164815 0.036979
1 0.676389 0.659375 0.075000 0.032292
1 0.730556 0.746094 0.183333 0.029687
7 0.616667 0.904167 0.766667 0.191667
3 0.408333 0.904167 0.350000 0.191667
1 0.694907 0.836198 0.112037 0.036979
1 0.716204 0.878125 0.154630 0.032292
1 0.769907 0.964844 0.262037 0.029687
1 0.116204 0.087500 0.143519 0.034375
1 0.355556 0.087500 0.166667 0.034375