7 0.222222 0.125000 0.444444 0.250000
3 0.222222 0.125000 0.444444 0.250000
7 0.666667 0.125000 0.444444 0.250000
3 0.666667 0.125000 0.444444 0.250000
7 0.944444 0.125000 0.111111 0.250000
3 0.944444 0.125000 0.111111 0.250000
7 0.222222 0.375000 0.444444 0.250000
3 0.222222 0.375000 0.444444 0.250000
7 0.666667 0.375000 0.444444 0.250000
3 0.666667 0.375000 0.444444 0.250000
7 0.944444 0.375000 0.111111 0.250000
3 0.944444 0.375000 0.111111 0.250000
7 0.222222 0.625000 0.444444 0.250000
3 0.222222 0.625000 0.444444 0.250000
7 0.666667 0.625000 0.444444 0.250000
3 0.666667 0.625000 0.444444 0.250000
7 0.944444 0.625000 0.111111 0.250000
3 0.944444 0.625000 0.111111 0.250000
7 0.222222 0.875000 0.444444 0.250000
3 0.222222 0.875000 0.444444 0.250000
7 0.666667 0.875000 0.444444 0.250000
3 0.666667 0.875000 0.444444 0.250000
7 0.944444 0.875000 0.111111 0.250000
3 0.944444 0.875000 0.111111 0.250000
6 0.500000 0.051042 1.000000 0.102083
1 0.449074 0.050781 0.794444 0.048438