3 0.500000 0.521875 1.000000 0.956250
1 0.666204 0.095573 0.630556 0.048438
1 0.666204 0.149219 0.256481 0.044271
3 0.162037 0.166927 0.324074 0.064062
1 0.324074 0.251563 0.648148 0.046875
1 0.456019 0.299479 0.912037 0.034375
1 0.232870 0.376563 0.465741 0.046875
1 0.285648 0.439323 0.571296 0.064062
1 0.202778 0.531250 0.405556 0.046875
1 0.487037 0.579167 0.974074 0.034375
1 0.305093 0.656250 0.610185 0.046875
1 0.500000 0.733854 1.000000 0.093750
1 0.416667 0.840625 0.833333 0.046875
1 0.500000 0.903385 1.000000 0.064062
1 0.364352 0.985938 0.728704 0.028125