3 0.500000 0.139583 1.000000 0.009375
1 0.597222 0.089323 0.805556 0.091146
3 0.500000 0.521875 1.000000 0.956250
1 0.540741 0.203125 0.918519 0.044792
2 0.524537 0.353906 0.950926 0.092188
7 0.500000 0.485156 1.000000 0.129688
1 0.532407 0.484115 0.935185 0.127604
1 0.986574 0.526302 0.026852 0.043229
7 0.500000 0.614844 1.000000 0.129688
1 0.532407 0.613802 0.935185 0.127604
1 0.986574 0.655990 0.026852 0.043229
7 0.500000 0.744531 1.000000 0.129688
1 0.532407 0.743490 0.935185 0.127604
1 0.986574 0.785677 0.026852 0.043229
7 0.500000 0.874219 1.000000 0.129688
1 0.532407 0.873177 0.935185 0.127604
1 0.986574 0.915365 0.026852 0.043229
7 0.500000 0.969531 1.000000 0.060937
1 0.532407 0.969531 0.935185 0.060937