7 0.254630 0.113542 0.405556 0.081250
3 0.197685 0.104427 0.291667 0.063021
7 0.660185 0.113542 0.405556 0.081250
3 0.603241 0.104427 0.291667 0.063021
7 0.931481 0.113542 0.137037 0.081250
3 0.931481 0.104427 0.137037 0.063021
7 0.254630 0.245312 0.405556 0.182292
3 0.197685 0.236198 0.291667 0.164062
7 0.660185 0.245312 0.405556 0.182292
3 0.603241 0.236198 0.291667 0.164062
7 0.931481 0.245312 0.137037 0.182292
3 0.931481 0.236198 0.137037 0.164062
7 0.254630 0.427604 0.405556 0.182292
3 0.197685 0.418490 0.291667 0.164062
7 0.660185 0.427604 0.405556 0.182292
3 0.603241 0.418490 0.291667 0.164062
7 0.931481 0.427604 0.137037 0.182292
3 0.931481 0.418490 0.137037 0.164062
7 0.254630 0.609896 0.405556 0.182292
3 0.197685 0.600781 0.291667 0.164062
7 0.660185 0.609896 0.405556 0.182292
3 0.603241 0.600781 0.291667 0.164062
7 0.931481 0.609896 0.137037 0.182292
3 0.931481 0.600781 0.137037 0.164062
7 0.254630 0.792188 0.405556 0.182292
3 0.197685 0.783073 0.291667 0.164062
7 0.660185 0.792188 0.405556 0.182292
3 0.603241 0.783073 0.291667 0.164062
7 0.931481 0.792188 0.137037 0.182292
3 0.931481 0.783073 0.137037 0.164062
7 0.254630 0.941667 0.405556 0.116667
3 0.197685 0.941667 0.291667 0.116667
7 0.660185 0.941667 0.405556 0.116667
3 0.603241 0.941667 0.291667 0.116667
7 0.931481 0.941667 0.137037 0.116667
3 0.931481 0.941667 0.137037 0.116667