9 0.500000 0.543750 1.000000 0.912500
1 0.500000 0.729167 1.000000 0.175000
1 0.500000 0.904167 1.000000 0.175000
1 0.500000 0.995833 1.000000 0.008333
3 0.802778 0.350000 0.394444 0.289583
6 0.500000 0.189583 1.000000 0.204167
1 0.694444 0.189062 0.611111 0.096875
3 0.181481 0.189583 0.362963 0.204167
7 0.454630 0.620313 0.909259 0.657292
8 0.454630 0.610938 0.842593 0.638542
3 0.453704 0.440104 0.777778 0.296875
1 0.454630 0.629687 0.842593 0.059375
1 0.454630 0.740104 0.842593 0.138542
1 0.454630 0.875521 0.842593 0.109375
7 0.954630 0.620313 0.090741 0.657292
8 0.971296 0.610938 0.057407 0.638542
3 0.987037 0.440104 0.025926 0.296875
1 0.971296 0.629687 0.057407 0.059375
1 0.971296 0.740104 0.057407 0.138542
1 0.971296 0.875521 0.057407 0.109375