6 0.500000 0.087500 1.000000 0.087500
4 0.025926 0.087500 0.051852 0.087500
4 0.025926 0.087500 0.051852 0.029167
1 0.327778 0.087240 0.551852 0.044271
7 0.503241 0.181510 0.993519 0.093229
1 0.535648 0.181510 0.928704 0.044271
7 0.503241 0.274740 0.993519 0.093229
1 0.535648 0.274740 0.928704 0.044271
7 0.503241 0.367969 0.993519 0.093229
1 0.535648 0.367969 0.928704 0.044271
7 0.503241 0.461198 0.993519 0.093229
1 0.535648 0.461198 0.928704 0.044271
7 0.503241 0.554427 0.993519 0.093229
1 0.535648 0.554427 0.928704 0.044271
7 0.503241 0.647656 0.993519 0.093229
1 0.535648 0.647656 0.928704 0.044271
7 0.503241 0.740885 0.993519 0.093229
1 0.535648 0.740885 0.928704 0.044271
7 0.503241 0.834115 0.993519 0.093229
1 0.535648 0.834115 0.928704 0.044271
7 0.503241 0.927344 0.993519 0.093229
1 0.535648 0.927344 0.928704 0.044271
7 0.503241 0.986979 0.993519 0.026042