3 0.500000 0.098437 1.000000 0.109375
1 0.666204 0.098437 0.239815 0.062500
4 0.881019 0.098437 0.097222 0.062500
1 0.556944 0.281510 0.886111 0.128646
1 0.275926 0.390365 0.161111 0.031771
1 0.257870 0.433073 0.125000 0.053646
1 0.260185 0.536198 0.129630 0.031771
1 0.298148 0.578906 0.205556 0.053646
1 0.297222 0.682031 0.203704 0.031771
1 0.397222 0.724740 0.403704 0.053646
1 0.377315 0.827865 0.363889 0.031771
1 0.581944 0.870573 0.773148 0.053646
1 0.425463 0.973698 0.460185 0.031771
1 0.274537 0.994792 0.158333 0.010417