1 0.590278 0.347396 0.819444 0.060417
7 0.622685 0.474219 0.754630 0.164062
3 0.622685 0.530469 0.754630 0.003646
3 0.323148 0.437500 0.155556 0.087500
1 0.601389 0.413542 0.387963 0.039583
1 0.703704 0.479948 0.592593 0.093229
7 0.622685 0.637760 0.754630 0.164062
3 0.622685 0.694010 0.754630 0.003646
3 0.323148 0.601042 0.155556 0.087500
1 0.500000 0.577083 0.185185 0.039583
1 0.703704 0.643490 0.592593 0.093229
7 0.622685 0.801302 0.754630 0.164062
3 0.622685 0.857552 0.754630 0.003646
4 0.323148 0.764583 0.155556 0.087500
1 0.457870 0.740625 0.100926 0.039583
1 0.703704 0.792188 0.592593 0.063542
1 0.666204 0.909896 0.437963 0.051042