6 0.500000 0.087500 1.000000 0.087500
4 0.048148 0.087500 0.096296 0.087500
4 0.025926 0.087500 0.051852 0.029167
4 0.061574 0.087500 0.043519 0.043750
1 0.361111 0.087500 0.529630 0.087500
7 0.500000 0.251302 1.000000 0.235937
1 0.519444 0.162500 0.961111 0.039583
1 0.500000 0.298177 1.000000 0.036979
1 0.500000 0.333854 1.000000 0.034375
1 0.356481 0.242188 0.107407 0.058333
1 0.480556 0.242188 0.107407 0.058333
1 0.604630 0.242188 0.107407 0.058333
1 0.728704 0.242188 0.107407 0.058333
1 0.852778 0.242188 0.107407 0.058333
1 0.961574 0.242188 0.076852 0.058333
7 0.500000 0.489323 1.000000 0.235937
1 0.519444 0.400521 0.961111 0.039583
1 0.500000 0.536198 1.000000 0.036979
1 0.500000 0.571875 1.000000 0.034375
1 0.356481 0.480208 0.107407 0.058333
1 0.480556 0.480208 0.107407 0.058333
1 0.604630 0.480208 0.107407 0.058333
1 0.728704 0.480208 0.107407 0.058333
1 0.852778 0.480208 0.107407 0.058333
1 0.961574 0.480208 0.076852 0.058333
7 0.500000 0.727344 1.000000 0.235937
1 0.519444 0.638542 0.961111 0.039583
1 0.500000 0.774219 1.000000 0.036979
1 0.500000 0.809896 1.000000 0.034375
1 0.356481 0.718229 0.107407 0.058333
1 0.480556 0.718229 0.107407 0.058333
1 0.604630 0.718229 0.107407 0.058333
1 0.728704 0.718229 0.107407 0.058333
1 0.852778 0.718229 0.107407 0.058333
1 0.961574 0.718229 0.076852 0.058333
7 0.500000 0.923698 1.000000 0.152604
1 0.519444 0.876563 0.961111 0.039583
1 0.500000 0.996875 1.000000 0.006250
1 0.356481 0.956250 0.107407 0.058333
1 0.480556 0.956250 0.107407 0.058333
1 0.604630 0.956250 0.107407 0.058333
1 0.728704 0.956250 0.107407 0.058333
1 0.852778 0.956250 0.107407 0.058333
1 0.961574 0.956250 0.076852 0.058333