4 0.132870 0.118490 0.162037 0.091146
1 0.632870 0.118490 0.734259 0.091146
1 0.512963 0.244271 0.974074 0.080208
1 0.512963 0.326562 0.974074 0.080208
1 0.512963 0.408854 0.974074 0.080208
1 0.512963 0.529167 0.974074 0.080208
1 0.512963 0.611458 0.974074 0.080208
1 0.512963 0.693750 0.974074 0.080208
1 0.512963 0.776042 0.974074 0.080208
1 0.512963 0.858333 0.974074 0.080208
1 0.512963 0.969271 0.974074 0.061458
1 0.525926 0.181250 0.948148 0.034375
3 0.512963 0.201302 0.974074 0.005729
1 0.525926 0.466146 0.948148 0.034375
3 0.512963 0.486198 0.974074 0.005729
1 0.525926 0.915625 0.948148 0.034375
3 0.512963 0.935677 0.974074 0.005729