9 0.500000 0.087500 1.000000 0.087500
1 0.106481 0.087500 0.212963 0.087500
1 0.481944 0.087500 0.537963 0.087500
1 0.875463 0.087500 0.249074 0.087500
8 0.514815 0.283594 0.970370 0.268229
1 0.323611 0.283594 0.347222 0.195312
1 0.666667 0.283594 0.103704 0.044271
1 0.918056 0.283594 0.163889 0.195312
8 0.346296 0.479427 0.640741 0.104688
3 0.346296 0.429167 0.614815 0.004167
1 0.381944 0.463542 0.543519 0.042708
1 0.381944 0.499740 0.543519 0.029687
8 0.833333 0.479427 0.333333 0.104688
3 0.839815 0.429167 0.320370 0.004167
1 0.875463 0.463542 0.249074 0.042708
1 0.875463 0.499740 0.249074 0.029687
8 0.346296 0.993750 0.640741 0.012500
3 0.346296 0.998698 0.614815 0.002604
8 0.833333 0.993750 0.333333 0.012500
3 0.839815 0.998698 0.320370 0.002604