6 0.500000 0.094792 1.000000 0.102083
4 0.090741 0.094792 0.181481 0.102083
1 0.392593 0.094531 0.318519 0.048438
9 0.500000 0.189583 1.000000 0.087500
1 0.106481 0.189583 0.212963 0.087500
1 0.481944 0.189583 0.537963 0.087500
1 0.875463 0.189583 0.249074 0.087500
8 0.514815 0.385677 0.970370 0.268229
1 0.323611 0.385677 0.347222 0.195312
1 0.666667 0.385677 0.103704 0.044271
1 0.918056 0.385677 0.163889 0.195312
8 0.346296 0.710677 0.640741 0.363021
3 0.346296 0.660417 0.614815 0.262500
1 0.381944 0.823958 0.543519 0.042708
1 0.381944 0.860156 0.543519 0.029687
8 0.833333 0.710677 0.333333 0.363021
3 0.839815 0.660417 0.320370 0.262500
1 0.875463 0.823958 0.249074 0.042708
1 0.875463 0.860156 0.249074 0.029687