9 0.486111 0.500000 0.972222 1.000000
7 0.486111 0.164062 0.972222 0.328125
1 0.486111 0.164062 0.388889 0.067708
1 0.486111 0.097135 0.305556 0.044271
1 0.486111 0.283333 0.616667 0.070833
7 0.486111 0.380469 0.972222 0.100521
1 0.289815 0.380208 0.462963 0.061458
7 0.486111 0.483073 0.972222 0.100521
1 0.268519 0.482812 0.420370 0.061458
7 0.486111 0.585677 0.972222 0.100521
1 0.310185 0.585417 0.503704 0.061458
7 0.486111 0.688281 0.972222 0.100521
1 0.264352 0.688021 0.412037 0.061458
7 0.486111 0.767969 0.972222 0.054688
7 0.486111 0.847656 0.972222 0.100521
1 0.304167 0.847396 0.491667 0.062500
7 0.486111 0.950000 0.972222 0.100000
1 0.282407 0.950000 0.448148 0.062500
6 0.500000 0.094792 1.000000 0.102083
1 0.382870 0.094531 0.299074 0.048438
3 0.090741 0.094792 0.181481 0.102083
3 0.946296 0.094792 0.107407 0.087500
1 0.408333 0.181250 0.751852 0.034375
1 0.516204 0.292187 0.967593 0.034375
1 0.666667 0.365104 0.427778 0.067708
1 0.500000 0.517969 1.000000 0.080729
7 0.500000 0.693490 1.000000 0.270313
8 0.500000 0.693490 1.000000 0.270313
3 0.504167 0.653385 0.991667 0.177604
4 0.079630 0.782292 0.077778 0.043750
1 0.575463 0.782292 0.849074 0.034375