1 0.272685 0.089323 0.297222 0.091146
7 0.500000 0.175000 1.000000 0.080208
1 0.200000 0.175000 0.400000 0.080208
7 0.500000 0.257292 1.000000 0.080208
1 0.101389 0.257292 0.202778 0.080208
7 0.500000 0.339583 1.000000 0.080208
1 0.198611 0.339583 0.397222 0.080208
7 0.500000 0.421875 1.000000 0.080208
1 0.076852 0.421875 0.153704 0.080208
7 0.500000 0.504167 1.000000 0.080208
1 0.198148 0.504167 0.396296 0.080208
7 0.500000 0.586458 1.000000 0.080208
1 0.144444 0.586458 0.288889 0.080208
7 0.500000 0.668750 1.000000 0.080208
1 0.193519 0.668750 0.387037 0.080208
7 0.500000 0.751042 1.000000 0.080208
1 0.091667 0.751042 0.183333 0.080208
7 0.500000 0.833333 1.000000 0.080208
1 0.145833 0.833333 0.291667 0.080208
7 0.500000 0.915625 1.000000 0.080208
1 0.098611 0.915625 0.197222 0.080208
7 0.500000 0.978906 1.000000 0.042188
1 0.241204 0.978906 0.482407 0.042188