6 0.500000 0.094792 1.000000 0.102083
3 0.938889 0.094792 0.122222 0.087500
1 0.116204 0.094531 0.128704 0.048438
4 0.216667 0.094531 0.038889 0.021354
1 0.312500 0.094531 0.119444 0.048438
7 0.508333 0.280208 0.983333 0.268750
1 0.291204 0.209115 0.062037 0.024479
1 0.159722 0.193490 0.175000 0.085938
3 0.982870 0.193490 0.034259 0.085938
1 0.169444 0.251302 0.177778 0.029687
1 0.250463 0.278125 0.339815 0.034375
1 0.682407 0.251302 0.100000 0.029687
1 0.813889 0.278125 0.362963 0.034375
1 0.997685 0.251302 0.004630 0.029687
1 0.997685 0.278125 0.004630 0.034375
1 0.169444 0.323177 0.177778 0.029687
1 0.250926 0.350000 0.340741 0.034375
1 0.682407 0.323177 0.100000 0.029687
1 0.813889 0.350000 0.362963 0.034375
1 0.997685 0.323177 0.004630 0.029687
1 0.997685 0.350000 0.004630 0.034375
7 0.508333 0.555729 0.983333 0.284375
1 0.291204 0.492448 0.062037 0.024479
1 0.159722 0.476823 0.175000 0.085938
3 0.982870 0.476823 0.034259 0.085938
1 0.169444 0.534635 0.177778 0.029687
1 0.250463 0.561458 0.339815 0.034375
1 0.682407 0.534635 0.100000 0.029687
1 0.813889 0.561458 0.362963 0.034375
1 0.997685 0.534635 0.004630 0.029687
1 0.997685 0.561458 0.004630 0.034375
1 0.169444 0.606510 0.177778 0.029687
1 0.250926 0.633333 0.340741 0.034375
1 0.682407 0.606510 0.100000 0.029687
1 0.813889 0.633333 0.362963 0.034375
1 0.997685 0.606510 0.004630 0.029687
1 0.997685 0.633333 0.004630 0.034375
7 0.508333 0.839063 0.983333 0.284375
1 0.291204 0.775781 0.062037 0.024479
1 0.159722 0.760156 0.175000 0.085938
3 0.982870 0.760156 0.034259 0.085938
1 0.169444 0.817969 0.177778 0.029687
1 0.250463 0.844792 0.339815 0.034375
1 0.682407 0.817969 0.100000 0.029687
1 0.813889 0.844792 0.362963 0.034375
1 0.997685 0.817969 0.004630 0.029687
1 0.997685 0.844792 0.004630 0.034375
1 0.169444 0.889844 0.177778 0.029687
1 0.250463 0.916667 0.339815 0.034375
1 0.682407 0.889844 0.100000 0.029687
1 0.813889 0.916667 0.362963 0.034375
1 0.997685 0.889844 0.004630 0.029687
1 0.997685 0.916667 0.004630 0.034375
7 0.508333 0.990104 0.983333 0.019792