6 0.500000 0.087500 1.000000 0.087500
4 0.985185 0.087500 0.029630 0.087500
4 0.064815 0.087500 0.129630 0.072917
3 0.169444 0.087500 0.103704 0.058333
1 0.452315 0.087240 0.436111 0.044271
9 0.388889 0.565625 0.777778 0.868750
7 0.388889 0.183594 0.777778 0.104688
4 0.064815 0.183333 0.129630 0.072917
1 0.256019 0.183594 0.252778 0.044271
7 0.388889 0.287760 0.777778 0.104688
4 0.064815 0.287500 0.129630 0.072917
1 0.250000 0.287760 0.240741 0.044271
1 0.666667 0.590625 0.648148 0.140625
1 0.666667 0.786458 0.648148 0.140625
1 0.524537 0.502865 0.950926 0.688021