6 0.500000 0.094792 1.000000 0.102083
3 0.312963 0.094531 0.262963 0.041146
4 0.090741 0.094792 0.181481 0.102083
3 0.958333 0.094792 0.083333 0.102083
1 0.500000 0.208333 1.000000 0.041667
1 0.343056 0.170313 0.621296 0.034375
8 0.890741 0.170313 0.218519 0.018750
8 0.500000 0.522917 1.000000 0.587500
1 0.509259 0.681771 0.981481 0.053125
1 0.509259 0.734896 0.981481 0.053125
3 0.509259 0.595573 0.981481 0.410938
8 0.500000 0.908333 1.000000 0.183333
3 0.237037 0.928385 0.414815 0.143229
1 0.730556 0.931250 0.538889 0.071875
1 0.743519 0.876042 0.512963 0.038542