6 0.500000 0.094792 1.000000 0.102083
3 0.343519 0.094531 0.324074 0.041146
4 0.090741 0.094792 0.181481 0.102083
3 0.958333 0.094792 0.083333 0.102083
2 0.333333 0.214323 0.666667 0.136979
1 0.332870 0.214323 0.167593 0.111979
2 0.833333 0.214323 0.333333 0.136979
1 0.938889 0.214323 0.122222 0.111979
2 0.333333 0.351302 0.666667 0.136979
1 0.333333 0.351302 0.168519 0.111979
1 0.401852 0.306771 0.064815 0.036458
2 0.833333 0.351302 0.333333 0.136979
2 0.333333 0.488281 0.666667 0.136979
1 0.333333 0.488021 0.196296 0.092708
2 0.833333 0.488281 0.333333 0.136979
1 0.961111 0.488281 0.077778 0.111979
2 0.333333 0.625260 0.666667 0.136979
1 0.332870 0.625260 0.191667 0.111979
2 0.833333 0.625260 0.333333 0.136979
1 0.929630 0.625260 0.140741 0.111979
3 0.965741 0.334115 0.068519 0.076563
1 0.950000 0.389583 0.100000 0.034375
8 0.500000 0.474219 1.000000 0.638021
1 0.509259 0.636458 0.981481 0.111458
3 0.509259 0.375521 0.981481 0.410417
3 0.666204 0.375260 0.119444 0.067187
1 0.509259 0.724219 0.981481 0.064062
8 0.500000 0.896615 1.000000 0.206771
3 0.217593 0.909115 0.375926 0.151562
3 0.217593 0.909115 0.375926 0.151562
1 0.711111 0.868490 0.577778 0.070312
4 0.488889 0.961979 0.081481 0.045833
4 0.622222 0.961979 0.081481 0.045833
4 0.755556 0.961979 0.081481 0.045833
4 0.888889 0.961979 0.081481 0.045833