9 0.453704 0.521875 0.907407 0.956250
3 0.453704 0.115885 0.392593 0.034896
4 0.077778 0.465625 0.155556 0.087500
1 0.453704 0.465625 0.596296 0.087500
4 0.829630 0.465625 0.155556 0.087500
3 0.077778 0.231771 0.155556 0.087500
1 0.531481 0.231771 0.751852 0.087500
3 0.077778 0.321354 0.155556 0.087500
1 0.531481 0.321354 0.751852 0.087500
3 0.077778 0.555208 0.155556 0.087500
1 0.453704 0.555208 0.596296 0.087500
4 0.829630 0.555208 0.155556 0.087500
3 0.077778 0.644792 0.155556 0.087500
1 0.453704 0.644792 0.596296 0.087500
4 0.829630 0.644792 0.155556 0.087500
3 0.077778 0.734375 0.155556 0.087500
1 0.453704 0.734375 0.596296 0.087500
4 0.829630 0.734375 0.155556 0.087500
3 0.077778 0.823958 0.155556 0.087500
1 0.453704 0.823958 0.596296 0.087500
4 0.829630 0.823958 0.155556 0.087500
3 0.077778 0.913542 0.155556 0.087500
1 0.453704 0.913542 0.596296 0.087500
4 0.829630 0.913542 0.155556 0.087500
3 0.077778 0.979688 0.155556 0.040625
1 0.453704 0.979688 0.596296 0.040625
4 0.829630 0.979688 0.155556 0.040625
6 0.500000 0.094792 1.000000 0.102083
3 0.090741 0.094792 0.181481 0.102083
3 0.666667 0.094792 0.392593 0.029167
8 0.500000 0.522656 1.000000 0.044271
3 0.500000 0.936458 1.000000 0.127083
3 0.500000 0.345313 1.000000 0.398958
3 0.332870 0.708854 0.665741 0.328125
1 0.332407 0.831250 0.131481 0.039583
3 0.834259 0.708854 0.331481 0.328125
1 0.968981 0.831250 0.062037 0.039583