6 0.500000 0.094792 1.000000 0.102083
1 0.250926 0.094792 0.138889 0.039583
4 0.090741 0.094792 0.181481 0.102083
1 0.666667 0.632292 0.138889 0.039583
1 0.666204 0.671875 0.258333 0.039583
1 0.666204 0.735417 0.584259 0.058333
1 0.666204 0.796354 0.445370 0.034375
8 0.500000 0.561198 1.000000 0.044271
1 0.129630 0.922917 0.259259 0.102083
1 0.129630 0.986979 0.259259 0.026042
3 0.500000 0.364583 1.000000 0.437500
1 0.368981 0.997917 0.167593 0.004167
1 0.572222 0.997917 0.135185 0.004167
1 0.766204 0.997917 0.149074 0.004167
1 0.946296 0.997917 0.107407 0.004167
3 0.350000 0.922917 0.103704 0.058333
4 0.392130 0.899219 0.058333 0.032813