1 0.500000 0.075521 1.000000 0.063542
7 0.500000 0.190365 1.000000 0.161979
1 0.274074 0.158333 0.444444 0.039583
1 0.525926 0.210156 0.948148 0.064062
7 0.500000 0.354427 1.000000 0.161979
1 0.327778 0.322396 0.551852 0.039583
1 0.525926 0.374219 0.948148 0.064062
7 0.500000 0.518490 1.000000 0.161979
1 0.319444 0.486458 0.535185 0.039583
1 0.525926 0.538281 0.948148 0.064062
7 0.500000 0.682552 1.000000 0.161979
1 0.334722 0.650521 0.565741 0.039583
1 0.525926 0.702344 0.948148 0.064062
7 0.500000 0.831771 1.000000 0.132292
1 0.163426 0.814583 0.223148 0.039583
1 0.470370 0.851562 0.837037 0.034375
1 0.500000 0.931771 1.000000 0.063542
7 0.500000 0.982812 1.000000 0.034375
1 0.297685 0.997396 0.491667 0.005208