6 0.500000 0.094792 1.000000 0.102083
3 0.343519 0.094531 0.324074 0.041146
4 0.090741 0.094792 0.181481 0.102083
3 0.958333 0.094792 0.083333 0.102083
8 0.500000 0.474219 1.000000 0.638021
1 0.509259 0.636458 0.981481 0.111458
3 0.509259 0.375521 0.981481 0.410417
4 0.666204 0.375260 0.119444 0.067187
1 0.509259 0.724219 0.981481 0.064062
8 0.500000 0.896615 1.000000 0.206771
3 0.217593 0.909115 0.375926 0.151562
3 0.217593 0.909115 0.375926 0.151562
1 0.711111 0.868490 0.577778 0.070312
4 0.488889 0.961979 0.081481 0.045833
4 0.622222 0.961979 0.081481 0.045833
4 0.755556 0.961979 0.081481 0.045833
4 0.888889 0.961979 0.081481 0.045833