6 0.500000 0.131250 1.000000 0.175000
1 0.145833 0.087500 0.291667 0.087500
1 0.142130 0.175000 0.284259 0.087500
1 0.428241 0.175000 0.284259 0.087500
1 0.714352 0.175000 0.284259 0.087500
1 0.929167 0.175000 0.141667 0.087500
7 0.500000 0.291667 1.000000 0.145833
3 0.197685 0.291406 0.291667 0.127604
3 0.197685 0.291406 0.291667 0.127604
1 0.573611 0.285677 0.395370 0.042188
1 0.472222 0.321354 0.192593 0.029167
7 0.500000 0.439583 1.000000 0.145833
3 0.197685 0.439323 0.291667 0.127604
3 0.197685 0.439323 0.291667 0.127604
1 0.620370 0.433594 0.488889 0.042188
1 0.470833 0.469271 0.189815 0.029167
7 0.500000 0.587500 1.000000 0.145833
3 0.197685 0.587240 0.291667 0.127604
3 0.197685 0.587240 0.291667 0.127604
1 0.581481 0.581510 0.411111 0.042188
1 0.471759 0.617188 0.191667 0.029167