6 0.500000 0.087500 1.000000 0.087500
1 0.480556 0.087500 0.648148 0.087500
4 0.025926 0.087500 0.051852 0.029167
4 0.091667 0.087500 0.103704 0.058333
4 0.985185 0.087500 0.029630 0.087500
4 0.985185 0.087500 0.029630 0.065625
3 0.500000 0.565625 1.000000 0.868750
7 0.500000 0.189583 1.000000 0.116667
1 0.500000 0.189583 1.000000 0.097917
7 0.500000 0.307292 1.000000 0.116667
1 0.500000 0.307292 1.000000 0.097917
7 0.500000 0.425000 1.000000 0.116667
1 0.500000 0.425000 1.000000 0.097917
7 0.500000 0.542708 1.000000 0.116667
1 0.500000 0.542708 1.000000 0.097917
7 0.500000 0.660417 1.000000 0.116667
1 0.500000 0.660417 1.000000 0.097917
7 0.500000 0.778125 1.000000 0.116667
1 0.500000 0.778125 1.000000 0.097917
7 0.500000 0.895833 1.000000 0.116667
1 0.500000 0.895833 1.000000 0.097917
7 0.500000 0.977604 1.000000 0.044792
1 0.500000 0.982292 1.000000 0.035417