9 0.486111 0.521875 0.972222 0.956250
7 0.486111 0.284896 0.972222 0.482292
1 0.196759 0.479167 0.263889 0.034375
4 0.045833 0.089323 0.058333 0.031771
1 0.534722 0.089583 0.776852 0.072917
4 0.043056 0.162500 0.052778 0.029167
1 0.534722 0.162500 0.776852 0.072917
4 0.043519 0.235417 0.053704 0.030208
1 0.275000 0.235417 0.257407 0.072917
7 0.469907 0.310417 0.906481 0.058333
4 0.046759 0.310417 0.060185 0.029167
1 0.534722 0.300521 0.776852 0.038542
4 0.817593 0.304167 0.081481 0.045833
7 0.486111 0.555208 0.972222 0.058333
1 0.518519 0.555208 0.907407 0.038542
4 0.866667 0.548958 0.081481 0.045833
7 0.486111 0.613542 0.972222 0.058333
1 0.518519 0.613542 0.907407 0.038542
4 0.866667 0.607292 0.081481 0.045833
7 0.486111 0.657552 0.972222 0.029687
1 0.485648 0.657552 0.243519 0.029687
6 0.500000 0.094792 1.000000 0.102083
1 0.694444 0.094792 0.611111 0.102083
3 0.311111 0.094792 0.155556 0.087500
4 0.090741 0.094792 0.181481 0.102083
7 0.500000 0.191406 1.000000 0.091146
7 0.500000 0.332813 1.000000 0.191667
3 0.194444 0.337500 0.324074 0.182292
1 0.710648 0.304688 0.578704 0.116667
1 0.710648 0.386458 0.578704 0.028125
7 0.500000 0.524479 1.000000 0.191667
3 0.194444 0.529167 0.324074 0.182292
1 0.710648 0.499740 0.578704 0.123438
1 0.710648 0.584896 0.578704 0.028125
7 0.500000 0.716146 1.000000 0.191667
3 0.194444 0.720833 0.324074 0.182292
1 0.710648 0.688021 0.578704 0.116667
1 0.710648 0.769792 0.578704 0.028125
7 0.500000 0.905990 1.000000 0.188021
3 0.194444 0.910677 0.324074 0.178646
1 0.710648 0.883073 0.578704 0.123438
1 0.710648 0.968229 0.578704 0.028125