6 0.500000 0.094792 1.000000 0.102083
4 0.090741 0.094792 0.181481 0.102083
3 0.375926 0.094792 0.388889 0.072917
4 0.926852 0.094792 0.146296 0.087500
9 0.453704 0.572917 0.907407 0.854167
1 0.453704 0.164062 0.803704 0.036458
7 0.453704 0.226042 0.803704 0.087500
4 0.116667 0.226042 0.077778 0.043750
1 0.287500 0.226042 0.160185 0.044792
7 0.453704 0.313542 0.803704 0.087500
4 0.116667 0.313542 0.077778 0.043750
1 0.295370 0.313542 0.175926 0.044792
7 0.453704 0.393750 0.803704 0.072917
1 0.453704 0.448437 0.803704 0.036458
7 0.453704 0.510417 0.803704 0.087500
3 0.116667 0.510417 0.077778 0.043750
1 0.375926 0.510417 0.337037 0.044792
7 0.453704 0.597917 0.803704 0.087500
3 0.116667 0.597917 0.077778 0.043750
1 0.350926 0.597917 0.287037 0.044792
7 0.453704 0.678125 0.803704 0.072917
7 0.453704 0.758333 0.803704 0.087500
4 0.116667 0.758333 0.077778 0.043750
1 0.296759 0.758333 0.178704 0.044792
7 0.453704 0.845833 0.803704 0.087500
4 0.116667 0.845833 0.077778 0.043750
1 0.341204 0.845833 0.267593 0.044792
7 0.453704 0.933333 0.803704 0.087500
4 0.116667 0.933333 0.077778 0.043750
1 0.315741 0.933333 0.216667 0.044792
7 0.453704 0.988542 0.803704 0.022917