6 0.500000 0.094792 1.000000 0.102083
1 0.523611 0.094531 0.658333 0.048438
4 0.090741 0.094792 0.181481 0.102083
1 0.516204 0.183854 0.967593 0.039583
1 0.516204 0.250521 0.967593 0.093750
7 0.516204 0.356771 0.967593 0.082292
1 0.488426 0.356771 0.891667 0.039583
1 0.967130 0.356771 0.065741 0.070833
7 0.516204 0.441146 0.967593 0.082292
1 0.488426 0.441146 0.891667 0.039583
1 0.967130 0.441146 0.065741 0.070833
7 0.516204 0.525521 0.967593 0.082292
1 0.504167 0.525521 0.923148 0.039583
1 0.982870 0.525521 0.034259 0.070833
7 0.516204 0.609896 0.967593 0.082292
1 0.504167 0.609896 0.923148 0.039583
1 0.982870 0.609896 0.034259 0.070833
7 0.516204 0.694271 0.967593 0.082292
1 0.427315 0.694271 0.769444 0.039583
1 0.906019 0.694271 0.187963 0.070833
7 0.516204 0.778646 0.967593 0.082292
1 0.594444 0.778646 0.811111 0.039583
7 0.516204 0.863021 0.967593 0.082292
1 0.099537 0.863021 0.113889 0.053125
1 0.561574 0.863021 0.745370 0.039583
1 0.967130 0.863021 0.065741 0.070833
7 0.516204 0.947396 0.967593 0.082292
1 0.099537 0.947396 0.113889 0.053125
1 0.561574 0.947396 0.745370 0.039583
1 0.967130 0.947396 0.065741 0.070833
7 0.516204 0.995313 0.967593 0.009375
1 0.967130 0.998177 0.065741 0.003646