6 0.500000 0.094792 1.000000 0.102083
4 0.090741 0.094792 0.181481 0.102083
1 0.590741 0.094792 0.818519 0.102083
7 0.519444 0.313542 0.961111 0.291667
1 0.488426 0.205729 0.826852 0.054167
1 0.472222 0.372917 0.859259 0.039583
1 0.199074 0.311198 0.248148 0.083854
1 0.472222 0.433854 0.859259 0.043750
1 0.807870 0.390365 0.123148 0.043229
1 0.410648 0.412500 0.671296 0.039583
3 0.950926 0.311719 0.098148 0.288021
7 0.519444 0.627083 0.961111 0.291667
1 0.488426 0.519271 0.826852 0.054167
1 0.472222 0.686458 0.859259 0.039583
1 0.199074 0.624740 0.248148 0.083854
1 0.472222 0.747396 0.859259 0.043750
1 0.807870 0.703906 0.123148 0.043229
1 0.410648 0.726042 0.671296 0.039583
3 0.950926 0.625260 0.098148 0.288021
1 0.596296 0.640365 0.481481 0.033854
7 0.519444 0.897396 0.961111 0.205208
1 0.488426 0.832812 0.826852 0.054167
1 0.472222 0.990104 0.859259 0.019792
1 0.199074 0.938281 0.248148 0.083854
1 0.807870 0.997917 0.123148 0.004167
3 0.950926 0.897396 0.098148 0.205208