6 0.500000 0.094792 1.000000 0.102083
1 0.314352 0.094531 0.239815 0.048438
4 0.090741 0.094792 0.181481 0.102083
1 0.503241 0.232292 0.993519 0.063542
7 0.503241 0.315104 0.993519 0.097917
1 0.318056 0.315104 0.519444 0.039583
7 0.503241 0.415104 0.993519 0.097917
1 0.313889 0.415104 0.511111 0.039583
1 0.503241 0.497917 0.993519 0.063542
7 0.503241 0.597917 0.993519 0.132292
1 0.398148 0.580729 0.679630 0.039583
1 0.203704 0.617708 0.290741 0.034375
7 0.503241 0.732292 0.993519 0.132292
1 0.207407 0.715104 0.298148 0.039583
1 0.454167 0.752083 0.791667 0.034375