6 0.500000 0.094792 1.000000 0.102083
1 0.320833 0.094531 0.175000 0.048438
4 0.090741 0.094792 0.181481 0.102083
1 0.500000 0.255208 1.000000 0.039583
9 0.500000 0.191667 1.000000 0.087500
1 0.222222 0.191667 0.444444 0.087500
1 0.944444 0.191667 0.111111 0.087500
1 0.666667 0.191667 0.187037 0.034375
8 0.500000 0.395052 1.000000 0.232813
3 0.139352 0.395052 0.226852 0.146354
1 0.632870 0.346094 0.734259 0.048438
1 0.632870 0.399479 0.734259 0.039583
1 0.632870 0.448437 0.734259 0.039583
8 0.500000 0.627865 1.000000 0.232813
3 0.139352 0.627865 0.226852 0.146354
1 0.632870 0.578906 0.734259 0.048438
1 0.632870 0.632292 0.734259 0.039583
1 0.632870 0.681250 0.734259 0.039583