6 0.500000 0.094792 1.000000 0.102083
4 0.103704 0.094792 0.207407 0.102083
1 0.418519 0.094531 0.396296 0.048438
9 0.500000 0.572917 1.000000 0.854167
1 0.500000 0.189583 1.000000 0.087500
1 0.500000 0.276562 1.000000 0.087500
1 0.500000 0.363542 1.000000 0.087500
1 0.500000 0.177604 1.000000 0.063542
7 0.500000 0.260417 1.000000 0.097917
1 0.125463 0.260417 0.147222 0.039583
7 0.500000 0.360417 1.000000 0.097917
1 0.133796 0.360417 0.163889 0.039583
1 0.500000 0.443229 1.000000 0.063542
7 0.500000 0.543229 1.000000 0.132292
1 0.363889 0.526042 0.624074 0.039583
1 0.484722 0.563021 0.865741 0.034375
1 0.500000 0.643229 1.000000 0.063542
7 0.500000 0.743229 1.000000 0.132292
1 0.357870 0.726042 0.612037 0.039583
1 0.525926 0.763021 0.948148 0.034375
7 0.500000 0.877604 1.000000 0.132292
1 0.208333 0.860417 0.312963 0.039583
1 0.343981 0.897396 0.584259 0.034375