3 0.308333 0.087500 0.583333 0.072917
1 0.650000 0.258854 0.466667 0.065625
7 0.500000 0.345313 1.000000 0.100000
1 0.500000 0.345313 1.000000 0.100000
7 0.500000 0.445833 1.000000 0.100000
1 0.500000 0.445833 1.000000 0.100000
7 0.500000 0.546354 1.000000 0.100000
1 0.500000 0.546354 1.000000 0.100000
7 0.500000 0.646875 1.000000 0.100000
1 0.500000 0.646875 1.000000 0.100000
7 0.500000 0.747396 1.000000 0.100000
1 0.500000 0.747396 1.000000 0.100000
7 0.500000 0.847917 1.000000 0.100000
1 0.500000 0.847917 1.000000 0.100000
7 0.500000 0.948438 1.000000 0.100000
1 0.500000 0.948438 1.000000 0.100000