1 0.645833 0.218750 0.708333 0.063542
2 0.525926 0.863802 0.948148 0.080729
3 0.174537 0.419531 0.162037 0.091146
1 0.174537 0.481771 0.097222 0.033333
3 0.419907 0.419531 0.162037 0.091146
1 0.419444 0.481771 0.096296 0.033333
3 0.665278 0.419531 0.162037 0.091146
1 0.665278 0.481771 0.089815 0.033333
3 0.911574 0.419531 0.162037 0.091146
1 0.911574 0.481771 0.137963 0.033333
3 0.174537 0.562760 0.162037 0.091146
1 0.174074 0.625000 0.174074 0.033333
3 0.419907 0.562760 0.162037 0.091146
1 0.419444 0.625000 0.107407 0.033333
3 0.665278 0.562760 0.162037 0.091146
1 0.665741 0.625000 0.196296 0.033333
3 0.911574 0.562760 0.162037 0.091146
1 0.911574 0.625000 0.158333 0.033333
1 0.665741 0.768229 0.164815 0.033333
4 0.664815 0.705729 0.064815 0.036458