9 0.500000 0.521875 1.000000 0.956250
7 0.500000 0.131510 1.000000 0.175521
4 0.155556 0.131250 0.207407 0.116667
4 0.953241 0.094792 0.093519 0.102083
1 0.608796 0.090365 0.595370 0.034896
1 0.360648 0.131510 0.099074 0.032813
1 0.438426 0.173698 0.254630 0.032813
7 0.500000 0.227083 1.000000 0.016667
7 0.500000 0.278646 1.000000 0.087500
1 0.525926 0.278646 0.948148 0.087500
7 0.500000 0.365625 1.000000 0.087500
1 0.372685 0.365625 0.641667 0.087500
1 0.846759 0.365625 0.306481 0.087500
7 0.500000 0.452604 1.000000 0.087500
1 0.497222 0.452604 0.890741 0.087500
1 0.984259 0.452604 0.031481 0.038542
7 0.500000 0.539583 1.000000 0.087500
1 0.525926 0.539583 0.948148 0.087500
7 0.500000 0.626563 1.000000 0.087500
1 0.525926 0.626563 0.948148 0.087500
7 0.500000 0.713542 1.000000 0.087500
1 0.525926 0.713542 0.948148 0.087500
7 0.500000 0.772396 1.000000 0.031250
7 0.500000 0.831250 1.000000 0.087500
1 0.525926 0.831250 0.948148 0.087500
7 0.500000 0.918229 1.000000 0.087500
1 0.525926 0.918229 0.948148 0.087500
7 0.500000 0.980729 1.000000 0.038542
1 0.525926 0.980729 0.948148 0.038542
6 0.500000 0.094792 1.000000 0.102083
1 0.377315 0.094792 0.287963 0.043750
3 0.103704 0.094792 0.181481 0.102083
3 0.666667 0.510938 0.388889 0.218750
1 0.666667 0.685937 0.496296 0.043750
1 0.617593 0.745052 0.764815 0.030729
1 0.666667 0.855208 0.544444 0.087500