3 0.900926 0.976042 0.198148 0.047917
9 0.500000 0.543750 1.000000 0.912500
1 0.500000 0.670833 1.000000 0.175000
1 0.500000 0.845833 1.000000 0.175000
1 0.500000 0.966667 1.000000 0.066667
3 0.311111 0.379167 0.414815 0.233333
1 0.811111 0.413542 0.377778 0.068750
6 0.500000 0.189583 1.000000 0.204167
3 0.181481 0.189583 0.362963 0.204167
1 0.721296 0.185938 0.483333 0.109375
7 0.500000 0.465625 1.000000 0.347917
3 0.227778 0.452083 0.337037 0.189583
3 0.228704 0.452604 0.324074 0.182292
1 0.712037 0.401562 0.575926 0.088542
1 0.712037 0.496354 0.575926 0.101042
3 0.227778 0.452083 0.337037 0.189583
1 0.714815 0.401562 0.570370 0.088542
1 0.714815 0.509896 0.570370 0.128125
4 0.233333 0.452083 0.337037 0.189583
1 0.733333 0.452083 0.533333 0.141667
7 0.500000 0.815625 1.000000 0.352083
3 0.227778 0.813542 0.333333 0.187500
1 0.226852 0.813021 0.153704 0.096875
1 0.714815 0.749479 0.570370 0.088542
1 0.714815 0.857812 0.570370 0.128125
7 0.500000 0.995833 1.000000 0.008333