6 0.500000 0.189583 1.000000 0.204167
1 0.722222 0.189062 0.511111 0.096875
4 0.181481 0.189583 0.362963 0.204167
8 0.500000 0.393750 1.000000 0.204167
4 0.181481 0.393750 0.155556 0.087500
1 0.552778 0.360417 0.172222 0.079167
1 0.615741 0.434375 0.298148 0.068750
1 0.551852 0.583333 0.896296 0.058333
7 0.500000 0.758333 1.000000 0.175000
4 0.200926 0.758333 0.194444 0.072917
1 0.733333 0.758333 0.533333 0.079167
7 0.500000 0.922917 1.000000 0.154167
4 0.200926 0.933333 0.194444 0.072917
1 0.733333 0.933333 0.533333 0.079167