6 0.500000 0.094792 1.000000 0.102083
3 0.090741 0.094792 0.181481 0.102083
1 0.314352 0.094531 0.239815 0.048438
1 0.500000 0.177604 1.000000 0.063542
7 0.500000 0.277604 1.000000 0.132292
1 0.224537 0.260417 0.345370 0.039583
1 0.452315 0.297396 0.800926 0.034375
7 0.500000 0.426823 1.000000 0.161979
1 0.209722 0.394792 0.315741 0.039583
1 0.525926 0.446615 0.948148 0.064062
7 0.500000 0.590885 1.000000 0.161979
1 0.268056 0.558854 0.432407 0.039583
1 0.525926 0.610677 0.948148 0.064062
1 0.500000 0.705729 1.000000 0.063542
7 0.500000 0.805729 1.000000 0.132292
1 0.210648 0.788542 0.317593 0.039583
1 0.395833 0.825521 0.687963 0.034375
7 0.500000 0.936979 1.000000 0.126042
1 0.115278 0.922917 0.126852 0.039583
1 0.468981 0.959896 0.834259 0.034375