6 0.500000 0.094792 1.000000 0.102083
1 0.142593 0.094792 0.285185 0.102083
1 0.667130 0.094531 0.186111 0.048438
1 0.043519 0.394531 0.035185 0.048438
1 0.530556 0.397396 0.938889 0.039583
1 0.666667 0.496354 0.114815 0.155208
1 0.339815 0.293490 0.627778 0.051562
1 0.839815 0.293490 0.320370 0.051562
1 0.339815 0.721615 0.627778 0.051562
1 0.839815 0.721615 0.320370 0.051562
1 0.339815 0.895052 0.627778 0.051562
1 0.839815 0.895052 0.320370 0.051562
1 0.333333 0.214062 0.057407 0.078125
1 0.979167 0.214062 0.041667 0.078125
1 0.333333 0.642188 0.057407 0.078125
1 0.979167 0.642188 0.041667 0.078125
1 0.333333 0.815625 0.057407 0.078125
1 0.979167 0.815625 0.041667 0.078125