7 0.500000 0.170573 1.000000 0.071354
1 0.093981 0.138802 0.084259 0.007812
1 0.126389 0.159896 0.149074 0.034375
7 0.500000 0.274479 1.000000 0.132292
1 0.131944 0.257292 0.160185 0.039583
1 0.114352 0.294271 0.125000 0.034375
1 0.500000 0.374479 1.000000 0.063542
7 0.500000 0.474479 1.000000 0.132292
1 0.320833 0.457292 0.537963 0.039583
1 0.332870 0.494271 0.562037 0.034375
7 0.500000 0.608854 1.000000 0.132292
1 0.167593 0.591667 0.231481 0.039583
1 0.107407 0.628646 0.111111 0.034375
1 0.500000 0.708854 1.000000 0.063542
7 0.500000 0.808854 1.000000 0.132292
1 0.116667 0.791667 0.129630 0.039583
1 0.094444 0.828646 0.085185 0.034375
7 0.500000 0.938542 1.000000 0.122917
1 0.103241 0.926042 0.102778 0.039583
1 0.107407 0.963021 0.111111 0.034375