6 0.500000 0.094792 1.000000 0.102083
1 0.432870 0.094531 0.762037 0.048438
4 0.920370 0.094792 0.159259 0.087500
1 0.133333 0.189583 0.266667 0.087500
1 0.633333 0.189583 0.733333 0.087500
1 0.500000 0.317188 1.000000 0.087500
1 0.500000 0.406771 1.000000 0.087500
1 0.500000 0.496354 1.000000 0.087500
1 0.500000 0.585938 1.000000 0.087500
1 0.500000 0.675521 1.000000 0.087500
1 0.500000 0.765104 1.000000 0.087500
1 0.500000 0.854688 1.000000 0.087500
1 0.500000 0.944271 1.000000 0.087500
1 0.500000 0.995052 1.000000 0.009896