6 0.500000 0.094792 1.000000 0.102083
1 0.588889 0.094531 0.711111 0.048438
4 0.090741 0.094792 0.181481 0.102083
4 0.985185 0.094792 0.029630 0.087500
3 0.500000 0.328125 1.000000 0.364583
1 0.512963 0.571875 0.974074 0.093750
8 0.503241 0.723437 0.993519 0.172917
1 0.172222 0.671875 0.274074 0.034375
1 0.378704 0.671875 0.138889 0.034375
1 0.137037 0.706250 0.203704 0.034375
1 0.295370 0.706250 0.112963 0.034375
1 0.103241 0.740625 0.136111 0.034375
1 0.240741 0.740625 0.138889 0.034375
1 0.103704 0.775000 0.137037 0.034375
1 0.185185 0.775000 0.025926 0.034375
8 0.503241 0.908594 0.993519 0.182812
3 0.969444 0.878385 0.061111 0.105729
1 0.517593 0.852083 0.964815 0.034375
1 0.522222 0.957552 0.955556 0.084896