9 0.500000 0.500000 1.000000 1.000000
1 0.500000 0.700000 1.000000 0.175000
1 0.500000 0.875000 1.000000 0.175000
1 0.500000 0.981250 1.000000 0.037500
3 0.259259 0.212500 0.311111 0.233333
1 0.551852 0.392708 0.896296 0.127083
1 0.551852 0.490625 0.896296 0.068750
6 0.500000 0.189583 1.000000 0.204167
1 0.516667 0.189062 0.100000 0.096875
3 0.181481 0.189583 0.362963 0.204167
3 0.774074 0.189583 0.311111 0.175000
1 0.964815 0.189583 0.070370 0.175000
1 0.500000 0.373958 1.000000 0.164583
1 0.500000 0.576562 1.000000 0.240625
1 0.500000 0.779167 1.000000 0.164583
1 0.500000 0.930729 1.000000 0.138542