3 0.500000 0.521875 1.000000 0.956250
3 0.162037 0.166927 0.324074 0.064062
1 0.762963 0.166927 0.366667 0.064062
4 0.580093 0.292969 0.162037 0.091146
1 0.404167 0.372135 0.293519 0.039062
1 0.596759 0.372135 0.091667 0.039062
1 0.820370 0.372135 0.281481 0.039062
1 0.980556 0.372135 0.038889 0.039062
1 0.388889 0.411198 0.309259 0.039062
1 0.589352 0.411198 0.091667 0.039062
1 0.758796 0.411198 0.173148 0.039062
1 0.922685 0.411198 0.154630 0.039062
1 0.738426 0.270833 0.154630 0.052083
1 0.747685 0.319010 0.173148 0.044271
1 0.402315 0.501302 0.739815 0.054688
3 0.823611 0.501302 0.102778 0.054688
1 0.402315 0.501302 0.739815 0.054688
3 0.823611 0.501302 0.102778 0.054688
3 0.453704 0.705729 0.842593 0.316667
1 0.402315 0.501302 0.739815 0.054688
3 0.823611 0.501302 0.102778 0.054688
1 0.402315 0.501302 0.739815 0.054688
3 0.823611 0.501302 0.102778 0.054688
1 0.402315 0.501302 0.739815 0.054688
3 0.823611 0.501302 0.102778 0.054688
1 0.402315 0.501302 0.739815 0.054688
3 0.823611 0.501302 0.102778 0.054688
3 0.453704 0.705729 0.842593 0.316667
3 0.453704 0.705729 0.842593 0.316667
1 0.453704 0.568229 0.842593 0.041667
3 0.453704 0.726562 0.842593 0.275000
4 0.146296 0.834635 0.194444 0.040104
1 0.236574 0.593490 0.408333 0.059896
3 0.236111 0.678125 0.194444 0.109375
1 0.236574 0.761458 0.395370 0.050000
1 0.236574 0.818750 0.395370 0.050000
1 0.670833 0.593490 0.408333 0.059896
3 0.670370 0.678125 0.194444 0.109375
1 0.670833 0.761458 0.395370 0.050000
1 0.670833 0.818750 0.395370 0.050000
1 0.236574 0.593490 0.408333 0.059896
3 0.236111 0.678125 0.194444 0.109375
1 0.236574 0.761458 0.395370 0.050000
1 0.236574 0.818750 0.395370 0.050000
1 0.670833 0.593490 0.408333 0.059896
3 0.670370 0.678125 0.194444 0.109375
1 0.670833 0.761458 0.395370 0.050000
1 0.670833 0.818750 0.395370 0.050000