1 0.500000 0.077604 1.000000 0.087500
1 0.382407 0.153125 0.712963 0.034375
1 0.518519 0.197135 0.712963 0.053646
1 0.382407 0.241146 0.712963 0.034375
1 0.518519 0.302083 0.712963 0.087500
1 0.518519 0.389583 0.712963 0.087500
4 0.114815 0.904687 0.201852 0.058333
3 0.316667 0.904687 0.201852 0.058333
3 0.518519 0.904687 0.201852 0.058333
3 0.720370 0.904687 0.201852 0.058333
3 0.910648 0.904687 0.178704 0.058333
1 0.114815 0.947656 0.201852 0.027604
1 0.316667 0.947656 0.201852 0.027604
1 0.518519 0.947656 0.201852 0.027604
1 0.720370 0.947656 0.201852 0.027604
1 0.910648 0.947656 0.178704 0.027604