1 0.588889 0.111198 0.679630 0.048438
3 0.988889 0.111198 0.022222 0.076563
1 0.624537 0.272656 0.750926 0.044271
1 0.440741 0.181250 0.383333 0.039583
1 0.840741 0.181250 0.318519 0.039583
1 0.350000 0.401042 0.201852 0.039583
1 0.750000 0.401042 0.500000 0.039583
1 0.624537 0.492448 0.750926 0.044271
1 0.863889 0.493750 0.272222 0.060417
1 0.472222 0.336458 0.446296 0.039583
1 0.863889 0.336458 0.272222 0.060417
1 0.472222 0.556250 0.446296 0.039583
1 0.863889 0.556250 0.272222 0.060417
1 0.472222 0.620833 0.446296 0.039583
1 0.863889 0.620833 0.272222 0.060417
1 0.472222 0.685417 0.446296 0.039583
1 0.863889 0.685417 0.272222 0.060417
1 0.472222 0.750000 0.446296 0.039583
1 0.863889 0.750000 0.272222 0.060417
1 0.472222 0.814583 0.446296 0.039583
1 0.863889 0.814583 0.272222 0.060417
1 0.472222 0.879167 0.446296 0.039583
1 0.863889 0.879167 0.272222 0.060417
1 0.472222 0.943750 0.446296 0.039583
1 0.863889 0.943750 0.272222 0.060417
1 0.472222 0.994271 0.446296 0.011458
1 0.863889 0.989062 0.272222 0.021875