6 0.500000 0.131250 1.000000 0.175000
4 0.091667 0.087500 0.129630 0.087500
3 0.091667 0.087500 0.103704 0.058333
1 0.389352 0.087240 0.465741 0.054688
3 0.223148 0.175000 0.077778 0.043750
3 0.667593 0.175000 0.077778 0.043750
1 0.601852 0.462500 0.796296 0.056250
1 0.372222 0.944792 0.587037 0.072917
1 0.858796 0.945052 0.282407 0.108854
3 0.406481 0.592708 0.233333 0.131250
3 0.665741 0.592708 0.233333 0.131250
3 0.904167 0.592708 0.191667 0.131250
1 0.539352 0.714583 0.921296 0.068750
2 0.539352 0.714583 0.921296 0.097917
1 0.539352 0.812500 0.921296 0.097917