6 0.500000 0.087500 1.000000 0.087500
4 0.985185 0.087500 0.029630 0.087500
3 0.091667 0.087500 0.103704 0.058333
1 0.345833 0.087240 0.378704 0.044271
4 0.361111 0.193229 0.155556 0.087500
1 0.668519 0.193229 0.431481 0.087500
4 0.946759 0.193229 0.106481 0.087500
7 0.166667 0.316667 0.194444 0.086458
3 0.166667 0.299479 0.194444 0.052083
1 0.166667 0.342708 0.194444 0.034375
7 0.500000 0.316667 0.194444 0.086458
3 0.500000 0.299479 0.194444 0.052083
1 0.500000 0.342708 0.194444 0.034375
7 0.833333 0.316667 0.092593 0.086458
3 0.833333 0.299479 0.092593 0.052083
7 0.166667 0.403125 0.092593 0.086458
3 0.166667 0.385937 0.092593 0.052083
7 0.500000 0.403125 0.092593 0.086458
3 0.500000 0.385937 0.092593 0.052083
7 0.833333 0.403125 0.092593 0.086458
3 0.833333 0.385937 0.092593 0.052083