6 0.500000 0.094792 1.000000 0.102083
4 0.090741 0.094792 0.181481 0.102083
1 0.548611 0.094531 0.630556 0.044271
7 0.239352 0.328385 0.426852 0.365104
1 0.239352 0.429948 0.413889 0.080729
1 0.239352 0.485156 0.413889 0.029687
3 0.239352 0.265885 0.413889 0.232813
1 0.129630 0.167969 0.194444 0.036979
7 0.666204 0.328385 0.426852 0.365104
1 0.666204 0.404427 0.413889 0.029687
1 0.666204 0.434115 0.413889 0.029687
3 0.666204 0.265885 0.413889 0.232813
1 0.556481 0.167969 0.194444 0.036979
7 0.939815 0.328385 0.120370 0.365104
1 0.943056 0.417708 0.113889 0.055208
1 0.943056 0.460156 0.113889 0.029687
3 0.943056 0.266146 0.113889 0.233333
1 0.943056 0.167969 0.113889 0.036979
7 0.239352 0.719010 0.426852 0.416146
1 0.239352 0.769531 0.413889 0.029687
1 0.239352 0.799219 0.413889 0.029687
3 0.239352 0.630990 0.413889 0.232813
1 0.129630 0.533073 0.194444 0.036979
7 0.666204 0.719010 0.426852 0.416146
1 0.666204 0.807813 0.413889 0.106250
1 0.666204 0.888542 0.413889 0.055208
3 0.666204 0.630990 0.413889 0.232813
1 0.556481 0.533073 0.194444 0.036979
7 0.939815 0.719010 0.120370 0.416146
1 0.943056 0.770052 0.113889 0.029687
1 0.943056 0.799740 0.113889 0.029687
3 0.943056 0.631250 0.113889 0.233333
1 0.943056 0.533073 0.113889 0.036979
7 0.239352 0.963542 0.426852 0.072917
3 0.239352 0.965365 0.413889 0.069271
1 0.129630 0.949219 0.194444 0.036979
7 0.666204 0.963542 0.426852 0.072917
3 0.666204 0.965365 0.413889 0.069271
1 0.556481 0.949219 0.194444 0.036979
7 0.939815 0.963542 0.120370 0.072917
3 0.943056 0.965365 0.113889 0.069271
1 0.943056 0.949219 0.113889 0.036979
1 0.222222 0.176563 0.181481 0.034375
1 0.666667 0.176563 0.181481 0.034375
3 0.103704 0.252604 0.103704 0.043750
1 0.512963 0.337500 0.974074 0.072917
2 0.577778 0.251563 0.844444 0.065625
7 0.222222 0.450781 0.444444 0.153646
3 0.222222 0.432292 0.129630 0.072917
1 0.222222 0.490885 0.314815 0.029687
7 0.666667 0.450781 0.444444 0.153646
3 0.666667 0.432292 0.129630 0.072917
1 0.666667 0.490885 0.077778 0.029687
7 0.944444 0.450781 0.111111 0.153646
7 0.222222 0.604427 0.444444 0.153646
3 0.222222 0.585938 0.129630 0.072917
1 0.222222 0.644531 0.116667 0.029687
7 0.666667 0.604427 0.444444 0.153646
3 0.666667 0.585938 0.129630 0.072917
1 0.666667 0.644531 0.233333 0.029687
7 0.944444 0.604427 0.111111 0.153646
1 0.968056 0.644531 0.063889 0.029687
7 0.222222 0.758073 0.444444 0.153646
3 0.222222 0.739583 0.129630 0.072917
1 0.222222 0.798177 0.192593 0.029687
7 0.666667 0.758073 0.444444 0.153646
3 0.666667 0.739583 0.129630 0.072917
1 0.666667 0.798177 0.155556 0.029687
7 0.944444 0.758073 0.111111 0.153646
1 0.978241 0.798177 0.043519 0.029687
7 0.222222 0.911719 0.444444 0.153646
3 0.222222 0.893229 0.129630 0.072917
1 0.222222 0.951823 0.077778 0.029687
7 0.666667 0.911719 0.444444 0.153646
3 0.666667 0.893229 0.129630 0.072917
1 0.666667 0.951823 0.046296 0.029687
7 0.944444 0.911719 0.111111 0.153646