4 0.085185 0.089323 0.170370 0.083854
4 0.467130 0.089063 0.528704 0.038542
1 0.111111 0.455729 0.124074 0.030208
0 0.178704 0.545052 0.275926 0.073438
0 0.462037 0.539323 0.275926 0.061979
0 0.745370 0.539323 0.275926 0.061979
7 0.500000 0.702344 1.000000 0.202604
1 0.518519 0.703906 0.962963 0.078646
1 0.230093 0.772135 0.386111 0.028646
3 0.134722 0.620313 0.162037 0.038542
1 0.433796 0.616927 0.402778 0.031771
7 0.500000 0.902865 1.000000 0.194271
1 0.518519 0.976042 0.962963 0.047917
3 0.134722 0.881510 0.162037 0.091146
1 0.461111 0.862240 0.457407 0.040104
1 0.461111 0.904167 0.457407 0.032292
3 0.666204 0.412760 0.023148 0.010937
1 0.532407 0.226823 0.935185 0.028646
1 0.532407 0.372135 0.935185 0.021354
1 0.532407 0.187240 0.935185 0.031771
3 0.159259 0.281510 0.188889 0.054688
1 0.140278 0.322917 0.150926 0.028125
3 0.761111 0.281510 0.188889 0.054688
1 0.742130 0.323958 0.150926 0.030208
1 0.325000 0.281250 0.122222 0.035417
1 0.443519 0.286458 0.101852 0.025000
1 0.932870 0.281250 0.134259 0.034375