9 0.500000 0.543750 1.000000 0.912500
7 0.500000 0.182292 1.000000 0.189583
1 0.500000 0.196875 1.000000 0.160417
7 0.500000 0.359375 1.000000 0.150000
1 0.564815 0.358333 0.870370 0.110417
7 0.500000 0.515104 1.000000 0.146875
1 0.564815 0.515104 0.870370 0.073958
7 0.500000 0.669271 1.000000 0.146875
1 0.564815 0.669271 0.870370 0.073958
7 0.500000 0.823438 1.000000 0.146875
1 0.564815 0.823438 0.870370 0.073958
7 0.500000 0.952083 1.000000 0.095833
1 0.564815 0.970313 0.870370 0.059375
6 0.500000 0.189583 1.000000 0.204167
1 0.694444 0.189062 0.611111 0.096875
3 0.181481 0.189583 0.362963 0.204167