9 0.500000 0.500000 1.000000 1.000000
1 0.500000 0.700000 1.000000 0.175000
1 0.500000 0.875000 1.000000 0.175000
1 0.500000 0.981250 1.000000 0.037500
3 0.500000 0.291667 1.000000 0.583333
3 0.500000 0.291667 1.000000 0.583333
1 0.551852 0.485417 0.896296 0.079167
4 0.311111 0.285417 0.414815 0.233333
6 0.500000 0.189583 1.000000 0.204167
4 0.181481 0.189583 0.362963 0.204167
1 0.733333 0.189062 0.533333 0.096875
7 0.500000 0.865625 1.000000 0.268750
3 0.372222 0.901042 0.344444 0.193750
1 0.866667 0.854167 0.266667 0.116667
1 0.866667 0.963542 0.266667 0.072917
1 0.661111 0.423958 0.677778 0.264583
1 0.500000 0.643750 1.000000 0.175000