1 0.506481 0.065885 0.987037 0.042188
1 0.516204 0.150521 0.967593 0.039583
1 0.516204 0.239063 0.967593 0.087500
1 0.516204 0.325521 0.967593 0.039583
1 0.516204 0.414062 0.967593 0.087500
1 0.516204 0.501563 0.967593 0.087500
1 0.516204 0.633073 0.967593 0.175521
1 0.516204 0.764583 0.967593 0.087500
1 0.516204 0.994271 0.967593 0.011458
1 0.412037 0.822396 0.233333 0.028125
1 0.656481 0.822396 0.255556 0.028125
1 0.892130 0.822396 0.215741 0.028125
1 0.163889 0.883333 0.262963 0.039583
1 0.412037 0.876823 0.233333 0.061979
1 0.656481 0.876823 0.255556 0.061979
1 0.892130 0.876823 0.215741 0.061979
1 0.163889 0.954688 0.262963 0.039583
1 0.412037 0.948177 0.233333 0.061979
1 0.656481 0.948177 0.255556 0.061979
1 0.892130 0.948177 0.215741 0.061979