6 0.500000 0.087500 1.000000 0.087500
4 0.035648 0.087760 0.071296 0.040104
3 0.337037 0.087500 0.555556 0.058333
9 0.445833 0.565625 0.891667 0.868750
7 0.445833 0.189583 0.891667 0.116667
1 0.126389 0.189583 0.175000 0.116667
7 0.445833 0.308333 0.891667 0.116667
1 0.116667 0.308333 0.155556 0.116667
7 0.445833 0.427083 0.891667 0.116667
1 0.184259 0.427083 0.290741 0.116667
7 0.445833 0.545833 0.891667 0.116667
1 0.183333 0.545833 0.288889 0.116667
7 0.445833 0.664583 0.891667 0.116667
1 0.149074 0.664583 0.220370 0.116667
7 0.445833 0.783333 0.891667 0.116667
1 0.161574 0.783333 0.245370 0.116667
7 0.445833 0.902083 0.891667 0.116667
1 0.270370 0.902083 0.462963 0.116667
7 0.445833 0.981250 0.891667 0.037500
1 0.306944 0.981250 0.536111 0.037500
1 0.666204 0.177344 0.482407 0.048438
1 0.532407 0.258333 0.935185 0.058333
1 0.573148 0.383073 0.853704 0.029687
1 0.532407 0.531771 0.935185 0.087500
1 0.105556 0.327865 0.081481 0.044271
1 0.573148 0.330729 0.853704 0.034375
1 0.105556 0.438281 0.081481 0.044271
1 0.573148 0.441146 0.853704 0.034375