6 0.500000 0.094792 1.000000 0.102083
1 0.389815 0.094531 0.675926 0.048438
7 0.500000 0.391667 1.000000 0.097917
1 0.266667 0.391667 0.429630 0.039583
7 0.500000 0.553385 1.000000 0.221354
1 0.167130 0.491667 0.230556 0.039583
1 0.261574 0.573177 0.419444 0.123438
7 0.500000 0.715104 1.000000 0.097917
1 0.167130 0.715104 0.230556 0.039583
7 0.500000 0.815104 1.000000 0.097917
1 0.145833 0.815104 0.187963 0.039583
7 0.500000 0.915104 1.000000 0.097917
1 0.167593 0.915104 0.231481 0.039583
7 0.500000 0.983073 1.000000 0.033854
1 0.514352 0.997656 0.925000 0.004687