6 0.500000 0.094792 1.000000 0.102083
4 0.090741 0.094792 0.181481 0.102083
1 0.524074 0.094531 0.581481 0.048438
9 0.500000 0.572917 1.000000 0.854167
1 0.500000 0.197135 1.000000 0.102604
1 0.500000 0.301823 1.000000 0.102604
1 0.500000 0.406510 1.000000 0.102604
1 0.500000 0.506250 1.000000 0.092708
1 0.500000 0.601042 1.000000 0.092708
1 0.666204 0.735156 0.471296 0.029687
1 0.523611 0.704427 0.239815 0.029687
1 0.671296 0.703125 0.055556 0.034375
1 0.813889 0.704427 0.229630 0.029687
3 0.640278 0.257031 0.719444 0.164062
1 0.317130 0.760156 0.530556 0.064062
1 0.524537 0.850521 0.950926 0.087500
1 0.647685 0.957812 0.704630 0.039583
4 0.468519 0.404687 0.077778 0.043750
1 0.718519 0.404948 0.370370 0.044271
2 0.525926 0.526563 0.948148 0.087500
2 0.525926 0.669792 0.948148 0.087500