6 0.500000 0.094792 1.000000 0.102083
4 0.090741 0.094792 0.181481 0.102083
1 0.524074 0.094531 0.581481 0.048438
9 0.500000 0.572917 1.000000 0.854167
1 0.500000 0.197135 1.000000 0.102604
1 0.500000 0.301823 1.000000 0.102604
1 0.500000 0.406510 1.000000 0.102604
1 0.500000 0.506250 1.000000 0.092708
1 0.500000 0.601042 1.000000 0.092708
1 0.666204 0.735156 0.471296 0.029687
1 0.523611 0.704427 0.239815 0.029687
1 0.671296 0.703125 0.055556 0.034375
1 0.813889 0.704427 0.229630 0.029687
1 0.272222 0.180208 0.544444 0.068750
1 0.486574 0.246354 0.973148 0.063542
1 0.500000 0.339323 1.000000 0.122396
1 0.500000 0.922917 1.000000 0.116667
1 0.099537 0.451562 0.199074 0.039583
1 0.382407 0.451562 0.366667 0.039583
1 0.090278 0.551562 0.180556 0.039583
1 0.351389 0.551562 0.304630 0.039583
1 0.270833 0.651563 0.437963 0.039583
1 0.286111 0.705729 0.468519 0.068750
1 0.525926 0.786719 0.948148 0.093229