1 0.500000 0.323698 1.000000 0.192188
6 0.500000 0.094792 1.000000 0.102083
1 0.413889 0.094792 0.464815 0.072917
4 0.090741 0.094792 0.181481 0.102083
1 0.927778 0.094792 0.144444 0.087500
4 0.777778 0.094792 0.155556 0.087500
1 0.885648 0.167708 0.173148 0.025000
1 0.885648 0.346875 0.173148 0.025000
1 0.143981 0.191927 0.223148 0.071354
1 0.666667 0.191927 0.383333 0.071354
1 0.989352 0.280990 0.021296 0.061979
1 0.521759 0.264583 0.913889 0.037500
1 0.521759 0.300000 0.913889 0.033333
2 0.840278 0.218750 0.049074 0.034375
1 0.932407 0.218750 0.135185 0.058333
2 0.840278 0.295833 0.049074 0.034375
1 0.932407 0.295833 0.135185 0.058333
0 0.900463 0.389583 0.163889 0.060417
0 0.909259 0.450000 0.181481 0.060417
0 0.909259 0.510417 0.181481 0.060417
0 0.909259 0.570833 0.181481 0.060417