6 0.500000 0.087500 1.000000 0.087500
3 0.300463 0.087500 0.521296 0.058333
1 0.192593 0.171354 0.333333 0.080208
7 0.500000 0.255208 1.000000 0.087500
1 0.418056 0.255208 0.784259 0.087500
7 0.500000 0.342708 1.000000 0.087500
1 0.346296 0.342448 0.640741 0.044271
1 0.833333 0.342448 0.333333 0.044271
7 0.500000 0.445833 1.000000 0.118750
1 0.346296 0.444792 0.640741 0.116667
7 0.500000 0.564583 1.000000 0.118750
1 0.346296 0.563542 0.640741 0.116667
7 0.500000 0.683333 1.000000 0.118750
1 0.346296 0.682292 0.640741 0.116667
7 0.500000 0.802083 1.000000 0.118750
1 0.346296 0.801042 0.640741 0.116667
7 0.500000 0.905208 1.000000 0.087500
1 0.418056 0.905208 0.784259 0.087500
7 0.500000 0.974479 1.000000 0.051042
1 0.346296 0.974479 0.640741 0.051042
1 0.611111 0.800521 0.490741 0.034375
4 0.927778 0.800521 0.077778 0.043750
1 0.500000 0.890104 1.000000 0.087500
1 0.500000 0.967969 1.000000 0.064062