1 0.637037 0.030469 0.725926 0.060937
7 0.526389 0.136719 0.947222 0.109896
3 0.182870 0.136719 0.162037 0.091146
1 0.664352 0.136458 0.671296 0.039583
7 0.526389 0.248698 0.947222 0.109896
3 0.182870 0.248698 0.162037 0.091146
1 0.664352 0.248438 0.671296 0.039583
7 0.526389 0.360677 0.947222 0.109896
4 0.182870 0.360677 0.162037 0.091146
1 0.664352 0.360417 0.671296 0.039583
7 0.526389 0.472656 0.947222 0.109896
3 0.182870 0.472656 0.162037 0.091146
1 0.664352 0.472396 0.671296 0.039583
7 0.526389 0.584635 0.947222 0.109896
3 0.182870 0.584635 0.162037 0.091146
1 0.664352 0.584375 0.671296 0.039583
7 0.526389 0.696615 0.947222 0.109896
3 0.182870 0.696615 0.162037 0.091146
1 0.664352 0.696354 0.671296 0.073958
7 0.526389 0.808594 0.947222 0.109896
3 0.182870 0.808594 0.162037 0.091146
1 0.664352 0.808333 0.671296 0.039583
7 0.526389 0.920573 0.947222 0.109896
4 0.182870 0.920573 0.162037 0.091146
1 0.664352 0.920312 0.671296 0.073958
7 0.526389 0.988802 0.947222 0.022396
3 0.182870 0.993490 0.162037 0.013021