6 0.500000 0.094792 1.000000 0.102083
3 0.249537 0.094792 0.395370 0.058333
3 0.946296 0.094792 0.107407 0.087500
1 0.221296 0.185156 0.442593 0.078646
1 0.667130 0.185156 0.441667 0.078646
1 0.540741 0.623698 0.918519 0.091146
1 0.540741 0.736979 0.918519 0.093750
3 0.500000 0.416146 1.000000 0.364583
1 0.218056 0.646094 0.436111 0.091146
1 0.661574 0.646094 0.443519 0.091146
1 0.943519 0.646094 0.112963 0.091146
1 0.348611 0.857292 0.632407 0.087500
1 0.834259 0.857292 0.331481 0.087500
1 0.500000 0.767188 1.000000 0.087500
1 0.500000 0.856771 1.000000 0.087500
1 0.500000 0.946354 1.000000 0.087500
1 0.500000 0.996094 1.000000 0.007812