6 0.500000 0.094792 1.000000 0.102083
1 0.412963 0.094792 0.359259 0.045833
4 0.090741 0.094792 0.181481 0.102083
4 0.991667 0.094792 0.016667 0.087500
1 0.500000 0.250781 1.000000 0.209896
1 0.500000 0.383073 1.000000 0.054688
7 0.500000 0.503385 1.000000 0.156771
3 0.500000 0.452344 1.000000 0.054688
3 0.500000 0.452344 1.000000 0.054688
1 0.500000 0.505469 1.000000 0.032813
1 0.500000 0.554427 1.000000 0.054688
7 0.500000 0.660156 1.000000 0.156771
3 0.500000 0.609115 1.000000 0.054688
3 0.500000 0.609115 1.000000 0.054688
1 0.500000 0.662240 1.000000 0.032813
1 0.500000 0.711198 1.000000 0.054688
7 0.500000 0.816927 1.000000 0.156771
3 0.500000 0.765885 1.000000 0.054688
3 0.500000 0.765885 1.000000 0.054688
1 0.500000 0.819010 1.000000 0.032813
1 0.500000 0.867969 1.000000 0.054688
7 0.500000 0.947656 1.000000 0.104688
3 0.500000 0.922656 1.000000 0.054688
3 0.500000 0.922656 1.000000 0.054688
1 0.500000 0.975781 1.000000 0.032813
1 0.500000 0.998698 1.000000 0.002604