6 0.500000 0.094792 1.000000 0.102083
4 0.090741 0.094792 0.181481 0.102083
3 0.651852 0.094792 0.696296 0.102083
9 0.388889 0.572917 0.777778 0.854167
1 0.388889 0.189583 0.777778 0.087500
1 0.388889 0.279167 0.777778 0.087500
1 0.388889 0.368750 0.777778 0.087500
1 0.388889 0.458333 0.777778 0.087500
1 0.388889 0.547917 0.777778 0.087500
1 0.388889 0.637500 0.777778 0.087500
1 0.388889 0.727083 0.777778 0.087500
1 0.388889 0.816667 0.777778 0.087500
1 0.666204 0.175260 0.212037 0.044271
7 0.500000 0.241406 1.000000 0.088021
1 0.525926 0.229167 0.948148 0.034375
1 0.525926 0.258594 0.948148 0.024479
3 0.117130 0.182292 0.104630 0.058333
1 0.597685 0.182292 0.804630 0.072917
1 0.525926 0.248177 0.948148 0.044271
7 0.222222 0.410677 0.444444 0.266146
3 0.222222 0.402604 0.379630 0.213542
1 0.222222 0.526563 0.379630 0.034375
7 0.666667 0.410677 0.444444 0.266146
3 0.666667 0.402604 0.379630 0.213542
1 0.666667 0.526563 0.379630 0.034375
7 0.944444 0.410677 0.111111 0.266146
3 0.960648 0.402604 0.078704 0.213542
1 0.960648 0.526563 0.078704 0.034375
7 0.222222 0.676823 0.444444 0.266146
3 0.222222 0.668750 0.379630 0.213542
1 0.222222 0.792708 0.379630 0.034375
7 0.666667 0.676823 0.444444 0.266146
3 0.666667 0.668750 0.379630 0.213542
1 0.666667 0.792708 0.379630 0.034375
7 0.944444 0.676823 0.111111 0.266146
3 0.960648 0.668750 0.078704 0.213542
1 0.960648 0.792708 0.078704 0.034375
7 0.222222 0.904948 0.444444 0.190104
3 0.222222 0.914062 0.379630 0.171875
7 0.666667 0.904948 0.444444 0.190104
3 0.666667 0.914062 0.379630 0.171875
7 0.944444 0.904948 0.111111 0.190104
3 0.960648 0.914062 0.078704 0.171875