3 0.500000 0.521875 1.000000 0.956250
1 0.875000 0.167969 0.250000 0.066146
7 0.875000 0.234896 0.250000 0.067708
1 0.891204 0.234896 0.217593 0.041667
7 0.875000 0.302865 0.250000 0.069271
1 0.891204 0.302604 0.217593 0.041667
7 0.875000 0.371615 0.250000 0.069271
1 0.891204 0.371354 0.217593 0.041667
7 0.875000 0.440365 0.250000 0.069271
1 0.891204 0.440104 0.217593 0.041667
7 0.875000 0.509115 0.250000 0.069271
1 0.891204 0.508854 0.217593 0.041667
7 0.875000 0.577865 0.250000 0.069271
1 0.891204 0.577604 0.217593 0.041667
7 0.875000 0.646615 0.250000 0.069271
1 0.891204 0.646354 0.217593 0.041667
7 0.875000 0.715365 0.250000 0.069271
1 0.891204 0.715104 0.217593 0.041667
7 0.875000 0.785677 0.250000 0.069271
1 0.891204 0.785417 0.217593 0.041667
7 0.875000 0.854427 0.250000 0.069271
1 0.891204 0.854167 0.217593 0.041667
7 0.875000 0.923177 0.250000 0.069271
1 0.891204 0.922917 0.217593 0.041667
7 0.875000 0.978646 0.250000 0.042708
1 0.891204 0.985417 0.217593 0.029167