6 0.500000 0.094792 1.000000 0.102083
4 0.090741 0.094792 0.181481 0.102083
9 0.500000 0.543229 1.000000 0.087500
1 0.166667 0.543229 0.333333 0.087500
1 0.500000 0.543229 0.333333 0.087500
1 0.833333 0.543229 0.333333 0.087500
3 0.500000 0.271615 1.000000 0.455729
3 0.500000 0.271615 1.000000 0.455729
1 0.666667 0.311198 0.422222 0.068229
1 0.472222 0.455729 0.388889 0.087500
1 0.833333 0.455729 0.333333 0.087500
3 0.666667 0.830729 0.546296 0.233333
1 0.646296 0.982812 0.707407 0.034375
4 0.666667 0.193750 0.237037 0.133333