4 0.090741 0.213542 0.129630 0.072917
1 0.500000 0.214583 1.000000 0.104167
3 0.926852 0.214583 0.146296 0.104167
3 0.357407 0.103125 0.714815 0.118750
7 0.500000 0.339583 1.000000 0.145833
1 0.610185 0.303906 0.766667 0.038021
1 0.921759 0.337760 0.156481 0.142187
4 0.130093 0.339844 0.187963 0.105729
7 0.500000 0.487500 1.000000 0.145833
1 0.559722 0.451823 0.665741 0.038021
1 0.921759 0.485677 0.156481 0.142187
3 0.130093 0.487760 0.187963 0.105729
7 0.500000 0.635417 1.000000 0.145833
1 0.575000 0.599740 0.696296 0.038021
1 0.921759 0.633594 0.156481 0.142187
3 0.130093 0.635677 0.187963 0.105729
7 0.500000 0.783333 1.000000 0.145833
1 0.596296 0.747656 0.738889 0.038021
1 0.957870 0.781510 0.084259 0.142187
3 0.130093 0.783594 0.187963 0.105729
7 0.500000 0.929167 1.000000 0.141667
1 0.561111 0.895573 0.668519 0.038021
1 0.957870 0.929167 0.084259 0.141667
3 0.130093 0.931510 0.187963 0.105729