6 0.500000 0.094792 1.000000 0.102083
4 0.090741 0.094792 0.181481 0.102083
1 0.345833 0.094531 0.302778 0.044271
9 0.453704 0.572917 0.907407 0.854167
7 0.453704 0.200521 0.809259 0.109375
1 0.517130 0.200260 0.623148 0.044271
4 0.112037 0.200521 0.077778 0.053125
7 0.453704 0.313542 0.809259 0.109375
1 0.517130 0.313281 0.623148 0.044271
3 0.112037 0.313542 0.077778 0.043750
7 0.453704 0.426563 0.809259 0.109375
1 0.517130 0.426302 0.623148 0.044271
3 0.112037 0.426563 0.077778 0.043750
7 0.453704 0.539583 0.809259 0.109375
1 0.517130 0.539323 0.623148 0.044271
3 0.112037 0.539583 0.077778 0.043750
7 0.453704 0.652604 0.809259 0.109375
1 0.517130 0.652344 0.623148 0.044271
3 0.112037 0.652604 0.077778 0.048958
7 0.453704 0.765625 0.809259 0.109375
1 0.517130 0.765365 0.623148 0.044271
3 0.112037 0.765365 0.077778 0.043229
7 0.453704 0.878646 0.809259 0.109375
1 0.517130 0.878385 0.623148 0.044271
3 0.112037 0.878646 0.077778 0.043750
7 0.453704 0.968490 0.809259 0.063021
1 0.517130 0.984635 0.623148 0.030729
4 0.112037 0.984896 0.077778 0.030208
7 0.500000 0.213281 1.000000 0.134896
3 0.120370 0.213021 0.194444 0.109375
1 0.620370 0.172135 0.759259 0.042188
1 0.620370 0.225521 0.759259 0.078125
7 0.500000 0.350260 1.000000 0.134896
3 0.120370 0.350000 0.194444 0.109375
1 0.620370 0.309115 0.759259 0.042188
1 0.620370 0.362500 0.759259 0.078125
7 0.500000 0.487240 1.000000 0.134896
3 0.120370 0.486979 0.194444 0.109375
1 0.620370 0.444010 0.759259 0.042188
1 0.620370 0.499479 0.759259 0.082292
7 0.500000 0.624219 1.000000 0.134896
4 0.120370 0.623958 0.194444 0.109375
1 0.620370 0.580990 0.759259 0.042188
7 0.500000 0.761198 1.000000 0.134896
3 0.120370 0.760938 0.194444 0.109375
1 0.620370 0.720052 0.759259 0.042188
1 0.620370 0.773438 0.759259 0.078125