6 0.500000 0.094792 1.000000 0.102083
3 0.268056 0.094792 0.432407 0.058333
9 0.500000 0.189583 1.000000 0.087500
1 0.166667 0.189583 0.333333 0.087500
1 0.500000 0.189583 0.333333 0.087500
1 0.833333 0.189583 0.333333 0.087500
1 0.666667 0.237240 0.544444 0.007812
1 0.646296 0.272917 0.707407 0.063542
1 0.642593 0.347656 0.714815 0.085938
3 0.655093 0.440885 0.689815 0.100521
1 0.666204 0.527865 0.195370 0.073438
2 0.525926 0.608594 0.948148 0.088021
1 0.247685 0.808854 0.391667 0.048958
1 0.936111 0.808854 0.127778 0.048958
2 0.525926 0.711198 0.948148 0.088021
1 0.525926 0.991406 0.948148 0.017188