6 0.500000 0.094792 1.000000 0.102083
1 0.206019 0.094792 0.230556 0.058333
1 0.527315 0.094792 0.256481 0.058333
7 0.221759 0.270573 0.443519 0.249479
3 0.221759 0.270573 0.443519 0.249479
4 0.058333 0.363542 0.051852 0.029167
1 0.244907 0.363542 0.282407 0.034375
1 0.414815 0.363542 0.031481 0.028125
7 0.666204 0.270573 0.443519 0.249479
3 0.666204 0.270573 0.443519 0.249479
4 0.552778 0.270313 0.051852 0.029167
1 0.691667 0.270573 0.200000 0.044271
7 0.944444 0.270573 0.111111 0.249479
3 0.944444 0.270573 0.111111 0.249479
3 0.989352 0.270313 0.021296 0.029167
7 0.221759 0.520573 0.443519 0.249479
3 0.221759 0.520573 0.443519 0.249479
4 0.131481 0.520312 0.051852 0.029167
1 0.247222 0.520573 0.153704 0.044271