6 0.500000 0.094792 1.000000 0.102083
1 0.371296 0.094531 0.275926 0.044271
4 0.090741 0.094792 0.181481 0.102083
7 0.340278 0.446615 0.639815 0.565104
1 0.314352 0.497396 0.567593 0.043750
1 0.340278 0.600260 0.619444 0.161979
1 0.076852 0.702344 0.092593 0.042188
3 0.340278 0.321615 0.619444 0.307812
7 0.836574 0.429427 0.326852 0.530729
1 0.841667 0.419271 0.316667 0.043750
1 0.841667 0.544010 0.316667 0.205729
1 0.728704 0.667969 0.090741 0.042188
3 0.841667 0.282552 0.316667 0.229687
7 0.836574 0.853906 0.326852 0.292187
1 0.841667 0.963021 0.316667 0.043750
1 0.841667 0.992448 0.316667 0.015104
3 0.841667 0.826302 0.316667 0.229687
7 0.340278 0.871094 0.639815 0.257812
1 0.314352 0.987760 0.567593 0.024479
3 0.340278 0.860677 0.619444 0.229687