6 0.500000 0.175000 1.000000 0.175000
4 0.051852 0.175000 0.103704 0.058333
3 0.183333 0.175000 0.207407 0.116667
1 0.630556 0.174479 0.635185 0.088542
8 0.500000 0.330729 1.000000 0.136458
7 0.500000 0.490104 1.000000 0.182292
2 0.181481 0.489583 0.207407 0.116667
1 0.646296 0.430729 0.603704 0.048958
1 0.645370 0.489583 0.601852 0.068750
1 0.483333 0.548438 0.277778 0.048958
7 0.500000 0.672396 1.000000 0.182292
2 0.181481 0.671875 0.207407 0.116667
1 0.590741 0.613021 0.492593 0.048958
1 0.568519 0.671875 0.448148 0.068750
1 0.483333 0.730729 0.277778 0.048958
7 0.500000 0.854688 1.000000 0.182292
2 0.181481 0.854167 0.207407 0.116667
1 0.546296 0.795312 0.403704 0.048958
1 0.505556 0.854167 0.322222 0.068750
1 0.483333 0.913021 0.277778 0.048958