6 0.500000 0.021875 1.000000 0.043750
2 0.512963 0.014583 0.974074 0.029167
3 0.110185 0.005469 0.090741 0.010937
2 0.619907 0.001302 0.760185 0.002604
4 0.093981 0.563542 0.136111 0.080208
2 0.593981 0.563542 0.812037 0.109375
1 0.281481 0.704167 0.385185 0.116667
1 0.666667 0.704167 0.385185 0.116667
1 0.929630 0.704167 0.140741 0.116667
1 0.281481 0.820833 0.385185 0.116667
1 0.666667 0.820833 0.385185 0.116667
1 0.929630 0.820833 0.140741 0.116667
1 0.281481 0.937500 0.385185 0.116667
1 0.666667 0.937500 0.385185 0.116667
1 0.929630 0.937500 0.140741 0.116667
1 0.281481 0.997917 0.385185 0.004167
1 0.666667 0.997917 0.385185 0.004167
1 0.929630 0.997917 0.140741 0.004167
7 0.500000 0.102083 1.000000 0.116667
4 0.116667 0.102083 0.129630 0.072917
1 0.614815 0.098437 0.770370 0.039583
7 0.500000 0.218750 1.000000 0.116667
4 0.116667 0.218750 0.129630 0.072917
1 0.614815 0.215104 0.770370 0.039583
7 0.500000 0.335417 1.000000 0.116667
4 0.116667 0.335417 0.129630 0.072917
1 0.614815 0.331771 0.770370 0.039583