3 0.500000 0.021875 1.000000 0.043750
4 0.065278 0.084635 0.097222 0.054688
1 0.262037 0.084896 0.296296 0.063542
4 0.103241 0.219271 0.076852 0.112500
4 0.103241 0.331771 0.076852 0.111458
3 0.097222 0.443750 0.064815 0.036458
1 0.532407 0.966406 0.935185 0.067187
1 0.306481 0.219010 0.264815 0.044271
1 0.959259 0.219010 0.081481 0.060937
1 0.339815 0.331510 0.331481 0.044271
1 0.959259 0.331510 0.081481 0.060937
1 0.251852 0.444010 0.179630 0.044271
1 0.994907 0.444010 0.010185 0.044271
3 0.113426 0.553385 0.097222 0.054688
1 0.590741 0.553385 0.818519 0.044271
3 0.532407 0.761458 0.935185 0.342708