6 0.500000 0.094792 1.000000 0.102083
1 0.416204 0.094531 0.365741 0.048438
4 0.090741 0.094792 0.181481 0.102083
7 0.500000 0.488542 1.000000 0.685417
7 0.500000 0.488542 1.000000 0.685417
8 0.500000 0.592448 1.000000 0.054688
1 0.343056 0.678125 0.634259 0.087500
1 0.836574 0.678125 0.326852 0.087500
1 0.343056 0.772917 0.634259 0.087500
1 0.836574 0.772917 0.326852 0.087500
3 0.500000 0.382812 1.000000 0.473958
1 0.500000 0.528385 1.000000 0.036979
7 0.500000 0.915625 1.000000 0.168750
3 0.500000 0.915625 1.000000 0.168750
3 0.666667 0.518229 0.648148 0.364583
1 0.500000 0.794531 1.000000 0.188021
4 0.666204 0.982292 0.162037 0.035417