6 0.500000 0.094792 1.000000 0.102083
1 0.473611 0.094531 0.480556 0.048438
4 0.090741 0.094792 0.181481 0.102083
7 0.500000 0.488542 1.000000 0.685417
7 0.500000 0.488542 1.000000 0.685417
8 0.500000 0.592448 1.000000 0.054688
1 0.343056 0.678125 0.634259 0.087500
1 0.836574 0.678125 0.326852 0.087500
1 0.343056 0.772917 0.634259 0.087500
1 0.836574 0.772917 0.326852 0.087500
3 0.500000 0.382812 1.000000 0.473958
1 0.500000 0.528385 1.000000 0.036979
7 0.500000 0.915625 1.000000 0.168750
3 0.500000 0.915625 1.000000 0.168750
7 0.336574 0.426563 0.660185 0.561458
8 0.336574 0.426563 0.632407 0.546875
3 0.336574 0.335417 0.632407 0.364583
1 0.336574 0.563281 0.567593 0.091146
1 0.576389 0.645312 0.119444 0.072917
1 0.285185 0.627083 0.462963 0.036458
1 0.285185 0.663542 0.462963 0.036458
7 0.833333 0.426563 0.333333 0.561458
8 0.840278 0.426563 0.319444 0.546875
3 0.840278 0.335417 0.319444 0.364583
1 0.856481 0.563281 0.287037 0.091146
1 0.856944 0.627083 0.286111 0.036458
1 0.856944 0.663542 0.286111 0.036458
7 0.336574 0.853646 0.660185 0.292708
8 0.336574 0.857292 0.632407 0.285417
3 0.336574 0.857292 0.632407 0.285417
7 0.833333 0.853646 0.333333 0.292708
8 0.840278 0.857292 0.319444 0.285417
3 0.840278 0.857292 0.319444 0.285417
3 0.500000 0.401042 1.000000 0.510417
8 0.500000 0.828125 1.000000 0.343750
1 0.516204 0.735156 0.967593 0.024479
1 0.500000 0.698698 0.935185 0.048438
1 0.500000 0.951562 1.000000 0.094792
3 0.146296 0.798958 0.227778 0.065625
1 0.146296 0.842969 0.227778 0.022396
1 0.146296 0.865365 0.227778 0.022396
3 0.406481 0.798958 0.227778 0.065625
1 0.406481 0.842969 0.227778 0.022396
1 0.406481 0.865365 0.227778 0.022396
3 0.666667 0.798958 0.227778 0.065625
1 0.666667 0.852865 0.227778 0.042188
3 0.906481 0.798958 0.187037 0.065625
1 0.906481 0.852865 0.187037 0.042188