6 0.500000 0.094792 1.000000 0.102083
1 0.394907 0.094531 0.400926 0.048438
4 0.090741 0.094792 0.181481 0.102083
7 0.500000 0.217188 1.000000 0.142708
1 0.181481 0.197396 0.259259 0.044792
1 0.134722 0.239583 0.165741 0.039583
7 0.500000 0.377083 1.000000 0.177083
1 0.254630 0.340104 0.405556 0.044792
1 0.525926 0.399479 0.948148 0.073958
7 0.500000 0.536979 1.000000 0.142708
1 0.316204 0.517188 0.528704 0.044792
1 0.525926 0.559375 0.948148 0.039583
7 0.500000 0.659896 1.000000 0.103125
1 0.407870 0.659896 0.712037 0.044792