7 0.500000 0.172917 1.000000 0.034375
1 0.516204 0.159115 0.967593 0.006771
7 0.500000 0.236719 1.000000 0.091146
1 0.516204 0.236719 0.967593 0.035937
7 0.500000 0.328906 1.000000 0.091146
1 0.516204 0.328906 0.967593 0.035937
7 0.500000 0.421094 1.000000 0.091146
1 0.516204 0.421094 0.967593 0.035937
7 0.500000 0.513281 1.000000 0.091146
1 0.516204 0.513281 0.967593 0.035937
7 0.500000 0.605469 1.000000 0.091146
1 0.516204 0.605469 0.967593 0.035937
7 0.500000 0.697656 1.000000 0.091146
1 0.516204 0.697656 0.967593 0.035937
7 0.500000 0.789844 1.000000 0.091146
1 0.516204 0.789844 0.967593 0.035937
7 0.500000 0.882031 1.000000 0.091146
1 0.516204 0.882031 0.967593 0.035937
7 0.500000 0.964323 1.000000 0.071354
1 0.516204 0.974219 0.967593 0.035937
3 0.110648 0.099479 0.075000 0.030208
3 0.110648 0.099479 0.075000 0.030208
4 0.833333 0.099479 0.055556 0.031250
4 0.833333 0.099479 0.055556 0.031250