9 0.453704 0.521875 0.907407 0.956250
7 0.453704 0.112240 0.907407 0.136979
3 0.453704 0.111979 0.907407 0.072917
7 0.453704 0.211719 0.907407 0.059896
1 0.479630 0.211719 0.855556 0.038021
7 0.453704 0.286979 0.907407 0.088542
3 0.074537 0.286719 0.071296 0.040104
1 0.259722 0.286979 0.213889 0.044792
7 0.453704 0.376563 0.907407 0.088542
3 0.074537 0.376302 0.071296 0.040104
1 0.280093 0.376563 0.254630 0.044792
7 0.453704 0.451823 0.907407 0.059896
1 0.479630 0.451823 0.855556 0.038021
7 0.453704 0.527083 0.907407 0.088542
3 0.074537 0.526823 0.071296 0.040104
1 0.363889 0.527083 0.422222 0.044792
7 0.453704 0.616667 0.907407 0.088542
4 0.074537 0.616406 0.071296 0.040104
1 0.332407 0.616667 0.359259 0.044792
7 0.453704 0.706250 0.907407 0.088542
4 0.074537 0.705990 0.071296 0.040104
1 0.345833 0.706250 0.386111 0.044792
7 0.453704 0.795833 0.907407 0.088542
4 0.074537 0.795573 0.071296 0.040104
1 0.376852 0.795833 0.448148 0.044792
7 0.453704 0.885417 0.907407 0.088542
4 0.074537 0.885156 0.071296 0.040104
1 0.288426 0.885417 0.271296 0.044792
7 0.453704 0.965365 0.907407 0.069271
4 0.074537 0.974740 0.071296 0.040104
1 0.235648 0.975000 0.165741 0.044792
6 0.500000 0.094792 1.000000 0.102083
3 0.097685 0.094531 0.097222 0.054688
2 0.597685 0.094792 0.804630 0.058333
6 0.500000 0.094792 1.000000 0.102083
1 0.287500 0.094792 0.186111 0.050000
3 0.090741 0.094792 0.181481 0.102083
9 0.500000 0.189583 1.000000 0.087500
1 0.222222 0.189583 0.444444 0.087500
1 0.944444 0.189583 0.111111 0.087500
1 0.658333 0.189323 0.238889 0.041146
3 0.666667 0.284115 0.470370 0.063021
3 0.500000 0.508854 1.000000 0.350000
1 0.500000 0.711979 1.000000 0.034375
1 0.532407 0.802604 0.935185 0.086458
1 0.346296 0.934375 0.170370 0.055208
1 0.345833 0.979688 0.152778 0.035417
1 0.345833 0.998698 0.321296 0.002604
1 0.955093 0.934375 0.089815 0.055208
1 0.960648 0.979688 0.078704 0.035417
1 0.906481 0.998698 0.187037 0.002604
1 0.516204 0.174479 0.967593 0.033333