6 0.500000 0.094792 1.000000 0.102083
4 0.090741 0.094792 0.181481 0.102083
1 0.302315 0.094531 0.215741 0.048438
7 0.336574 0.313542 0.647222 0.320833
3 0.336574 0.313542 0.647222 0.320833
3 0.336574 0.313542 0.647222 0.320833
3 0.336574 0.313542 0.647222 0.320833
1 0.291204 0.407813 0.452778 0.039583
4 0.582407 0.407813 0.077778 0.043750
1 0.197222 0.444531 0.264815 0.029687
7 0.836574 0.313542 0.326852 0.320833
3 0.836574 0.313542 0.326852 0.320833
3 0.836574 0.313542 0.326852 0.320833
3 0.836574 0.313542 0.326852 0.320833
1 0.862500 0.407813 0.275000 0.039583
1 0.857407 0.444531 0.264815 0.029687
7 0.336574 0.641667 0.647222 0.320833
3 0.336574 0.641667 0.647222 0.320833
3 0.336574 0.641667 0.647222 0.320833
3 0.336574 0.641667 0.647222 0.320833
1 0.291204 0.735938 0.452778 0.039583
4 0.582407 0.735938 0.077778 0.043750
1 0.197222 0.772656 0.264815 0.029687
7 0.836574 0.641667 0.326852 0.320833
3 0.836574 0.641667 0.326852 0.320833
3 0.836574 0.641667 0.326852 0.320833
3 0.836574 0.641667 0.326852 0.320833
1 0.862500 0.735938 0.275000 0.039583
1 0.857407 0.772656 0.264815 0.029687
7 0.336574 0.904687 0.647222 0.190625
3 0.336574 0.904687 0.647222 0.190625
3 0.336574 0.904687 0.647222 0.190625
3 0.336574 0.904687 0.647222 0.190625
7 0.836574 0.904687 0.326852 0.190625
3 0.836574 0.904687 0.326852 0.190625
3 0.836574 0.904687 0.326852 0.190625
3 0.836574 0.904687 0.326852 0.190625