1 0.184722 0.055469 0.336111 0.023438
1 0.923611 0.055469 0.152778 0.023438
1 0.092593 0.102604 0.153704 0.034375
1 0.252778 0.102604 0.166667 0.034375
1 0.417593 0.102604 0.162963 0.034375
1 0.584722 0.102604 0.171296 0.034375
1 0.756019 0.102604 0.171296 0.034375
1 0.920833 0.102604 0.158333 0.034375
1 0.092593 0.136979 0.153704 0.034375
1 0.252778 0.136979 0.166667 0.034375
1 0.417593 0.136979 0.162963 0.034375
1 0.584722 0.136979 0.171296 0.034375
1 0.756019 0.136979 0.171296 0.034375
1 0.920833 0.136979 0.158333 0.034375
1 0.092593 0.171354 0.153704 0.034375
1 0.252778 0.171354 0.166667 0.034375
1 0.417593 0.171354 0.162963 0.034375
1 0.584722 0.171354 0.171296 0.034375
1 0.756019 0.171354 0.171296 0.034375
1 0.920833 0.171354 0.158333 0.034375
1 0.092593 0.205729 0.153704 0.034375
1 0.252778 0.205729 0.166667 0.034375
1 0.417593 0.205729 0.162963 0.034375
1 0.584722 0.205729 0.171296 0.034375
1 0.756019 0.205729 0.171296 0.034375
1 0.920833 0.205729 0.158333 0.034375
1 0.092593 0.240104 0.153704 0.034375
1 0.252778 0.240104 0.166667 0.034375
1 0.417593 0.240104 0.162963 0.034375
1 0.584722 0.240104 0.171296 0.034375
1 0.756019 0.240104 0.171296 0.034375
1 0.920833 0.240104 0.158333 0.034375
1 0.092593 0.274479 0.153704 0.034375
1 0.252778 0.274479 0.166667 0.034375
1 0.417593 0.274479 0.162963 0.034375
1 0.584722 0.274479 0.171296 0.034375
1 0.756019 0.274479 0.171296 0.034375
1 0.920833 0.274479 0.158333 0.034375
1 0.092593 0.308854 0.153704 0.034375
1 0.252778 0.308854 0.166667 0.034375
1 0.417593 0.308854 0.162963 0.034375
1 0.584722 0.308854 0.171296 0.034375
1 0.756019 0.308854 0.171296 0.034375
1 0.920833 0.308854 0.158333 0.034375
1 0.092593 0.343229 0.153704 0.034375
1 0.252778 0.343229 0.166667 0.034375
1 0.417593 0.343229 0.162963 0.034375
1 0.584722 0.343229 0.171296 0.034375
1 0.756019 0.343229 0.171296 0.034375
1 0.920833 0.343229 0.158333 0.034375
1 0.092593 0.377604 0.153704 0.034375
1 0.252778 0.377604 0.166667 0.034375
1 0.417593 0.377604 0.162963 0.034375
1 0.584722 0.377604 0.171296 0.034375
1 0.756019 0.377604 0.171296 0.034375
1 0.920833 0.377604 0.158333 0.034375
1 0.092593 0.411979 0.153704 0.034375
1 0.252778 0.411979 0.166667 0.034375
1 0.417593 0.411979 0.162963 0.034375
1 0.584722 0.411979 0.171296 0.034375
1 0.756019 0.411979 0.171296 0.034375
1 0.920833 0.411979 0.158333 0.034375
1 0.092593 0.446354 0.153704 0.034375
1 0.252778 0.446354 0.166667 0.034375
1 0.417593 0.446354 0.162963 0.034375
1 0.584722 0.446354 0.171296 0.034375
1 0.756019 0.446354 0.171296 0.034375
1 0.920833 0.446354 0.158333 0.034375
1 0.092593 0.480729 0.153704 0.034375
1 0.252778 0.480729 0.166667 0.034375
1 0.417593 0.480729 0.162963 0.034375
1 0.584722 0.480729 0.171296 0.034375
1 0.756019 0.480729 0.171296 0.034375
1 0.920833 0.480729 0.158333 0.034375
1 0.092593 0.515104 0.153704 0.034375
1 0.252778 0.515104 0.166667 0.034375
1 0.417593 0.515104 0.162963 0.034375
1 0.584722 0.515104 0.171296 0.034375
1 0.756019 0.515104 0.171296 0.034375
1 0.920833 0.515104 0.158333 0.034375
1 0.092593 0.549479 0.153704 0.034375
1 0.252778 0.549479 0.166667 0.034375
1 0.417593 0.549479 0.162963 0.034375
1 0.584722 0.549479 0.171296 0.034375
1 0.756019 0.549479 0.171296 0.034375
1 0.920833 0.549479 0.158333 0.034375
1 0.092593 0.583854 0.153704 0.034375
1 0.252778 0.583854 0.166667 0.034375
1 0.417593 0.583854 0.162963 0.034375
1 0.584722 0.583854 0.171296 0.034375
1 0.756019 0.583854 0.171296 0.034375
1 0.920833 0.583854 0.158333 0.034375
1 0.092593 0.618229 0.153704 0.034375
1 0.252778 0.618229 0.166667 0.034375
1 0.417593 0.618229 0.162963 0.034375
1 0.584722 0.618229 0.171296 0.034375
1 0.756019 0.618229 0.171296 0.034375
1 0.920833 0.618229 0.158333 0.034375
1 0.092593 0.652604 0.153704 0.034375
1 0.252778 0.652604 0.166667 0.034375
1 0.417593 0.652604 0.162963 0.034375
1 0.584722 0.652604 0.171296 0.034375
1 0.756019 0.652604 0.171296 0.034375
1 0.920833 0.652604 0.158333 0.034375
1 0.092593 0.686979 0.153704 0.034375
1 0.252778 0.686979 0.166667 0.034375
1 0.417593 0.686979 0.162963 0.034375
1 0.584722 0.686979 0.171296 0.034375
1 0.756019 0.686979 0.171296 0.034375
1 0.920833 0.686979 0.158333 0.034375
1 0.092593 0.721354 0.153704 0.034375
1 0.252778 0.721354 0.166667 0.034375
1 0.417593 0.721354 0.162963 0.034375
1 0.584722 0.721354 0.171296 0.034375
1 0.756019 0.721354 0.171296 0.034375
1 0.920833 0.721354 0.158333 0.034375
1 0.092593 0.755729 0.153704 0.034375
1 0.252778 0.755729 0.166667 0.034375
1 0.417593 0.755729 0.162963 0.034375
1 0.584722 0.755729 0.171296 0.034375
1 0.756019 0.755729 0.171296 0.034375
1 0.920833 0.755729 0.158333 0.034375
1 0.092593 0.790104 0.153704 0.034375
1 0.252778 0.790104 0.166667 0.034375
1 0.417593 0.790104 0.162963 0.034375
1 0.584722 0.790104 0.171296 0.034375
1 0.756019 0.790104 0.171296 0.034375
1 0.920833 0.790104 0.158333 0.034375
1 0.092593 0.824479 0.153704 0.034375
1 0.252778 0.824479 0.166667 0.034375
1 0.417593 0.824479 0.162963 0.034375
1 0.584722 0.824479 0.171296 0.034375
1 0.756019 0.824479 0.171296 0.034375
1 0.920833 0.824479 0.158333 0.034375
1 0.092593 0.858854 0.153704 0.034375
1 0.252778 0.858854 0.166667 0.034375
1 0.417593 0.858854 0.162963 0.034375
1 0.584722 0.858854 0.171296 0.034375
1 0.756019 0.858854 0.171296 0.034375
1 0.920833 0.858854 0.158333 0.034375
1 0.092593 0.893229 0.153704 0.034375
1 0.252778 0.893229 0.166667 0.034375
1 0.417593 0.893229 0.162963 0.034375
1 0.584722 0.893229 0.171296 0.034375
1 0.756019 0.893229 0.171296 0.034375
1 0.920833 0.893229 0.158333 0.034375
1 0.092593 0.927604 0.153704 0.034375
1 0.252778 0.927604 0.166667 0.034375
1 0.417593 0.927604 0.162963 0.034375
1 0.584722 0.927604 0.171296 0.034375
1 0.756019 0.927604 0.171296 0.034375
1 0.920833 0.927604 0.158333 0.034375
1 0.092593 0.961979 0.153704 0.034375
1 0.252778 0.961979 0.166667 0.034375
1 0.417593 0.961979 0.162963 0.034375
1 0.584722 0.961979 0.171296 0.034375
1 0.756019 0.961979 0.171296 0.034375
1 0.920833 0.961979 0.158333 0.034375
1 0.092593 0.989583 0.153704 0.020833
1 0.252778 0.989583 0.166667 0.020833
1 0.417593 0.989583 0.162963 0.020833
1 0.584722 0.989583 0.171296 0.020833
1 0.756019 0.989583 0.171296 0.020833
1 0.920833 0.989583 0.158333 0.020833