6 0.500000 0.094792 1.000000 0.102083
4 0.090741 0.094792 0.181481 0.102083
3 0.524074 0.094792 0.685185 0.080208
4 0.933333 0.094792 0.133333 0.087500
1 0.956019 0.729948 0.087963 0.032813
1 0.227315 0.625000 0.387963 0.028125
1 0.431944 0.671615 0.797222 0.065104
3 0.508333 0.383073 0.983333 0.455729
1 0.104167 0.800521 0.141667 0.034375
1 0.321759 0.800521 0.293519 0.034375
7 0.516667 0.864844 0.966667 0.071354
3 0.138889 0.861198 0.198148 0.064062
3 0.350000 0.861198 0.172222 0.049479
3 0.561111 0.861198 0.198148 0.064062
1 0.092130 0.936458 0.117593 0.034375
7 0.516667 0.982552 0.966667 0.034896
1 0.138889 0.982552 0.198148 0.034896
1 0.350000 0.982552 0.198148 0.034896
1 0.561111 0.982552 0.198148 0.034896