6 0.500000 0.094792 1.000000 0.102083
1 0.193519 0.094531 0.283333 0.048438
7 0.500000 0.194792 1.000000 0.097917
1 0.251852 0.194792 0.400000 0.039583
7 0.500000 0.294792 1.000000 0.097917
1 0.141204 0.294792 0.178704 0.039583
7 0.500000 0.394792 1.000000 0.097917
1 0.145833 0.394792 0.187963 0.039583
7 0.500000 0.494792 1.000000 0.097917
1 0.267593 0.494792 0.431481 0.039583
7 0.500000 0.594792 1.000000 0.097917
1 0.328241 0.594792 0.552778 0.039583
7 0.500000 0.694792 1.000000 0.097917
1 0.275463 0.694792 0.447222 0.039583
7 0.500000 0.794792 1.000000 0.097917
1 0.188426 0.794792 0.273148 0.039583
1 0.500000 0.877604 1.000000 0.063542
7 0.500000 0.955729 1.000000 0.088542
1 0.162963 0.960417 0.222222 0.039583
1 0.525926 0.990104 0.948148 0.019792