9 0.414815 0.521875 0.829630 0.956250
6 0.414815 0.094792 0.829630 0.102083
1 0.205093 0.094531 0.306481 0.048438
7 0.414815 0.204167 0.829630 0.087500
3 0.090741 0.204167 0.077778 0.072917
1 0.505556 0.204167 0.544444 0.034375
7 0.414815 0.291667 0.829630 0.087500
3 0.090741 0.291667 0.077778 0.072917
1 0.505556 0.291667 0.544444 0.034375
7 0.414815 0.379167 0.829630 0.087500
4 0.090741 0.379167 0.077778 0.072917
1 0.505556 0.379167 0.544444 0.034375
7 0.414815 0.466667 0.829630 0.087500
3 0.090741 0.466667 0.077778 0.072917
1 0.505556 0.466667 0.544444 0.034375
7 0.414815 0.554167 0.829630 0.087500
4 0.090741 0.554167 0.077778 0.072917
1 0.505556 0.554167 0.544444 0.034375
7 0.414815 0.641667 0.829630 0.087500
4 0.090741 0.641667 0.077778 0.072917
1 0.505556 0.641667 0.544444 0.034375
7 0.414815 0.734375 0.829630 0.097917
3 0.090741 0.734375 0.077778 0.072917
1 0.505556 0.717187 0.544444 0.034375
1 0.505556 0.751563 0.544444 0.034375
7 0.414815 0.798958 0.829630 0.031250
7 0.414815 0.858333 0.829630 0.087500
4 0.090741 0.858333 0.077778 0.072917
1 0.505556 0.858333 0.544444 0.034375
7 0.414815 0.945833 0.829630 0.087500
4 0.090741 0.945833 0.077778 0.072917
1 0.505556 0.945833 0.544444 0.034375
7 0.414815 0.994792 0.829630 0.010417
3 0.090741 0.998437 0.077778 0.003125
6 0.500000 0.094792 1.000000 0.102083
3 0.090741 0.094792 0.181481 0.102083
1 0.364352 0.094531 0.339815 0.048438
7 0.500000 0.211458 1.000000 0.131250
4 0.090741 0.211458 0.077778 0.072917
4 0.116667 0.211458 0.129630 0.072917
1 0.616667 0.194271 0.766667 0.039583
1 0.379167 0.231250 0.291667 0.034375
1 0.696759 0.231250 0.291667 0.034375
7 0.500000 0.344792 1.000000 0.131250
3 0.090741 0.344792 0.077778 0.072917
3 0.116667 0.344792 0.129630 0.072917
1 0.616667 0.327604 0.766667 0.039583
1 0.379167 0.364583 0.291667 0.034375
1 0.696759 0.364583 0.291667 0.034375