3 0.500000 0.563021 1.000000 0.873958
9 0.486111 0.563021 0.972222 0.873958
7 0.486111 0.168490 0.972222 0.084896
1 0.486111 0.168490 0.972222 0.084896
7 0.486111 0.263802 0.972222 0.103646
1 0.486111 0.263802 0.907407 0.103646
7 0.486111 0.368490 0.972222 0.103646
1 0.486111 0.368490 0.907407 0.103646
4 0.865741 0.368229 0.050000 0.020833
7 0.486111 0.473177 0.972222 0.103646
1 0.486111 0.473177 0.907407 0.103646
7 0.486111 0.577865 0.972222 0.103646
1 0.486111 0.577865 0.907407 0.103646
4 0.865741 0.577604 0.050000 0.020833
7 0.486111 0.682552 0.972222 0.103646
1 0.486111 0.682552 0.907407 0.103646
4 0.865741 0.682292 0.050000 0.020833
7 0.486111 0.787240 0.972222 0.103646
1 0.486111 0.787240 0.907407 0.103646
7 0.486111 0.882552 0.972222 0.084896
1 0.486111 0.882552 0.972222 0.084896
4 0.898148 0.882292 0.050000 0.020833
7 0.486111 0.963021 0.972222 0.073958
1 0.486111 0.963021 0.972222 0.073958
4 0.898148 0.968229 0.050000 0.020833
3 0.073148 0.084896 0.146296 0.082292
3 0.204630 0.084896 0.116667 0.065625
1 0.631944 0.084896 0.736111 0.082292
1 0.532407 0.853385 0.935185 0.165104