9 0.500000 0.563021 1.000000 0.873958
1 0.500000 0.143229 1.000000 0.034375
7 0.500000 0.257292 1.000000 0.193750
1 0.500000 0.169271 1.000000 0.017708
1 0.500000 0.308594 1.000000 0.091146
7 0.500000 0.579688 1.000000 0.440625
1 0.500000 0.446094 1.000000 0.136979
1 0.500000 0.578385 1.000000 0.091146
1 0.500000 0.754427 1.000000 0.091146
7 0.500000 0.902604 1.000000 0.194792
1 0.500000 0.891927 1.000000 0.136979
1 0.500000 0.989323 1.000000 0.021354
3 0.073148 0.084896 0.146296 0.082292
3 0.204630 0.084896 0.116667 0.065625
1 0.651852 0.084896 0.237037 0.082292