6 0.500000 0.094792 1.000000 0.102083
1 0.259259 0.094531 0.129630 0.048438
4 0.090741 0.094792 0.181481 0.102083
1 0.142593 0.211458 0.181481 0.043750
1 0.620833 0.190625 0.167593 0.034375
1 0.975000 0.190625 0.050000 0.034375
8 0.175000 0.481250 0.324074 0.131250
8 0.087500 0.470313 0.149074 0.109375
3 0.500000 0.682292 1.000000 0.635417
1 0.770370 0.232292 0.025926 0.034375
8 0.496296 0.467448 0.233333 0.171354
8 0.496296 0.453906 0.194444 0.144271
1 0.496296 0.534896 0.053704 0.034375
8 0.837037 0.467448 0.233333 0.171354
8 0.837037 0.453906 0.194444 0.144271
1 0.837037 0.534896 0.053704 0.034375
8 0.309259 0.652865 0.233333 0.171354
8 0.309259 0.639323 0.194444 0.144271
1 0.308796 0.720313 0.069444 0.034375
8 0.683333 0.652865 0.233333 0.171354
8 0.683333 0.639323 0.194444 0.144271
1 0.682870 0.720313 0.069444 0.034375
8 0.953704 0.652865 0.092593 0.171354
8 0.963426 0.639323 0.073148 0.144271
1 0.994444 0.720313 0.011111 0.034375
8 0.129630 0.784635 0.233333 0.171354
8 0.129630 0.771094 0.194444 0.144271
1 0.129167 0.852083 0.089815 0.034375
8 0.953704 0.890885 0.092593 0.171354
8 0.963426 0.877344 0.073148 0.144271
1 0.997222 0.958333 0.005556 0.034375
8 0.309259 0.890885 0.233333 0.171354
8 0.309259 0.877344 0.194444 0.144271
1 0.308796 0.958333 0.058333 0.034375
8 0.683333 0.890885 0.233333 0.171354
8 0.683333 0.877344 0.194444 0.144271
1 0.682870 0.958333 0.058333 0.034375
1 0.122685 0.303906 0.193519 0.029687
1 0.271296 0.302604 0.025926 0.034375
3 0.336111 0.300000 0.051852 0.029167