1 0.171296 0.102083 0.342593 0.116667
1 0.500000 0.102083 0.351852 0.116667
1 0.828704 0.102083 0.342593 0.116667
1 0.995370 0.102083 0.009259 0.116667
4 0.106019 0.218750 0.212037 0.116667
1 0.606019 0.218490 0.787963 0.050521
4 0.106019 0.336458 0.212037 0.116667
1 0.606019 0.336198 0.787963 0.050521
4 0.106019 0.454167 0.212037 0.116667
1 0.606019 0.453906 0.787963 0.050521
4 0.106019 0.571875 0.212037 0.116667
1 0.606019 0.571615 0.787963 0.050521
4 0.106019 0.689583 0.212037 0.116667
1 0.606019 0.689323 0.787963 0.050521