1 0.171296 0.102083 0.342593 0.116667
1 0.500000 0.102083 0.351852 0.116667
1 0.828704 0.102083 0.342593 0.116667
1 0.995370 0.102083 0.009259 0.116667
1 0.500000 0.198698 1.000000 0.050521
1 0.500000 0.243750 1.000000 0.039583
1 0.500000 0.312240 1.000000 0.050521
1 0.500000 0.357292 1.000000 0.039583
1 0.500000 0.434115 1.000000 0.050521
1 0.500000 0.479167 1.000000 0.039583
1 0.500000 0.551823 1.000000 0.050521
1 0.500000 0.596875 1.000000 0.039583
1 0.500000 0.669531 1.000000 0.050521
1 0.500000 0.714583 1.000000 0.039583
1 0.500000 0.787240 1.000000 0.050521
1 0.500000 0.832292 1.000000 0.039583
1 0.500000 0.904948 1.000000 0.050521
1 0.500000 0.950000 1.000000 0.039583
1 0.500000 0.998698 1.000000 0.002604