6 0.500000 0.094792 1.000000 0.102083
1 0.409722 0.094792 0.456481 0.068750
4 0.090741 0.094792 0.181481 0.102083
8 0.500000 0.216406 1.000000 0.141146
4 0.122685 0.216406 0.226852 0.113021
1 0.580556 0.179688 0.688889 0.039583
1 0.962963 0.258073 0.074074 0.029687
8 0.500000 0.357552 1.000000 0.141146
3 0.122685 0.357552 0.226852 0.113021
1 0.618056 0.320833 0.763889 0.039583
1 0.962963 0.399219 0.074074 0.029687
8 0.500000 0.498698 1.000000 0.141146
3 0.122685 0.498698 0.226852 0.113021
1 0.618056 0.461979 0.763889 0.039583
1 0.618056 0.527604 0.763889 0.055208
8 0.500000 0.639844 1.000000 0.141146
4 0.122685 0.639844 0.226852 0.113021
1 0.618056 0.603125 0.763889 0.039583
1 0.962963 0.681510 0.074074 0.029687
8 0.500000 0.780990 1.000000 0.141146
3 0.122685 0.780990 0.226852 0.113021
1 0.478241 0.744271 0.484259 0.039583
1 0.985648 0.822656 0.028704 0.029687
8 0.500000 0.922135 1.000000 0.141146
3 0.122685 0.922135 0.226852 0.113021
1 0.437500 0.885417 0.402778 0.039583
1 0.962963 0.963802 0.074074 0.029687