6 0.500000 0.094792 1.000000 0.102083
4 0.090741 0.094792 0.181481 0.102083
4 0.666667 0.094792 0.103704 0.058333
1 0.500000 0.198177 1.000000 0.104688
7 0.500000 0.308854 1.000000 0.116667
1 0.141667 0.308594 0.179630 0.034896
7 0.500000 0.426042 1.000000 0.116667
1 0.219444 0.425781 0.335185 0.034896
7 0.500000 0.543229 1.000000 0.116667
1 0.482870 0.542969 0.862037 0.034896
7 0.500000 0.660417 1.000000 0.116667
1 0.327315 0.660156 0.550926 0.034896
7 0.500000 0.777604 1.000000 0.116667
1 0.308796 0.777344 0.513889 0.034896
1 0.500000 0.860677 1.000000 0.049479
1 0.500000 0.937760 1.000000 0.104688
7 0.500000 0.995052 1.000000 0.009896