6 0.500000 0.094792 1.000000 0.102083
3 0.500000 0.048438 1.000000 0.009375
7 0.500000 0.363021 1.000000 0.131250
4 0.136111 0.363021 0.168519 0.094792
3 0.197685 0.390365 0.071296 0.040104
1 0.422222 0.345833 0.274074 0.039583
1 0.496759 0.382812 0.423148 0.034375
7 0.500000 0.494271 1.000000 0.131250
4 0.136111 0.494271 0.168519 0.094792
1 0.373611 0.477083 0.176852 0.039583
1 0.496759 0.514062 0.423148 0.034375
7 0.500000 0.625521 1.000000 0.131250
4 0.118981 0.221615 0.237963 0.151562
1 0.618981 0.221615 0.762037 0.064062