3 0.666204 0.288542 0.539815 0.161458
1 0.666667 0.415625 0.614815 0.073958
1 0.666204 0.468490 0.497222 0.031771
3 0.158333 0.577604 0.153704 0.086458
3 0.158333 0.708333 0.153704 0.086458
3 0.158333 0.839063 0.153704 0.086458
3 0.158333 0.963281 0.153704 0.073438
1 0.367593 0.560417 0.101852 0.047917
1 0.377778 0.691146 0.122222 0.047917
1 0.415278 0.732292 0.197222 0.034375
1 0.385648 0.821875 0.137963 0.047917
1 0.428241 0.863021 0.223148 0.034375
1 0.398611 0.952604 0.163889 0.047917
1 0.428241 0.988281 0.223148 0.023438