6 0.500000 0.094792 1.000000 0.102083
1 0.448611 0.094531 0.508333 0.048438
4 0.090741 0.094792 0.181481 0.102083
2 0.500000 0.186979 1.000000 0.082292
1 0.064815 0.257292 0.129630 0.058333
1 0.194444 0.257292 0.129630 0.058333
1 0.324074 0.257292 0.129630 0.058333
1 0.453704 0.257292 0.129630 0.058333
1 0.583333 0.257292 0.129630 0.058333
1 0.712963 0.257292 0.129630 0.058333
7 0.500000 0.332031 1.000000 0.091146
3 0.081019 0.332031 0.162037 0.091146
1 0.581019 0.332031 0.837963 0.091146
7 0.500000 0.425260 1.000000 0.091146
3 0.081019 0.425260 0.162037 0.091146
1 0.581019 0.425260 0.837963 0.091146
7 0.500000 0.518490 1.000000 0.091146
4 0.081019 0.518490 0.162037 0.091146
1 0.581019 0.518490 0.837963 0.091146
7 0.500000 0.611719 1.000000 0.091146
4 0.081019 0.611719 0.162037 0.091146
1 0.581019 0.611719 0.837963 0.091146
7 0.500000 0.704948 1.000000 0.091146
3 0.081019 0.704948 0.162037 0.091146
1 0.581019 0.704948 0.837963 0.091146
7 0.500000 0.798177 1.000000 0.091146
4 0.081019 0.798177 0.162037 0.091146
1 0.581019 0.798177 0.837963 0.091146
7 0.500000 0.891406 1.000000 0.091146
4 0.081019 0.891406 0.162037 0.091146
1 0.581019 0.891406 0.837963 0.091146
7 0.500000 0.969531 1.000000 0.060937
3 0.081019 0.969531 0.162037 0.060937
1 0.581019 0.969531 0.837963 0.060937