6 0.500000 0.094792 1.000000 0.102083
1 0.304167 0.094531 0.141667 0.048438
4 0.090741 0.094792 0.181481 0.102083
3 0.910648 0.094792 0.178704 0.087500
2 0.500000 0.147656 1.000000 0.003646
7 0.500000 0.328125 1.000000 0.364583
3 0.081481 0.182292 0.064815 0.036458
1 0.286111 0.182292 0.279630 0.036458
1 0.524537 0.282813 0.950926 0.164583
1 0.500926 0.384896 0.903704 0.039583
1 0.976389 0.375521 0.047222 0.058333
1 0.500000 0.466667 1.000000 0.087500
7 0.500000 0.634896 1.000000 0.248958
1 0.500000 0.533333 1.000000 0.045833
4 0.132870 0.629427 0.200926 0.113021
3 0.188889 0.594792 0.103704 0.058333
1 0.292130 0.591667 0.102778 0.034375
1 0.620370 0.677604 0.759259 0.126042
7 0.500000 0.861979 1.000000 0.205208
4 0.113426 0.845573 0.162037 0.091146
3 0.188889 0.800000 0.103704 0.058333
1 0.277315 0.796875 0.073148 0.034375
1 0.620370 0.882812 0.759259 0.126042
7 0.500000 0.982292 1.000000 0.035417
3 0.188889 0.988021 0.103704 0.023958
1 0.277315 0.992448 0.073148 0.015104