1 0.506481 0.065885 0.987037 0.042188
1 0.337963 0.147917 0.675926 0.116667
3 0.974074 0.129688 0.051852 0.058333
1 0.974537 0.179167 0.050926 0.034375
1 0.283333 0.769271 0.566667 0.034375
1 0.432407 0.803646 0.864815 0.034375
1 0.432407 0.836458 0.581481 0.031250
1 0.084259 0.223438 0.164815 0.034375
1 0.102315 0.257812 0.200926 0.034375
1 0.053704 0.292187 0.103704 0.034375
1 0.272222 0.223438 0.051852 0.034375
1 0.252778 0.257812 0.090741 0.034375
1 0.265741 0.292187 0.064815 0.034375
1 0.311111 0.223438 0.016667 0.034375
1 0.311111 0.257812 0.016667 0.034375
1 0.311111 0.292187 0.016667 0.034375
1 0.350000 0.223438 0.051852 0.034375
1 0.350000 0.257812 0.051852 0.034375
1 0.362963 0.292187 0.025926 0.034375
1 0.384722 0.223438 0.008333 0.034375
1 0.384722 0.257812 0.008333 0.034375
1 0.384722 0.292187 0.008333 0.034375
1 0.464352 0.223438 0.141667 0.034375
1 0.464352 0.257812 0.141667 0.034375
1 0.477315 0.292187 0.115741 0.034375
1 0.546759 0.223438 0.013889 0.034375
1 0.546759 0.257812 0.013889 0.034375
1 0.546759 0.292187 0.013889 0.034375