9 0.500000 0.196875 1.000000 0.102083
1 0.222222 0.196875 0.444444 0.102083
1 0.666667 0.196875 0.444444 0.102083
1 0.944444 0.196875 0.111111 0.102083
6 0.500000 0.094792 1.000000 0.102083
1 0.500463 0.094531 0.534259 0.048438
4 0.090741 0.094792 0.181481 0.102083
8 0.512963 0.371875 0.974074 0.218750
8 0.512963 0.541406 0.974074 0.091146
1 0.224537 0.526563 0.293519 0.032292
1 0.249537 0.558594 0.343519 0.027604
7 0.512963 0.704167 0.974074 0.205208
3 0.985185 0.659115 0.029630 0.085938
1 0.524074 0.659115 0.892593 0.068229
1 0.163426 0.728385 0.171296 0.029687
1 0.246296 0.760417 0.337037 0.034375
1 0.623148 0.728385 0.146296 0.029687
1 0.639815 0.760417 0.179630 0.034375
1 0.957870 0.728385 0.084259 0.029687
1 0.933333 0.760417 0.035185 0.034375
7 0.512963 0.910677 0.974074 0.178646
3 0.985185 0.878906 0.029630 0.085938
1 0.524074 0.878906 0.892593 0.068229
1 0.163426 0.948177 0.171296 0.029687
1 0.246296 0.980208 0.337037 0.034375
1 0.623148 0.948177 0.146296 0.029687
1 0.639815 0.980208 0.179630 0.034375
1 0.957870 0.948177 0.084259 0.029687
1 0.933333 0.980208 0.035185 0.034375