6 0.500000 0.094792 1.000000 0.102083
1 0.524537 0.094531 0.660185 0.048438
4 0.090741 0.094792 0.181481 0.102083
7 0.500000 0.225781 1.000000 0.159896
1 0.639815 0.188281 0.720370 0.048438
4 0.337963 0.245312 0.116667 0.065625
4 0.337963 0.245312 0.090741 0.051042
3 0.471296 0.245312 0.116667 0.065625
3 0.471296 0.245312 0.090741 0.051042
4 0.604630 0.245312 0.116667 0.065625
3 0.604630 0.245312 0.090741 0.051042
3 0.737963 0.245312 0.116667 0.065625
3 0.737963 0.245312 0.090741 0.051042
3 0.871296 0.245312 0.116667 0.065625
3 0.871296 0.245312 0.090741 0.051042
4 0.973148 0.245312 0.053704 0.065625
4 0.979630 0.245312 0.040741 0.051042
1 0.139815 0.195312 0.109259 0.039583
1 0.139815 0.234896 0.029630 0.039583
7 0.500000 0.381510 1.000000 0.147396
1 0.220370 0.417187 0.088889 0.034375
1 0.664815 0.417187 0.114815 0.034375
3 0.220370 0.359896 0.142593 0.080208
1 0.219907 0.359896 0.086111 0.039583
3 0.664815 0.359896 0.142593 0.080208
1 0.664352 0.359896 0.086111 0.039583
7 0.500000 0.537240 1.000000 0.159896
1 0.639815 0.499740 0.720370 0.048438
4 0.337963 0.556771 0.116667 0.065625
3 0.337963 0.556771 0.090741 0.051042
4 0.471296 0.556771 0.116667 0.065625
3 0.471296 0.556771 0.090741 0.051042
3 0.604630 0.556771 0.116667 0.065625
3 0.604630 0.556771 0.090741 0.051042
3 0.737963 0.556771 0.116667 0.065625
4 0.737963 0.556771 0.090741 0.051042
3 0.871296 0.556771 0.116667 0.065625
3 0.871296 0.556771 0.090741 0.051042
4 0.973148 0.556771 0.053704 0.065625
3 0.979630 0.556771 0.040741 0.051042
1 0.139815 0.506771 0.109259 0.039583
1 0.139815 0.546354 0.029630 0.039583
7 0.500000 0.699219 1.000000 0.159896
1 0.639815 0.661719 0.720370 0.048438
4 0.337963 0.718750 0.116667 0.065625
4 0.337963 0.718750 0.090741 0.051042
3 0.471296 0.718750 0.116667 0.065625
4 0.471296 0.718750 0.090741 0.051042
3 0.604630 0.718750 0.116667 0.065625
3 0.604630 0.718750 0.090741 0.051042
4 0.737963 0.718750 0.116667 0.065625
4 0.737963 0.718750 0.090741 0.051042
1 0.139815 0.668750 0.109259 0.039583
1 0.139815 0.708333 0.029630 0.039583
7 0.500000 0.861198 1.000000 0.159896
1 0.639815 0.823698 0.720370 0.048438
4 0.337963 0.880729 0.116667 0.065625
3 0.337963 0.880729 0.090741 0.051042
3 0.471296 0.880729 0.116667 0.065625
3 0.471296 0.880729 0.090741 0.051042
3 0.604630 0.880729 0.116667 0.065625
3 0.604630 0.880729 0.090741 0.051042
4 0.737963 0.880729 0.116667 0.065625
4 0.737963 0.880729 0.090741 0.051042
1 0.139815 0.830729 0.109259 0.039583
1 0.139815 0.870313 0.064815 0.039583
7 0.500000 0.971615 1.000000 0.056771
3 0.220370 0.977604 0.142593 0.044792
1 0.219907 0.987760 0.086111 0.024479
4 0.664815 0.977604 0.142593 0.044792
1 0.664352 0.987760 0.086111 0.024479