6 0.500000 0.094792 1.000000 0.102083
1 0.435185 0.094531 0.481481 0.048438
4 0.090741 0.094792 0.181481 0.102083
1 0.519444 0.725781 0.961111 0.055729
1 0.519444 0.671615 0.961111 0.052604
1 0.516204 0.821615 0.967593 0.092188
1 0.516204 0.913802 0.967593 0.092188
3 0.113889 0.389844 0.194444 0.040104
3 0.168519 0.572396 0.194444 0.109375
3 0.168519 0.572396 0.194444 0.109375
1 0.649074 0.572396 0.701852 0.058333
1 0.321759 0.990885 0.500926 0.018229
1 0.129167 0.466927 0.128704 0.044271
1 0.223611 0.471094 0.060185 0.029687
4 0.299074 0.470313 0.090741 0.051042
1 0.299074 0.470052 0.055556 0.024479