6 0.500000 0.094792 1.000000 0.102083
1 0.356481 0.094531 0.324074 0.048438
4 0.090741 0.094792 0.181481 0.102083
7 0.500000 0.315625 1.000000 0.062500
3 0.077778 0.315625 0.090741 0.051042
1 0.561574 0.315625 0.876852 0.051042
7 0.500000 0.408854 1.000000 0.119792
3 0.103704 0.407292 0.142593 0.080208
3 0.103704 0.407292 0.142593 0.080208
1 0.603704 0.393490 0.792593 0.052604
1 0.603704 0.434635 0.792593 0.029687
7 0.500000 0.530208 1.000000 0.118750
3 0.103704 0.529167 0.142593 0.080208
3 0.103704 0.529167 0.142593 0.080208
1 0.603704 0.515365 0.792593 0.052604
1 0.603704 0.556510 0.792593 0.029687
7 0.500000 0.651563 1.000000 0.119792
3 0.103704 0.650000 0.142593 0.080208
3 0.103704 0.650000 0.142593 0.080208
1 0.603704 0.636198 0.792593 0.052604
1 0.603704 0.677344 0.792593 0.029687
7 0.500000 0.773438 1.000000 0.119792
4 0.103704 0.771875 0.142593 0.080208
4 0.103704 0.771875 0.116667 0.065625
1 0.603704 0.758073 0.792593 0.052604
1 0.603704 0.799219 0.792593 0.029687
7 0.500000 0.895312 1.000000 0.119792
3 0.103704 0.893750 0.142593 0.080208
3 0.103704 0.893750 0.142593 0.080208
1 0.603704 0.879948 0.792593 0.052604
1 0.603704 0.921094 0.792593 0.029687
7 0.500000 0.978646 1.000000 0.042708
3 0.103704 0.987760 0.142593 0.024479
4 0.103704 0.991406 0.116667 0.017188
1 0.603704 0.987760 0.792593 0.024479
1 0.639815 0.183854 0.720370 0.039583
1 0.639815 0.223438 0.720370 0.039583
1 0.139815 0.195312 0.109259 0.039583
1 0.139815 0.234896 0.064815 0.039583