9 0.453704 0.521875 0.907407 0.956250
1 0.453704 0.167969 0.829630 0.029687
1 0.453704 0.822917 0.829630 0.087500
1 0.453704 0.910417 0.829630 0.087500
1 0.453704 0.977083 0.829630 0.045833
7 0.453704 0.243229 0.829630 0.087500
3 0.077778 0.243229 0.077778 0.009375
1 0.492593 0.243229 0.751852 0.087500
7 0.453704 0.332813 0.829630 0.087500
1 0.453704 0.332813 0.829630 0.087500
6 0.500000 0.094792 1.000000 0.102083
3 0.090741 0.094792 0.181481 0.102083
1 0.414815 0.094792 0.440741 0.052083
1 0.666667 0.609115 0.487037 0.044271
1 0.627315 0.695573 0.745370 0.036979
1 0.647222 0.732552 0.705556 0.036979
1 0.666204 0.769531 0.330556 0.036979