6 0.500000 0.087500 1.000000 0.087500
3 0.091667 0.087500 0.103704 0.058333
1 0.424074 0.087240 0.535185 0.044271
1 0.500000 0.148438 1.000000 0.034375
1 0.500000 0.203646 1.000000 0.076042
1 0.500000 0.280729 1.000000 0.076042
1 0.500000 0.357812 1.000000 0.076042
1 0.500000 0.434896 1.000000 0.076042
1 0.500000 0.511979 1.000000 0.076042
1 0.500000 0.589063 1.000000 0.076042
1 0.500000 0.666146 1.000000 0.076042
1 0.500000 0.743229 1.000000 0.076042
1 0.500000 0.820312 1.000000 0.076042
1 0.500000 0.897396 1.000000 0.076042
1 0.500000 0.968229 1.000000 0.063542