6 0.500000 0.094792 1.000000 0.102083
3 0.150926 0.094531 0.198148 0.032813
3 0.500000 0.572917 1.000000 0.854167
1 0.207870 0.260156 0.260185 0.141146
1 0.538889 0.390104 0.922222 0.118750
1 0.538889 0.984896 0.922222 0.030208
4 0.134722 0.488281 0.113889 0.077604
3 0.134722 0.652083 0.113889 0.087500
4 0.134722 0.810937 0.113889 0.087500
1 0.461111 0.478646 0.474074 0.058333
1 0.612037 0.539844 0.775926 0.064062
1 0.386574 0.637500 0.325000 0.058333
1 0.612037 0.698698 0.775926 0.064062
1 0.387500 0.796354 0.326852 0.058333
1 0.612037 0.857552 0.775926 0.064062