6 0.500000 0.094792 1.000000 0.102083
1 0.445370 0.094792 0.527778 0.077083
4 0.090741 0.094792 0.181481 0.102083
7 0.516204 0.265625 0.967593 0.239583
3 0.516204 0.199219 0.967593 0.106771
1 0.529167 0.302865 0.941667 0.071354
1 0.148148 0.354687 0.179630 0.032292
1 0.148148 0.354687 0.179630 0.032292
1 0.350926 0.354687 0.218519 0.032292
7 0.516204 0.661458 0.967593 0.515625
3 0.516204 0.595052 0.967593 0.382812
1 0.529167 0.836719 0.941667 0.071354
1 0.148148 0.888542 0.179630 0.032292
1 0.148148 0.888542 0.179630 0.032292
1 0.394907 0.888542 0.306481 0.032292
7 0.516204 0.968750 0.967593 0.062500
3 0.516204 0.968750 0.967593 0.062500