4 0.093981 0.085677 0.136111 0.076563
1 0.524537 0.235417 0.950926 0.142708
1 0.524537 0.321615 0.950926 0.029687
1 0.666667 0.065885 0.300000 0.029687
1 0.666204 0.100521 0.126852 0.039583
4 0.332870 0.657552 0.162037 0.091146
1 0.333333 0.720313 0.190741 0.034375
4 0.959259 0.657552 0.081481 0.091146
1 0.951852 0.720313 0.096296 0.034375
3 0.332870 0.783073 0.162037 0.091146
1 0.332870 0.845833 0.415741 0.034375
3 0.959259 0.783073 0.081481 0.091146
1 0.902778 0.845833 0.194444 0.034375
4 0.332870 0.908594 0.162037 0.091146
1 0.332870 0.971354 0.352778 0.034375
4 0.959259 0.908594 0.081481 0.091146
1 0.911574 0.971354 0.176852 0.034375