6 0.500000 0.087500 1.000000 0.087500
4 0.026852 0.087500 0.053704 0.087500
4 0.025926 0.087500 0.051852 0.029167
4 0.985185 0.087500 0.029630 0.087500
1 0.211111 0.087240 0.314815 0.044271
7 0.500000 0.411979 1.000000 0.554167
1 0.198148 0.659896 0.396296 0.058333
3 0.137500 0.208594 0.178704 0.100521
1 0.645833 0.169271 0.708333 0.039583
1 0.645833 0.206250 0.708333 0.034375
1 0.383333 0.245312 0.183333 0.043750
4 0.093519 0.454167 0.155556 0.087500
1 0.347685 0.537760 0.352778 0.167187
1 0.347685 0.419792 0.089815 0.032292
1 0.700000 0.419792 0.146296 0.032292
1 0.986111 0.419792 0.027778 0.032292
1 0.700463 0.586979 0.123148 0.032292
4 0.347685 0.350781 0.162037 0.091146
3 0.700463 0.350781 0.162037 0.091146
4 0.700463 0.517969 0.162037 0.091146
7 0.500000 0.844531 1.000000 0.310937
3 0.430556 0.775521 0.129630 0.072917
1 0.747222 0.775521 0.438889 0.034375
1 0.340741 0.958333 0.270370 0.034375
1 0.934259 0.958333 0.131481 0.034375
4 0.241667 0.904687 0.129630 0.072917
1 0.413889 0.904427 0.181481 0.060937
3 0.892593 0.904687 0.129630 0.072917
1 0.987037 0.904427 0.025926 0.060937