9 0.388889 0.521875 0.777778 0.956250
1 0.388889 0.091146 0.777778 0.094792
1 0.388889 0.185938 0.777778 0.094792
1 0.388889 0.280729 0.777778 0.094792
1 0.388889 0.375521 0.777778 0.094792
1 0.145833 0.466667 0.291667 0.087500
1 0.437500 0.466667 0.291667 0.087500
4 0.680556 0.466667 0.194444 0.087500
1 0.388889 0.907813 0.777778 0.094792
1 0.388889 0.977604 0.777778 0.044792
1 0.097222 0.554167 0.194444 0.087500
1 0.291667 0.554167 0.194444 0.087500
1 0.486111 0.554167 0.194444 0.087500
1 0.680556 0.554167 0.194444 0.087500
1 0.097222 0.641667 0.194444 0.087500
1 0.291667 0.641667 0.194444 0.087500
1 0.486111 0.641667 0.194444 0.087500
1 0.680556 0.641667 0.194444 0.087500
1 0.097222 0.729167 0.194444 0.087500
1 0.291667 0.729167 0.194444 0.087500
1 0.486111 0.729167 0.194444 0.087500
1 0.680556 0.729167 0.194444 0.087500
1 0.291667 0.816667 0.194444 0.087500
1 0.583333 0.816667 0.388889 0.087500
6 0.500000 0.094792 1.000000 0.102083
1 0.285648 0.094531 0.182407 0.048438
4 0.090741 0.094792 0.181481 0.102083
1 0.666667 0.695833 0.618519 0.087500