6 0.500000 0.094792 1.000000 0.102083
1 0.314352 0.094531 0.239815 0.048438
4 0.090741 0.091146 0.181481 0.094792
7 0.500000 0.189583 1.000000 0.087500
4 0.116667 0.189583 0.077778 0.043750
1 0.333796 0.189583 0.304630 0.039583
7 0.500000 0.279167 1.000000 0.087500
4 0.116667 0.279167 0.077778 0.043750
1 0.343981 0.279167 0.325000 0.039583
7 0.500000 0.368750 1.000000 0.087500
3 0.116667 0.368750 0.077778 0.043750
1 0.390741 0.368750 0.418519 0.039583
7 0.500000 0.458333 1.000000 0.087500
4 0.116667 0.458333 0.077778 0.043750
1 0.300463 0.458333 0.237963 0.039583
7 0.500000 0.547917 1.000000 0.087500
4 0.116667 0.547917 0.077778 0.043750
1 0.337963 0.547917 0.312963 0.039583
7 0.500000 0.637500 1.000000 0.087500
3 0.116667 0.637500 0.077778 0.043750
1 0.382407 0.637500 0.401852 0.039583
7 0.500000 0.727083 1.000000 0.087500
4 0.116667 0.727083 0.077778 0.043750
1 0.345833 0.727083 0.328704 0.039583
7 0.500000 0.816667 1.000000 0.087500
4 0.116667 0.816667 0.077778 0.043750
1 0.378241 0.816667 0.393519 0.039583
7 0.500000 0.906250 1.000000 0.087500
4 0.116667 0.906250 0.077778 0.043750
1 0.366204 0.906250 0.369444 0.039583
7 0.500000 0.976042 1.000000 0.047917
4 0.116667 0.986979 0.077778 0.026042
1 0.234722 0.988021 0.106481 0.023958