6 0.500000 0.094792 1.000000 0.102083
1 0.288426 0.094531 0.473148 0.048438
6 0.500000 0.183333 1.000000 0.075000
5 0.500000 0.182031 1.000000 0.050521
1 0.500000 0.182031 1.000000 0.050521
7 0.111111 0.276562 0.222222 0.107292
1 0.111111 0.259375 0.222222 0.072917
1 0.111111 0.313021 0.222222 0.034375
7 0.333333 0.276562 0.222222 0.107292
1 0.333333 0.259375 0.222222 0.072917
1 0.333333 0.313021 0.222222 0.034375
7 0.555556 0.276562 0.222222 0.107292
1 0.555556 0.259375 0.222222 0.072917
1 0.555556 0.313021 0.222222 0.034375
7 0.777778 0.276562 0.222222 0.107292
1 0.777778 0.259375 0.222222 0.072917
1 0.777778 0.313021 0.222222 0.034375
7 0.944444 0.276562 0.111111 0.107292
1 0.944444 0.259375 0.111111 0.072917
1 0.944444 0.313021 0.111111 0.034375
7 0.111111 0.383854 0.222222 0.107292
1 0.111111 0.366667 0.222222 0.072917
1 0.111111 0.420312 0.222222 0.034375
7 0.333333 0.383854 0.222222 0.107292
1 0.333333 0.366667 0.222222 0.072917
1 0.333333 0.420312 0.222222 0.034375
7 0.555556 0.383854 0.222222 0.107292
1 0.555556 0.366667 0.222222 0.072917
1 0.555556 0.420312 0.222222 0.034375
7 0.777778 0.383854 0.222222 0.107292
1 0.777778 0.366667 0.222222 0.072917
1 0.777778 0.420312 0.222222 0.034375
7 0.944444 0.383854 0.111111 0.107292
1 0.944444 0.366667 0.111111 0.072917
1 0.944444 0.420312 0.111111 0.034375
7 0.111111 0.491146 0.222222 0.107292
1 0.111111 0.473958 0.222222 0.072917
1 0.111111 0.527604 0.222222 0.034375
7 0.333333 0.491146 0.222222 0.107292
1 0.333333 0.473958 0.222222 0.072917
1 0.333333 0.527604 0.222222 0.034375
7 0.555556 0.491146 0.222222 0.107292
1 0.555556 0.473958 0.222222 0.072917
1 0.555556 0.527604 0.222222 0.034375
7 0.777778 0.491146 0.222222 0.107292
1 0.777778 0.473958 0.222222 0.072917
1 0.777778 0.527604 0.222222 0.034375
7 0.944444 0.491146 0.111111 0.107292
1 0.944444 0.473958 0.111111 0.072917
1 0.944444 0.527604 0.111111 0.034375
7 0.111111 0.598437 0.222222 0.107292
1 0.111111 0.581250 0.222222 0.072917
1 0.111111 0.634896 0.222222 0.034375
7 0.333333 0.598437 0.222222 0.107292
1 0.333333 0.581250 0.222222 0.072917
1 0.333333 0.634896 0.222222 0.034375
7 0.555556 0.598437 0.222222 0.107292
1 0.555556 0.581250 0.222222 0.072917
1 0.555556 0.634896 0.222222 0.034375
7 0.777778 0.598437 0.222222 0.107292
1 0.777778 0.581250 0.222222 0.072917
1 0.777778 0.634896 0.222222 0.034375
7 0.944444 0.598437 0.111111 0.107292
1 0.944444 0.581250 0.111111 0.072917
1 0.944444 0.634896 0.111111 0.034375
7 0.111111 0.705729 0.222222 0.107292
1 0.111111 0.688542 0.222222 0.072917
1 0.111111 0.742188 0.222222 0.034375
7 0.333333 0.705729 0.222222 0.107292
1 0.333333 0.688542 0.222222 0.072917
1 0.333333 0.742188 0.222222 0.034375
7 0.555556 0.705729 0.222222 0.107292
1 0.555556 0.688542 0.222222 0.072917
1 0.555556 0.742188 0.222222 0.034375
7 0.777778 0.705729 0.222222 0.107292
1 0.777778 0.688542 0.222222 0.072917
1 0.777778 0.742188 0.222222 0.034375
7 0.944444 0.705729 0.111111 0.107292
1 0.944444 0.688542 0.111111 0.072917
1 0.944444 0.742188 0.111111 0.034375
7 0.111111 0.813021 0.222222 0.107292
1 0.111111 0.795833 0.222222 0.072917
1 0.111111 0.849479 0.222222 0.034375
7 0.333333 0.813021 0.222222 0.107292
1 0.333333 0.795833 0.222222 0.072917
1 0.333333 0.849479 0.222222 0.034375
7 0.555556 0.813021 0.222222 0.107292
1 0.555556 0.795833 0.222222 0.072917
1 0.555556 0.849479 0.222222 0.034375
7 0.777778 0.813021 0.222222 0.107292
1 0.777778 0.795833 0.222222 0.072917
1 0.777778 0.849479 0.222222 0.034375
7 0.944444 0.813021 0.111111 0.107292
1 0.944444 0.795833 0.111111 0.072917
1 0.944444 0.849479 0.111111 0.034375
7 0.111111 0.920312 0.222222 0.107292
1 0.111111 0.903125 0.222222 0.072917
1 0.111111 0.956771 0.222222 0.034375
7 0.333333 0.920312 0.222222 0.107292
1 0.333333 0.903125 0.222222 0.072917
1 0.333333 0.956771 0.222222 0.034375
7 0.555556 0.920312 0.222222 0.107292
1 0.555556 0.903125 0.222222 0.072917
1 0.555556 0.956771 0.222222 0.034375
7 0.777778 0.920312 0.222222 0.107292
1 0.777778 0.903125 0.222222 0.072917
1 0.777778 0.956771 0.222222 0.034375
7 0.944444 0.920312 0.111111 0.107292
1 0.944444 0.903125 0.111111 0.072917
1 0.944444 0.956771 0.111111 0.034375
7 0.111111 0.986979 0.222222 0.026042
1 0.111111 0.986979 0.222222 0.026042
7 0.333333 0.986979 0.222222 0.026042
1 0.333333 0.986979 0.222222 0.026042
7 0.555556 0.986979 0.222222 0.026042
1 0.555556 0.986979 0.222222 0.026042
7 0.777778 0.986979 0.222222 0.026042
1 0.777778 0.986979 0.222222 0.026042
7 0.944444 0.986979 0.111111 0.026042
1 0.944444 0.986979 0.111111 0.026042