6 0.500000 0.094792 1.000000 0.102083
1 0.170370 0.094531 0.237037 0.048438
4 0.788889 0.094792 0.155556 0.087500
4 0.933333 0.094792 0.133333 0.087500
9 0.500000 0.196875 1.000000 0.102083
1 0.833333 0.196875 0.333333 0.102083
1 0.333333 0.196875 0.201852 0.034375
8 0.503241 0.374219 0.993519 0.248438
1 0.211574 0.466927 0.397222 0.036979
3 0.211574 0.352083 0.345370 0.178125
1 0.705093 0.302604 0.589815 0.093750
1 0.705093 0.383073 0.589815 0.063021
1 0.705093 0.446354 0.589815 0.063542
8 0.224537 0.743750 0.436111 0.490625
1 0.224537 0.957812 0.423148 0.036458
3 0.224537 0.721875 0.371296 0.367708
8 0.224537 0.994531 0.436111 0.010937
8 0.666204 0.621094 0.436111 0.245312
1 0.666204 0.712500 0.423148 0.036458
3 0.666204 0.599219 0.371296 0.175521
8 0.666204 0.866406 0.436111 0.245312
1 0.666204 0.957812 0.423148 0.036458
3 0.666204 0.844531 0.371296 0.175521
8 0.666204 0.994531 0.436111 0.010937
8 0.944907 0.621094 0.110185 0.245312
1 0.948148 0.712500 0.103704 0.036458
3 0.961111 0.599219 0.077778 0.175521
8 0.944907 0.871875 0.110185 0.256250
3 0.961111 0.891667 0.077778 0.216667