6 0.500000 0.094792 1.000000 0.102083
1 0.413889 0.094531 0.361111 0.048438
4 0.090741 0.094792 0.181481 0.102083
3 0.500000 0.184896 1.000000 0.078125
9 0.500000 0.189583 1.000000 0.087500
4 0.333333 0.189583 0.077778 0.043750
4 0.980556 0.189583 0.038889 0.043750
3 0.033333 0.611979 0.066667 0.776042
1 0.167593 0.373437 0.270370 0.057292
3 0.090741 0.453125 0.116667 0.065625
1 0.593981 0.453125 0.812037 0.065625
3 0.090741 0.546354 0.116667 0.065625
1 0.593981 0.546354 0.812037 0.065625
3 0.090741 0.639583 0.116667 0.065625
1 0.593981 0.639583 0.812037 0.065625
3 0.090741 0.732812 0.116667 0.065625
3 0.090741 0.834896 0.116667 0.065625
1 0.541667 0.264323 0.916667 0.044271
8 0.557870 0.666146 0.884259 0.667708
7 0.566204 0.389062 0.867593 0.094792
4 0.210185 0.389062 0.155556 0.087500
1 0.684722 0.388802 0.630556 0.044271
7 0.566204 0.483854 0.867593 0.094792
4 0.210185 0.483854 0.155556 0.087500
1 0.684722 0.483594 0.630556 0.044271
7 0.566204 0.578646 0.867593 0.094792
3 0.210185 0.578646 0.155556 0.087500
1 0.684722 0.578385 0.630556 0.044271
1 0.566204 0.673438 0.867593 0.094792
7 0.566204 0.768229 0.867593 0.094792
4 0.210185 0.768229 0.155556 0.087500
1 0.684722 0.767969 0.630556 0.044271
7 0.566204 0.863021 0.867593 0.094792
3 0.210185 0.863021 0.155556 0.087500
1 0.684722 0.862760 0.630556 0.044271
7 0.566204 0.955208 0.867593 0.089583
4 0.210185 0.957031 0.155556 0.085938
1 0.684722 0.957552 0.630556 0.044271
1 0.746759 0.299219 0.032407 0.044271
2 0.590741 0.742708 0.818519 0.082292
2 0.590741 0.844792 0.818519 0.082292
2 0.381481 0.303646 0.698148 0.082292