3 0.500000 0.094792 1.000000 0.102083
6 0.500000 0.094792 1.000000 0.102083
1 0.362963 0.094531 0.337037 0.045312
4 0.090741 0.094792 0.181481 0.102083
3 0.500000 0.440885 1.000000 0.794271
1 0.500000 0.370573 1.000000 0.054688
1 0.532407 0.612240 0.935185 0.045312
1 0.532407 0.742448 0.935185 0.045312
1 0.500000 0.889844 1.000000 0.220312
1 0.166667 0.454427 0.229630 0.054688
1 0.422222 0.454427 0.229630 0.054688
1 0.677778 0.454427 0.229630 0.054688
1 0.909259 0.454427 0.181481 0.054688
1 0.516204 0.662760 0.902778 0.026562
1 0.166667 0.504167 0.229630 0.022917
1 0.166667 0.527083 0.229630 0.022917
1 0.422222 0.504167 0.229630 0.022917
1 0.422222 0.527083 0.229630 0.022917
1 0.677778 0.504167 0.229630 0.022917
1 0.677778 0.527083 0.229630 0.022917
1 0.909259 0.504167 0.181481 0.022917
1 0.909259 0.527083 0.181481 0.022917
1 0.706481 0.049740 0.587037 0.011979
1 0.172222 0.060156 0.188889 0.032813
1 0.297685 0.058333 0.062037 0.029167
1 0.435648 0.085417 0.045370 0.026042
1 0.510185 0.086458 0.083333 0.025000
1 0.597685 0.082031 0.058333 0.033854
1 0.729167 0.086458 0.204630 0.025000