1 0.136574 0.025521 0.123148 0.043750
2 0.531481 0.082552 0.937037 0.070312
1 0.347685 0.148958 0.545370 0.043750
1 0.263889 0.213802 0.181481 0.085938
1 0.665741 0.213802 0.181481 0.085938
1 0.988889 0.213802 0.022222 0.085938
1 0.403241 0.422396 0.526852 0.082292
1 0.833333 0.422396 0.333333 0.082292
1 0.403241 0.504687 0.526852 0.082292
1 0.833333 0.504687 0.333333 0.082292
1 0.403241 0.586979 0.526852 0.082292
1 0.833333 0.586979 0.333333 0.082292
1 0.403241 0.669271 0.526852 0.082292
1 0.833333 0.669271 0.333333 0.082292
1 0.403241 0.751563 0.526852 0.082292
1 0.833333 0.751563 0.333333 0.082292
1 0.403241 0.833854 0.526852 0.082292
1 0.833333 0.833854 0.333333 0.082292
1 0.403241 0.916146 0.526852 0.082292
1 0.833333 0.916146 0.333333 0.082292
1 0.403241 0.978646 0.526852 0.042708
1 0.833333 0.978646 0.333333 0.042708