6 0.500000 0.094792 1.000000 0.102083
1 0.493519 0.097656 0.987037 0.096354
1 0.993519 0.097656 0.012963 0.055729
1 0.129630 0.178646 0.259259 0.065625
1 0.359722 0.178646 0.200926 0.065625
1 0.605556 0.178646 0.290741 0.065625
1 0.875463 0.178646 0.249074 0.065625
3 0.132870 0.247656 0.045370 0.025521
3 0.399537 0.247656 0.045370 0.025521
4 0.666204 0.247656 0.045370 0.025521
3 0.932870 0.247656 0.045370 0.025521
3 0.666667 0.483594 0.648148 0.361979
1 0.666667 0.705990 0.583333 0.064062
2 0.682407 0.901823 0.207407 0.029687