1 0.500000 0.090365 1.000000 0.081771
3 0.666667 0.331771 0.583333 0.328125
3 0.666667 0.331771 0.583333 0.328125
3 0.666667 0.331771 0.583333 0.328125
1 0.666667 0.331771 0.518519 0.291667
4 0.134259 0.090104 0.077778 0.043750
3 0.325926 0.090104 0.081481 0.045833
4 0.165741 0.603646 0.185185 0.104167
1 0.165741 0.681250 0.116667 0.032292
3 0.499074 0.603646 0.185185 0.104167
1 0.499074 0.681250 0.148148 0.032292
4 0.832407 0.603646 0.185185 0.104167
1 0.832407 0.681250 0.285185 0.032292
3 0.165741 0.786979 0.185185 0.104167
1 0.165278 0.864583 0.262037 0.032292
3 0.499074 0.786979 0.185185 0.104167
1 0.499074 0.864583 0.298148 0.032292
4 0.832407 0.786979 0.185185 0.104167
1 0.832407 0.864583 0.140741 0.032292
1 0.192130 0.946615 0.123148 0.054688
1 0.284259 0.946615 0.027778 0.036979
1 0.561111 0.946615 0.027778 0.036979
1 0.638889 0.946615 0.094444 0.054688
1 0.950926 0.946615 0.027778 0.036979
1 0.990741 0.946615 0.018519 0.054688