6 0.500000 0.094792 1.000000 0.102083
1 0.500000 0.097656 1.000000 0.096354
1 0.325463 0.190885 0.617593 0.071354
1 0.849537 0.190885 0.300926 0.071354
1 0.510185 0.274740 0.979630 0.073438
2 0.075463 0.350260 0.032407 0.018229
1 0.412963 0.350521 0.577778 0.032292
1 0.799074 0.350521 0.194444 0.032292
1 0.975000 0.350521 0.050000 0.032292
2 0.075463 0.426302 0.032407 0.018229
1 0.412963 0.426563 0.577778 0.032292
1 0.799074 0.426563 0.194444 0.032292
1 0.975000 0.426563 0.050000 0.032292
2 0.075463 0.502344 0.032407 0.018229
1 0.412963 0.502604 0.577778 0.032292
1 0.799074 0.502604 0.194444 0.032292
1 0.975000 0.502604 0.050000 0.032292
2 0.075463 0.578385 0.032407 0.018229
1 0.412963 0.578646 0.577778 0.032292
1 0.799074 0.578646 0.194444 0.032292
1 0.975000 0.578646 0.050000 0.032292
2 0.075463 0.654427 0.032407 0.018229
1 0.412963 0.654687 0.577778 0.032292
1 0.799074 0.654687 0.194444 0.032292
1 0.975000 0.654687 0.050000 0.032292
2 0.075463 0.730469 0.032407 0.018229
1 0.412963 0.730729 0.577778 0.032292
1 0.799074 0.730729 0.194444 0.032292
1 0.975000 0.730729 0.050000 0.032292
1 0.510185 0.806771 0.979630 0.076042
2 0.075463 0.882552 0.032407 0.018229
1 0.412963 0.882812 0.577778 0.032292
1 0.799074 0.882812 0.194444 0.032292
1 0.975000 0.882812 0.050000 0.032292
2 0.075463 0.958594 0.032407 0.018229
1 0.412963 0.958854 0.577778 0.032292
1 0.799074 0.958854 0.194444 0.032292
1 0.975000 0.958854 0.050000 0.032292