6 0.500000 0.094792 1.000000 0.102083
1 0.285185 0.094531 0.181481 0.048438
4 0.090741 0.094792 0.181481 0.102083
9 0.500000 0.196875 1.000000 0.102083
1 0.050463 0.196875 0.100926 0.102083
1 0.253241 0.196875 0.304630 0.102083
1 0.546296 0.196875 0.281481 0.102083
1 0.803704 0.196875 0.233333 0.102083
1 0.960185 0.196875 0.079630 0.102083
7 0.222222 0.459375 0.418519 0.204167
5 0.222222 0.459375 0.077778 0.043750
3 0.222222 0.459375 0.418519 0.204167
1 0.156481 0.532813 0.235185 0.028125
1 0.339815 0.532813 0.131481 0.028125
7 0.666667 0.459375 0.418519 0.204167
5 0.666667 0.459375 0.077778 0.043750
3 0.666667 0.459375 0.418519 0.204167
1 0.600926 0.532813 0.235185 0.028125
1 0.784259 0.532813 0.131481 0.028125
7 0.950926 0.459375 0.098148 0.204167
3 0.950926 0.459375 0.098148 0.204167
1 0.963889 0.532813 0.072222 0.028125
7 0.222222 0.678125 0.418519 0.204167
5 0.222222 0.678125 0.077778 0.043750
3 0.222222 0.678125 0.418519 0.204167
1 0.156481 0.751563 0.235185 0.028125
1 0.339815 0.751563 0.131481 0.028125
7 0.666667 0.678125 0.418519 0.204167
5 0.666667 0.678125 0.077778 0.043750
3 0.666667 0.678125 0.418519 0.204167
1 0.600926 0.751563 0.235185 0.028125
1 0.784259 0.751563 0.131481 0.028125
7 0.950926 0.678125 0.098148 0.204167
3 0.950926 0.678125 0.098148 0.204167
1 0.963889 0.751563 0.072222 0.028125
7 0.222222 0.896875 0.418519 0.204167
5 0.222222 0.896875 0.077778 0.043750
3 0.222222 0.896875 0.418519 0.204167
1 0.156481 0.970313 0.235185 0.028125
1 0.339815 0.970313 0.131481 0.028125
7 0.666667 0.896875 0.418519 0.204167
5 0.666667 0.896875 0.077778 0.043750
3 0.666667 0.896875 0.418519 0.204167
1 0.600926 0.970313 0.235185 0.028125
1 0.784259 0.970313 0.131481 0.028125
7 0.950926 0.896875 0.098148 0.204167
3 0.950926 0.896875 0.098148 0.204167
1 0.963889 0.970313 0.072222 0.028125
1 0.506481 0.298958 0.987037 0.087500