6 0.500000 0.094792 1.000000 0.102083
1 0.386574 0.094792 0.669444 0.079167
7 0.330093 0.320052 0.660185 0.348438
3 0.330093 0.276823 0.660185 0.261979
3 0.073148 0.448958 0.146296 0.082292
4 0.469907 0.390365 0.032407 0.027604
1 0.516667 0.390365 0.040741 0.027604
3 0.565278 0.390365 0.023148 0.027604
1 0.617130 0.390365 0.060185 0.027604
1 0.283333 0.463802 0.248148 0.027604
1 0.195370 0.435156 0.072222 0.029687
7 0.836574 0.485938 0.326852 0.680208
3 0.836574 0.442708 0.326852 0.593750
3 0.746296 0.780729 0.146296 0.082292
1 0.916204 0.795573 0.167593 0.027604
1 0.864815 0.766927 0.064815 0.029687
7 0.330093 0.750781 0.660185 0.498437
3 0.330093 0.750781 0.660185 0.498437
1 0.330093 0.759896 0.595370 0.480208
7 0.836574 0.916667 0.326852 0.166667
3 0.836574 0.916667 0.326852 0.166667