3 0.666667 0.089063 0.194444 0.058333
3 0.439815 0.089063 0.194444 0.058333
1 0.981944 0.089063 0.036111 0.034375
7 0.500000 0.605729 1.000000 0.788542
7 0.500000 0.259896 1.000000 0.093750
3 0.048611 0.259635 0.032407 0.018229
1 0.564815 0.242188 0.870370 0.039583
1 0.289815 0.282552 0.320370 0.029687
7 0.500000 0.355208 1.000000 0.093750
3 0.048611 0.354948 0.032407 0.018229
1 0.564815 0.337500 0.870370 0.039583
1 0.207407 0.377865 0.155556 0.029687
7 0.500000 0.450521 1.000000 0.093750
4 0.048611 0.450260 0.032407 0.018229
1 0.564815 0.432812 0.870370 0.039583
1 0.207407 0.473177 0.155556 0.029687
7 0.500000 0.545833 1.000000 0.093750
3 0.048611 0.545573 0.032407 0.018229
1 0.564815 0.528125 0.870370 0.039583
1 0.207407 0.568490 0.155556 0.029687
7 0.500000 0.641146 1.000000 0.093750
4 0.048611 0.640885 0.032407 0.018229
1 0.564815 0.623437 0.870370 0.039583
1 0.362963 0.663802 0.466667 0.029687
7 0.500000 0.736458 1.000000 0.093750
3 0.048611 0.736198 0.032407 0.018229
1 0.564815 0.718750 0.870370 0.039583
1 0.207407 0.759115 0.155556 0.029687
7 0.500000 0.831771 1.000000 0.093750
3 0.048611 0.831510 0.032407 0.018229
1 0.564815 0.814063 0.870370 0.039583
1 0.289815 0.854427 0.320370 0.029687
7 0.500000 0.927083 1.000000 0.093750
3 0.048611 0.926823 0.032407 0.018229
1 0.564815 0.909375 0.870370 0.039583
1 0.362963 0.949740 0.466667 0.029687
7 0.500000 0.987760 1.000000 0.024479
1 0.564815 0.992448 0.870370 0.015104
1 0.164815 0.165885 0.168519 0.032813
1 0.350000 0.165885 0.168519 0.032813
1 0.541667 0.165885 0.181481 0.032813