1 0.666667 0.094531 0.187037 0.029687
6 0.500000 0.094792 1.000000 0.102083
4 0.090741 0.094792 0.181481 0.102083
1 0.525926 0.285417 0.948148 0.034375
2 0.525926 0.204167 0.948148 0.116667
1 0.255556 0.428385 0.064815 0.088021
1 0.666667 0.428385 0.064815 0.088021
1 0.255556 0.612240 0.064815 0.088021
1 0.666667 0.612240 0.064815 0.088021
1 0.255556 0.796094 0.064815 0.088021
1 0.666667 0.796094 0.064815 0.088021
3 0.255093 0.979948 0.049074 0.027604
1 0.666667 0.967969 0.064815 0.064062
1 0.500000 0.196094 1.000000 0.100521
1 0.525926 0.285417 0.948148 0.034375
1 0.525926 0.269271 0.948148 0.034375
7 0.500000 0.654167 1.000000 0.691667
4 0.110185 0.365625 0.116667 0.065625
1 0.610185 0.348438 0.779630 0.039583
1 0.610185 0.385417 0.779630 0.034375
3 0.129630 0.189583 0.155556 0.087500
1 0.629630 0.189323 0.740741 0.053646