6 0.500000 0.094792 1.000000 0.102083
1 0.261111 0.094531 0.418519 0.048438
1 0.500000 0.572917 1.000000 0.854167
1 0.346296 0.274479 0.640741 0.198958
1 0.833333 0.274479 0.333333 0.198958
8 0.346296 0.473438 0.640741 0.198958
1 0.264815 0.416406 0.146296 0.053646
3 0.126852 0.412760 0.155556 0.060937
1 0.352778 0.503906 0.607407 0.121354
1 0.833333 0.473438 0.333333 0.198958
8 0.346296 0.672396 0.640741 0.198958
1 0.324537 0.615365 0.265741 0.053646
4 0.126852 0.611719 0.155556 0.060937
1 0.352778 0.702865 0.607407 0.121354
8 0.833333 0.672396 0.333333 0.198958
1 0.916204 0.615365 0.167593 0.053646
4 0.767593 0.611719 0.155556 0.060937
1 0.844907 0.702865 0.310185 0.121354