3 0.333333 0.344531 0.666667 0.492188
3 0.833333 0.344531 0.333333 0.492188
3 0.111111 0.672656 0.222222 0.164062
3 0.333333 0.672656 0.222222 0.164062
3 0.555556 0.672656 0.222222 0.164062
4 0.777778 0.672656 0.222222 0.164062
4 0.944444 0.672656 0.111111 0.164062
4 0.111111 0.836719 0.222222 0.164062
4 0.333333 0.836719 0.222222 0.164062
3 0.555556 0.836719 0.222222 0.164062
4 0.777778 0.836719 0.222222 0.164062
4 0.944444 0.836719 0.111111 0.164062
3 0.111111 0.959375 0.222222 0.081250
3 0.333333 0.959375 0.222222 0.081250
4 0.555556 0.959375 0.222222 0.081250
4 0.777778 0.959375 0.222222 0.081250
3 0.944444 0.959375 0.111111 0.081250