8 0.333333 0.780729 0.653704 0.438542
3 0.333333 0.780729 0.653704 0.438542
8 0.836574 0.780729 0.326852 0.438542
3 0.836574 0.780729 0.326852 0.438542
6 0.500000 0.087500 1.000000 0.087500
1 0.408796 0.091406 0.350926 0.048438
4 0.090741 0.091146 0.181481 0.080208
3 0.892130 0.269010 0.215741 0.254688
3 0.646296 0.298698 0.707407 0.420312
3 0.666204 0.298698 0.291667 0.164062
4 0.060648 0.167448 0.113889 0.064062
4 0.060648 0.233594 0.113889 0.064062
3 0.060648 0.299740 0.113889 0.064062
4 0.060648 0.365885 0.113889 0.064062
4 0.060648 0.432031 0.113889 0.064062
1 0.626852 0.405469 0.007407 0.023438
1 0.702778 0.405469 0.007407 0.023438
1 0.221759 0.510156 0.250926 0.042188
1 0.666204 0.510156 0.343519 0.042188