6 0.500000 0.094792 1.000000 0.102083
3 0.667130 0.094531 0.484259 0.035937
3 0.090741 0.094792 0.181481 0.043750
3 0.500000 0.521875 1.000000 0.956250
3 0.926852 0.296875 0.146296 0.251042
7 0.891204 0.668750 0.217593 0.255208
3 0.879630 0.595833 0.077778 0.043750
1 0.920370 0.672396 0.159259 0.072917
1 0.920370 0.745313 0.159259 0.036458
7 0.891204 0.902865 0.217593 0.194271
3 0.879630 0.860417 0.077778 0.043750
1 0.920370 0.936979 0.159259 0.072917
1 0.920370 0.995833 0.159259 0.008333
1 0.368519 0.472656 0.253704 0.100521
1 0.739352 0.472656 0.284259 0.100521
1 0.218056 0.220052 0.013889 0.039062
1 0.443519 0.299479 0.464815 0.105208