6 0.500000 0.073177 1.000000 0.146354
1 0.077778 0.095312 0.155556 0.102083
1 0.562963 0.095312 0.814815 0.102083
7 0.500000 0.495312 1.000000 0.697917
8 0.525926 0.488021 0.948148 0.683333
3 0.525926 0.330729 0.948148 0.368750
1 0.236111 0.559115 0.264815 0.029687
1 0.414815 0.617969 0.622222 0.058854
1 0.551852 0.662240 0.896296 0.029687
1 0.114815 0.755990 0.022222 0.029687
1 0.172222 0.785677 0.137037 0.029687
1 0.369907 0.755990 0.050926 0.029687
1 0.405093 0.785677 0.121296 0.029687
1 0.591667 0.755990 0.044444 0.029687
1 0.659722 0.785677 0.180556 0.029687
7 0.500000 0.922135 1.000000 0.155729
8 0.525926 0.944010 0.948148 0.111979
3 0.525926 0.944010 0.948148 0.111979