6 0.500000 0.073177 1.000000 0.146354
1 0.077778 0.095312 0.155556 0.102083
1 0.562963 0.095312 0.814815 0.102083
6 0.500000 0.190104 1.000000 0.087500
9 0.500000 0.190104 1.000000 0.087500
1 0.116204 0.190104 0.125000 0.034375
1 0.374074 0.190104 0.203704 0.034375
1 0.631019 0.190104 0.152778 0.034375
1 0.877778 0.190104 0.181481 0.034375
7 0.500000 0.624479 1.000000 0.751042
8 0.525926 0.646354 0.948148 0.707292
3 0.525926 0.486719 0.948148 0.388021
1 0.193056 0.724740 0.178704 0.029687
1 0.551852 0.802604 0.896296 0.096875
1 0.551852 0.880469 0.896296 0.058854
1 0.137037 0.986979 0.066667 0.026042
1 0.381019 0.986979 0.073148 0.026042
1 0.580556 0.986979 0.022222 0.026042
4 0.129630 0.292448 0.051852 0.035937
1 0.348148 0.292448 0.359259 0.035937