6 0.500000 0.094792 1.000000 0.102083
1 0.525926 0.094531 0.948148 0.044271
7 0.222222 0.274219 0.444444 0.256771
3 0.222222 0.247917 0.444444 0.204167
1 0.222222 0.385417 0.137037 0.034375
7 0.666667 0.274219 0.444444 0.256771
3 0.666667 0.247917 0.444444 0.204167
1 0.666204 0.385417 0.182407 0.034375
7 0.944444 0.274219 0.111111 0.256771
3 0.944444 0.247917 0.111111 0.204167
7 0.222222 0.565625 0.444444 0.326042
3 0.222222 0.539323 0.444444 0.273438
1 0.222222 0.711458 0.129630 0.034375
7 0.666667 0.565625 0.444444 0.326042
3 0.666667 0.539323 0.444444 0.273438
1 0.666667 0.711458 0.287037 0.034375
7 0.944444 0.565625 0.111111 0.326042
3 0.944444 0.539323 0.111111 0.273438
1 0.982870 0.711458 0.034259 0.034375
7 0.222222 0.864323 0.444444 0.271354
3 0.222222 0.864323 0.444444 0.271354
7 0.666667 0.864323 0.444444 0.271354
3 0.666667 0.864323 0.444444 0.271354
7 0.944444 0.864323 0.111111 0.271354
3 0.944444 0.864323 0.111111 0.271354