6 0.500000 0.087500 1.000000 0.087500
4 0.025926 0.087500 0.051852 0.029167
3 0.091667 0.087500 0.103704 0.058333
1 0.376389 0.087240 0.439815 0.044271
7 0.500000 0.565625 1.000000 0.868750
1 0.154167 0.250521 0.132407 0.036458
1 0.201852 0.159115 0.338889 0.036979
1 0.666667 0.159115 0.461111 0.036979
1 0.154167 0.433854 0.132407 0.036458
1 0.201852 0.342448 0.338889 0.036979
1 0.666667 0.342448 0.461111 0.036979
1 0.154167 0.617188 0.132407 0.036458
1 0.201852 0.525781 0.338889 0.036979
1 0.666667 0.525781 0.461111 0.036979
1 0.154167 0.800521 0.154630 0.036458
1 0.201852 0.709115 0.338889 0.036979
1 0.666667 0.709115 0.461111 0.036979
1 0.154167 0.982812 0.154630 0.034375
1 0.182870 0.892448 0.300926 0.036979
1 0.628704 0.892448 0.461111 0.036979
3 0.362500 0.290104 0.075000 0.021875
1 0.718981 0.290365 0.562037 0.029687
3 0.362500 0.473438 0.075000 0.021875
1 0.718981 0.473698 0.562037 0.029687
3 0.362500 0.656771 0.075000 0.021875
1 0.718981 0.657031 0.562037 0.029687
3 0.362500 0.840104 0.075000 0.021875
1 0.718981 0.840365 0.562037 0.029687
3 0.362500 0.215885 0.075000 0.027604
1 0.718981 0.216146 0.562037 0.039583
3 0.362500 0.255469 0.075000 0.027604
1 0.718981 0.255729 0.562037 0.039583
3 0.362500 0.399219 0.075000 0.027604
1 0.718981 0.399479 0.562037 0.039583
3 0.362500 0.438802 0.075000 0.027604
1 0.718981 0.439063 0.562037 0.039583
3 0.362500 0.582552 0.075000 0.027604
1 0.718981 0.582812 0.562037 0.039583
3 0.362500 0.622135 0.075000 0.027604
1 0.718981 0.622396 0.562037 0.039583
3 0.362500 0.765885 0.075000 0.027604
1 0.718981 0.766146 0.562037 0.039583
4 0.362500 0.805469 0.075000 0.027604
1 0.718981 0.805729 0.562037 0.039583
3 0.362500 0.949219 0.075000 0.027604
1 0.718981 0.949479 0.562037 0.039583
3 0.362500 0.987500 0.075000 0.025000
1 0.718981 0.984635 0.562037 0.030729