6 0.500000 0.096875 1.000000 0.102083
1 0.287500 0.096615 0.186111 0.048438
4 0.090741 0.096875 0.181481 0.102083
1 0.123611 0.191667 0.169444 0.032292
1 0.371296 0.191667 0.170370 0.032292
1 0.624537 0.191667 0.180556 0.032292
1 0.872685 0.191667 0.160185 0.032292
8 0.228704 0.416406 0.418519 0.340104
1 0.228704 0.501302 0.418519 0.039062
3 0.228704 0.364063 0.418519 0.235417
4 0.392593 0.553646 0.090741 0.058333
1 0.191667 0.535677 0.311111 0.029687
1 0.191667 0.566927 0.311111 0.039062
8 0.666667 0.416406 0.418519 0.340104
1 0.666667 0.501302 0.418519 0.039062
3 0.666667 0.364063 0.418519 0.235417
4 0.830556 0.553646 0.090741 0.058333
1 0.629630 0.535677 0.311111 0.029687
1 0.629630 0.566927 0.311111 0.039062
8 0.947685 0.416406 0.104630 0.340104
1 0.947685 0.501302 0.104630 0.039062
3 0.947685 0.364063 0.104630 0.235417
1 0.956019 0.535677 0.087963 0.029687
1 0.956019 0.566927 0.087963 0.039062
8 0.228704 0.766927 0.418519 0.340104
1 0.228704 0.851823 0.418519 0.039062
3 0.228704 0.714583 0.418519 0.235417
4 0.392593 0.904167 0.090741 0.058333
1 0.191667 0.886198 0.311111 0.029687
1 0.191667 0.917448 0.311111 0.039062
8 0.666667 0.766927 0.418519 0.340104
1 0.666667 0.851823 0.418519 0.039062
3 0.666667 0.714583 0.418519 0.235417
4 0.830556 0.904167 0.090741 0.058333
1 0.629630 0.886198 0.311111 0.029687
1 0.629630 0.917448 0.311111 0.039062