9 0.453704 0.500000 0.907407 1.000000
1 0.453704 0.350000 0.907407 0.087500
1 0.453704 0.437500 0.907407 0.087500
1 0.453704 0.525000 0.907407 0.087500
1 0.453704 0.612500 0.907407 0.087500
1 0.453704 0.700000 0.907407 0.087500
1 0.453704 0.787500 0.907407 0.087500
1 0.453704 0.875000 0.907407 0.087500
1 0.453704 0.959375 0.907407 0.081250
3 0.168519 0.133333 0.233333 0.131250
1 0.453704 0.230729 0.803704 0.063542
6 0.500000 0.094792 1.000000 0.102083
1 0.315741 0.094531 0.164815 0.048438
3 0.090741 0.094792 0.181481 0.102083
4 0.985185 0.094792 0.029630 0.087500
8 0.509722 0.317188 0.980556 0.138542
2 0.524074 0.327083 0.944444 0.082292