9 0.500000 0.500000 1.000000 1.000000
7 0.500000 0.172135 1.000000 0.344271
3 0.500000 0.164062 1.000000 0.328125
4 0.155556 0.178646 0.207407 0.116667
1 0.421759 0.160417 0.221296 0.034375
1 0.445370 0.196875 0.268519 0.034375
1 0.500000 0.382552 1.000000 0.076563
7 0.500000 0.459115 1.000000 0.076563
3 0.142593 0.459115 0.181481 0.076563
1 0.609259 0.458854 0.751852 0.034375
7 0.500000 0.535677 1.000000 0.076563
3 0.142593 0.535677 0.181481 0.076563
1 0.609259 0.535417 0.751852 0.034375
7 0.500000 0.612240 1.000000 0.076563
3 0.142593 0.612240 0.181481 0.076563
1 0.609259 0.611979 0.751852 0.034375
7 0.500000 0.688802 1.000000 0.076563
3 0.142593 0.688802 0.181481 0.076563
1 0.609259 0.688542 0.751852 0.034375
7 0.500000 0.765365 1.000000 0.076563
3 0.142593 0.765365 0.181481 0.076563
1 0.609259 0.765104 0.751852 0.034375
1 0.500000 0.841927 1.000000 0.076563
7 0.500000 0.918490 1.000000 0.076563
4 0.142593 0.918490 0.181481 0.076563
1 0.609259 0.918229 0.751852 0.034375
1 0.500000 0.978385 1.000000 0.043229
6 0.500000 0.094792 1.000000 0.102083
3 0.090741 0.094792 0.181481 0.102083
1 0.692130 0.094531 0.130556 0.044271
3 0.117593 0.279167 0.092593 0.052083
1 0.279167 0.279427 0.165741 0.041146
4 0.117593 0.372396 0.092593 0.052083
1 0.247685 0.372656 0.102778 0.041146
4 0.117593 0.465625 0.092593 0.052083
1 0.295370 0.465885 0.198148 0.041146
1 0.131944 0.653385 0.121296 0.041146
1 0.314352 0.688802 0.486111 0.029687
1 0.778704 0.656250 0.442593 0.046875
1 0.535648 0.760677 0.928704 0.070312
1 0.535648 0.943750 0.928704 0.050000
3 0.168519 0.857292 0.077778 0.043750
1 0.666204 0.857031 0.206481 0.034896