9 0.500000 0.500000 1.000000 1.000000
1 0.500000 0.700000 1.000000 0.175000
1 0.500000 0.875000 1.000000 0.175000
1 0.500000 0.981250 1.000000 0.037500
3 0.500000 0.291667 1.000000 0.583333
3 0.500000 0.291667 1.000000 0.583333
1 0.551852 0.485417 0.896296 0.079167
4 0.311111 0.285417 0.414815 0.233333
6 0.500000 0.189583 1.000000 0.204167
1 0.680556 0.189062 0.427778 0.096875
4 0.181481 0.189583 0.362963 0.204167
1 0.661111 0.487500 0.677778 0.216667
7 0.500000 0.763542 1.000000 0.247917
3 0.220370 0.762500 0.233333 0.131250
1 0.635185 0.728125 0.337037 0.079167
1 0.682407 0.802083 0.431481 0.068750
7 0.500000 0.943750 1.000000 0.112500
3 0.220370 0.972396 0.233333 0.055208
1 0.650926 0.985417 0.368519 0.029167