6 0.500000 0.094792 1.000000 0.102083
3 0.238426 0.094792 0.191667 0.080208
4 0.071296 0.094792 0.142593 0.102083
9 0.500000 0.572917 1.000000 0.854167
3 0.500000 0.150521 1.000000 0.009375
7 0.500000 0.572917 1.000000 0.854167
7 0.500000 0.363281 1.000000 0.434896
3 0.500000 0.356771 1.000000 0.421875
1 0.522685 0.511458 0.954630 0.112500
7 0.500000 0.673698 1.000000 0.185938
1 0.733333 0.651042 0.533333 0.089583
3 0.256019 0.672656 0.421296 0.132812
7 0.500000 0.859635 1.000000 0.185938
1 0.733333 0.836979 0.533333 0.089583
3 0.256019 0.858594 0.421296 0.132812
3 0.123148 0.912240 0.155556 0.025521
7 0.500000 0.976302 1.000000 0.047396
1 0.733333 0.989062 0.533333 0.021875
3 0.256019 0.989062 0.421296 0.021875
1 0.453704 0.175000 0.907407 0.058333
1 0.453704 0.239063 0.907407 0.069792
1 0.453704 0.308854 0.907407 0.069792
1 0.453704 0.378646 0.907407 0.069792
1 0.453704 0.448437 0.907407 0.069792
1 0.453704 0.518229 0.907407 0.069792
1 0.453704 0.588021 0.907407 0.069792
1 0.453704 0.657813 0.907407 0.069792
1 0.453704 0.727604 0.907407 0.069792
1 0.453704 0.797396 0.907407 0.069792
1 0.453704 0.867188 0.907407 0.069792
1 0.453704 0.936979 0.907407 0.069792
7 0.453704 0.985938 0.907407 0.028125
1 0.453704 0.985938 0.809259 0.028125