6 0.500000 0.094792 1.000000 0.102083
3 0.238426 0.094792 0.191667 0.080208
4 0.071296 0.094792 0.142593 0.102083
1 0.666204 0.094531 0.149074 0.044271
9 0.500000 0.572917 1.000000 0.854167
3 0.500000 0.150521 1.000000 0.009375
7 0.500000 0.572917 1.000000 0.854167
7 0.500000 0.203906 1.000000 0.116146
1 0.347685 0.216667 0.695370 0.090625
7 0.500000 0.485677 1.000000 0.447396
3 0.500000 0.472917 1.000000 0.421875
4 0.123148 0.495573 0.155556 0.076563
1 0.522685 0.546094 0.954630 0.024479
1 0.522685 0.627604 0.954630 0.112500
7 0.500000 0.854688 1.000000 0.290625
1 0.344444 0.936198 0.598148 0.023438
1 0.344444 0.973958 0.598148 0.052083
1 0.844907 0.938021 0.310185 0.027083
1 0.820833 0.975781 0.358333 0.048438
3 0.344444 0.816927 0.598148 0.189062
3 0.844907 0.816927 0.310185 0.189062