9 0.500000 0.500000 1.000000 1.000000
1 0.500000 0.031250 1.000000 0.062500
1 0.500000 0.150000 1.000000 0.175000
1 0.500000 0.325000 1.000000 0.175000
1 0.500000 0.500000 1.000000 0.175000
1 0.500000 0.675000 1.000000 0.175000
1 0.500000 0.850000 1.000000 0.175000
6 0.500000 0.189583 1.000000 0.204167
1 0.733333 0.189062 0.533333 0.096875
4 0.181481 0.189583 0.362963 0.204167
1 0.500000 0.350000 1.000000 0.116667
1 0.500000 0.466667 1.000000 0.116667
1 0.500000 0.583333 1.000000 0.116667
1 0.500000 0.700000 1.000000 0.116667
1 0.500000 0.845833 1.000000 0.175000