6 0.500000 0.189583 1.000000 0.204167
1 0.733333 0.189062 0.533333 0.096875
4 0.181481 0.189583 0.362963 0.204167
9 0.500000 0.393750 1.000000 0.204167
1 0.666667 0.393750 0.314815 0.068750
8 0.506481 0.748437 0.987037 0.496875
1 0.423148 0.933854 0.794444 0.073958
3 0.423148 0.704167 0.690741 0.356250
1 0.910185 0.605208 0.179630 0.187500
1 0.910185 0.766146 0.179630 0.126042
1 0.910185 0.892708 0.179630 0.127083
1 0.500000 0.573438 1.000000 0.155208
7 0.500000 0.825521 1.000000 0.348958
1 0.525926 0.754687 0.948148 0.190625
1 0.525926 0.896354 0.948148 0.088542
1 0.525926 0.970313 0.948148 0.059375