6 0.500000 0.087500 1.000000 0.087500
4 0.061574 0.087240 0.123148 0.069271
3 0.517130 0.087500 0.965741 0.087500
7 0.500000 0.438802 1.000000 0.615104
3 0.500000 0.342708 1.000000 0.421875
3 0.666667 0.342448 0.296296 0.133854
1 0.510185 0.642969 0.979630 0.154688
7 0.500000 0.813021 1.000000 0.133333
3 0.412963 0.805729 0.638889 0.118750
3 0.950463 0.815104 0.099074 0.084375
7 0.500000 0.939844 1.000000 0.120313
3 0.220370 0.941406 0.388889 0.117188
1 0.723611 0.952083 0.552778 0.095833
7 0.500000 0.439583 1.000000 0.616667
3 0.500000 0.342708 1.000000 0.421875
1 0.510185 0.619531 0.979630 0.107813
1 0.515278 0.703385 0.969444 0.036979
7 0.500000 0.830729 1.000000 0.165625
3 0.220370 0.823438 0.388889 0.144792
1 0.723611 0.823177 0.552778 0.101562
7 0.500000 0.956771 1.000000 0.086458
3 0.220370 0.958333 0.388889 0.083333
1 0.723611 0.969010 0.552778 0.061979