6 0.500000 0.083854 1.000000 0.080208
3 0.500000 0.083854 1.000000 0.080208
4 0.076389 0.083854 0.152778 0.080208
1 0.666204 0.083854 0.415741 0.046875
7 0.500000 0.599479 1.000000 0.801042
3 0.500000 0.226302 1.000000 0.054688
1 0.500000 0.226302 1.000000 0.054688
4 0.064815 0.345052 0.129630 0.091146
4 0.060185 0.276562 0.055556 0.031250
1 0.188426 0.276562 0.175000 0.027083
1 0.285648 0.276562 0.019444 0.027083
1 0.647685 0.276562 0.704630 0.028125
4 0.064815 0.437760 0.129630 0.091146
1 0.325926 0.328385 0.392593 0.033854
1 0.433333 0.362240 0.607407 0.033854
1 0.397685 0.421094 0.536111 0.033854
1 0.346759 0.454948 0.434259 0.033854
1 0.182870 0.164583 0.365741 0.077083
1 0.544907 0.164583 0.358333 0.077083