6 0.500000 0.094792 1.000000 0.102083
4 0.090741 0.094792 0.181481 0.102083
4 0.997685 0.091406 0.004630 0.095312
1 0.666204 0.186719 0.250926 0.053646
7 0.500000 0.455990 1.000000 0.455729
8 0.666667 0.646354 0.283333 0.053125
7 0.500000 0.745573 1.000000 0.119271
3 0.106019 0.745573 0.178704 0.100521
1 0.341204 0.745573 0.291667 0.044271
7 0.500000 0.866927 1.000000 0.119271
3 0.106019 0.866927 0.178704 0.100521
1 0.325463 0.866927 0.260185 0.044271
7 0.500000 0.964323 1.000000 0.071354
3 0.106019 0.969010 0.178704 0.061979
1 0.337963 0.983073 0.285185 0.033854