6 0.500000 0.094792 1.000000 0.102083
9 0.500000 0.094271 1.000000 0.101042
3 0.133333 0.094271 0.188889 0.101042
3 0.400000 0.094271 0.188889 0.101042
3 0.666667 0.094271 0.188889 0.101042
4 0.919444 0.094271 0.161111 0.101042
8 0.512963 0.397396 0.974074 0.473958
3 0.516204 0.304688 0.967593 0.277083
1 0.149074 0.391927 0.129630 0.044271
1 0.542130 0.511198 0.915741 0.091146
8 0.512963 0.823438 0.974074 0.353125
3 0.516204 0.791146 0.967593 0.277083
1 0.149074 0.878385 0.129630 0.044271
1 0.542130 0.976042 0.915741 0.047917