6 0.533333 0.234375 0.933333 0.172917
4 0.144444 0.234375 0.155556 0.145833
3 0.375926 0.234375 0.307407 0.172917
1 0.789815 0.233854 0.420370 0.080208
4 0.175926 0.565625 0.259259 0.175000
1 0.652778 0.565625 0.694444 0.068750
7 0.500000 0.825521 1.000000 0.292708
1 0.858333 0.825000 0.283333 0.139583
3 0.358333 0.825521 0.583333 0.182292
4 0.357407 0.825000 0.129630 0.072917
7 0.500000 0.986979 1.000000 0.026042
3 0.533333 0.344271 0.933333 0.046875
1 0.555556 0.398958 0.888889 0.064583
3 0.500000 0.543750 1.000000 0.912500
3 0.850926 0.997396 0.298148 0.005208
3 0.603704 0.982292 0.348148 0.035417
3 0.349074 0.817187 0.435185 0.055208
3 0.237963 0.817708 0.253704 0.131250
3 0.992593 0.845313 0.014815 0.055208
3 0.934259 0.845313 0.131481 0.130208