6 0.500000 0.094792 1.000000 0.102083
4 0.090741 0.094792 0.181481 0.102083
1 0.328704 0.094531 0.268519 0.048438
8 0.346296 0.340625 0.614815 0.345833
1 0.597685 0.197135 0.060185 0.029687
1 0.346296 0.253125 0.511111 0.082292
1 0.225463 0.477083 0.373148 0.039583
4 0.588889 0.477083 0.077778 0.043750
8 0.839815 0.340625 0.320370 0.345833
1 0.865741 0.253125 0.268519 0.082292
1 0.839815 0.477083 0.320370 0.039583
8 0.346296 0.701042 0.614815 0.345833
1 0.597685 0.557552 0.060185 0.029687
1 0.346296 0.613542 0.511111 0.082292
1 0.225463 0.837500 0.373148 0.039583
4 0.588889 0.837500 0.077778 0.043750
8 0.839815 0.701042 0.320370 0.345833
1 0.865741 0.594531 0.268519 0.044271
1 0.839815 0.837500 0.320370 0.039583
8 0.346296 0.944271 0.614815 0.111458
1 0.597685 0.917969 0.060185 0.029687
1 0.346296 0.966406 0.511111 0.067187
8 0.839815 0.944271 0.320370 0.111458
1 0.865741 0.954948 0.268519 0.044271