6 0.500000 0.189583 1.000000 0.204167
3 0.548148 0.189583 0.370370 0.204167
4 0.181481 0.189583 0.362963 0.204167
7 0.500000 0.526042 1.000000 0.410417
1 0.376852 0.379167 0.753704 0.116667
1 0.820370 0.379167 0.133333 0.116667
1 0.551852 0.511458 0.896296 0.147917
4 0.201852 0.658333 0.155556 0.087500
1 0.442593 0.658333 0.222222 0.145833
4 0.683333 0.658333 0.155556 0.087500
7 0.500000 0.880208 1.000000 0.239583
1 0.500000 0.938542 1.000000 0.122917
1 0.206481 0.818750 0.412963 0.116667
1 0.479630 0.818750 0.133333 0.116667
1 0.729630 0.818750 0.366667 0.116667