3 0.500000 0.521875 1.000000 0.956250
1 0.666667 0.084115 0.414815 0.044271
1 0.632407 0.201823 0.735185 0.081771
3 0.577778 0.306510 0.844444 0.091146
2 0.593981 0.306510 0.812037 0.039062
1 0.189352 0.402865 0.215741 0.028646
1 0.241204 0.433073 0.319444 0.031771
1 0.277315 0.464844 0.391667 0.031771
1 0.338426 0.496615 0.513889 0.031771
1 0.342593 0.565365 0.522222 0.028646
1 0.276852 0.595573 0.390741 0.031771
1 0.289815 0.627344 0.416667 0.031771
1 0.338426 0.659115 0.513889 0.031771
1 0.330093 0.727865 0.497222 0.028646
1 0.221759 0.758073 0.280556 0.031771
1 0.286574 0.789844 0.410185 0.031771
1 0.338426 0.821615 0.513889 0.031771
1 0.450926 0.890365 0.738889 0.028646
1 0.217130 0.920573 0.271296 0.031771
1 0.269907 0.952344 0.376852 0.031771
1 0.338426 0.984115 0.513889 0.031771
1 0.893056 0.487500 0.091667 0.034375
1 0.893056 0.650000 0.091667 0.034375
1 0.893056 0.812500 0.091667 0.034375
1 0.893056 0.975000 0.091667 0.034375
3 0.892593 0.426563 0.075926 0.059375
3 0.892593 0.589063 0.075926 0.059375
3 0.892593 0.751563 0.075926 0.059375
3 0.892593 0.914062 0.075926 0.059375