6 0.500000 0.094792 1.000000 0.102083
4 0.090741 0.094792 0.181481 0.102083
3 0.477315 0.094792 0.591667 0.102083
4 0.946296 0.094792 0.107407 0.087500
1 0.130556 0.195052 0.157407 0.040104
1 0.248148 0.254688 0.392593 0.050000
1 0.666667 0.254688 0.392593 0.050000
1 0.944444 0.254688 0.111111 0.050000
3 0.247685 0.390885 0.291667 0.164062
3 0.666204 0.390885 0.291667 0.164062
3 0.969444 0.390885 0.061111 0.164062
3 0.247685 0.569531 0.291667 0.164062
3 0.666204 0.569531 0.291667 0.164062
3 0.969444 0.569531 0.061111 0.164062
3 0.247685 0.748177 0.291667 0.164062
3 0.666204 0.748177 0.291667 0.164062
3 0.969444 0.748177 0.061111 0.164062
3 0.247685 0.922396 0.291667 0.155208