9 0.500000 0.500000 1.000000 1.000000
1 0.011574 0.913281 0.023148 0.025521
6 0.500000 0.087500 1.000000 0.087500
1 0.666667 0.087240 0.185185 0.048438
4 0.980556 0.087500 0.038889 0.087500
3 0.074537 0.087500 0.149074 0.087500
3 0.500000 0.500000 1.000000 1.000000
3 0.500000 0.500000 1.000000 1.000000
1 0.500000 0.195833 1.000000 0.391667
7 0.500000 0.429948 1.000000 0.076563
1 0.373611 0.429948 0.084259 0.047396
1 0.568056 0.429948 0.084259 0.047396
1 0.762500 0.429948 0.084259 0.047396
1 0.957870 0.429948 0.084259 0.047396
7 0.500000 0.531250 1.000000 0.126042
3 0.214815 0.531250 0.146296 0.082292
3 0.515741 0.531250 0.146296 0.082292
3 0.816667 0.531250 0.146296 0.082292
7 0.500000 0.648958 1.000000 0.109375
1 0.500000 0.670833 1.000000 0.065625
7 0.500000 0.751302 1.000000 0.095312
3 0.106019 0.751302 0.123148 0.069271
3 0.138426 0.769531 0.058333 0.032813
3 0.253241 0.751302 0.123148 0.069271
3 0.285648 0.769531 0.058333 0.032813
7 0.500000 0.854688 1.000000 0.111458
1 0.159259 0.876563 0.318519 0.065625
7 0.500000 0.955208 1.000000 0.089583
3 0.087500 0.959635 0.123148 0.069271
1 0.590741 0.959635 0.818519 0.058854