6 0.500000 0.087500 1.000000 0.087500
3 0.091667 0.087500 0.103704 0.058333
1 0.335185 0.087240 0.357407 0.044271
7 0.500000 0.187500 1.000000 0.112500
1 0.194444 0.167969 0.337037 0.044271
1 0.294907 0.207292 0.537963 0.034375
7 0.500000 0.303125 1.000000 0.116667
1 0.323611 0.285677 0.595370 0.044271
1 0.487500 0.325000 0.923148 0.034375
1 0.500000 0.391667 1.000000 0.058333
7 0.500000 0.480208 1.000000 0.116667
1 0.294444 0.462760 0.537037 0.044271
1 0.504630 0.502083 0.957407 0.034375
7 0.500000 0.597917 1.000000 0.116667
1 0.259722 0.580469 0.467593 0.044271
1 0.286111 0.619792 0.520370 0.034375
7 0.500000 0.715625 1.000000 0.116667
1 0.323148 0.698177 0.594444 0.044271
1 0.238426 0.737500 0.425000 0.034375
1 0.500000 0.804167 1.000000 0.058333
7 0.500000 0.892708 1.000000 0.116667
1 0.301389 0.875260 0.550926 0.044271
1 0.319907 0.914583 0.587963 0.034375
7 0.500000 0.976042 1.000000 0.047917
1 0.262037 0.994010 0.472222 0.011979