6 0.500000 0.094792 1.000000 0.102083
1 0.454630 0.094531 0.442593 0.048438
4 0.090741 0.094792 0.181481 0.102083
7 0.500000 0.327865 1.000000 0.177604
3 0.157407 0.327604 0.211111 0.118750
1 0.363889 0.346094 0.098148 0.024479
1 0.496759 0.346094 0.167593 0.024479
1 0.434722 0.370573 0.239815 0.024479
1 0.673611 0.370573 0.237963 0.024479
1 0.896296 0.370573 0.207407 0.024479
1 0.548611 0.281771 0.467593 0.027083
7 0.500000 0.505469 1.000000 0.177604
3 0.157407 0.505208 0.211111 0.118750
1 0.414352 0.523698 0.199074 0.024479
1 0.597685 0.523698 0.167593 0.024479
1 0.434722 0.548177 0.239815 0.024479
1 0.673611 0.548177 0.237963 0.024479
1 0.446296 0.459375 0.262963 0.027083
7 0.500000 0.683073 1.000000 0.177604
3 0.157407 0.682813 0.211111 0.118750
1 0.500000 0.725781 0.370370 0.024479
1 0.414352 0.701302 0.199074 0.024479
1 0.597685 0.701302 0.167593 0.024479
1 0.366204 0.636979 0.102778 0.027083
7 0.500000 0.860677 1.000000 0.177604
3 0.157407 0.860417 0.211111 0.118750
1 0.363889 0.878906 0.098148 0.024479
1 0.544444 0.878906 0.262963 0.024479
1 0.434722 0.903385 0.239815 0.024479
1 0.660185 0.903385 0.211111 0.024479
1 0.462500 0.814583 0.295370 0.027083
7 0.500000 0.974740 1.000000 0.050521
3 0.157407 0.989323 0.211111 0.021354
1 0.451389 0.989323 0.273148 0.021354