6 0.500000 0.189583 1.000000 0.204167
1 0.707407 0.189583 0.477778 0.075000
4 0.181481 0.189583 0.362963 0.204167
7 0.500000 0.583854 1.000000 0.255208
1 0.532407 0.583854 0.935185 0.182292
7 0.500000 0.843229 1.000000 0.255208
1 0.532407 0.843229 0.935185 0.182292
7 0.500000 0.987500 1.000000 0.025000
4 0.129630 0.373958 0.259259 0.164583
1 0.629630 0.373958 0.740741 0.164583
7 0.500000 0.583854 1.000000 0.255208
3 0.291667 0.583854 0.453704 0.182292
1 0.791667 0.555729 0.416667 0.067708
1 0.791667 0.617188 0.416667 0.055208
7 0.500000 0.843229 1.000000 0.255208
3 0.291667 0.843229 0.453704 0.182292
1 0.791667 0.815104 0.416667 0.067708
1 0.791667 0.876563 0.416667 0.055208
7 0.500000 0.987500 1.000000 0.025000
4 0.129630 0.373958 0.259259 0.164583
1 0.629630 0.373958 0.740741 0.164583