6 0.500000 0.094792 1.000000 0.102083
1 0.330093 0.094531 0.271296 0.048438
4 0.090741 0.094792 0.181481 0.102083
4 0.946296 0.094792 0.107407 0.087500
3 0.665741 0.271875 0.435185 0.244792
3 0.944907 0.271875 0.110185 0.244792
3 0.224074 0.520312 0.435185 0.244792
3 0.665741 0.520312 0.435185 0.244792
3 0.944907 0.520312 0.110185 0.244792
3 0.224074 0.768750 0.435185 0.244792
3 0.665741 0.768750 0.435185 0.244792
3 0.944907 0.768750 0.110185 0.244792
3 0.224074 0.947396 0.435185 0.105208
3 0.665741 0.947396 0.435185 0.105208
3 0.944907 0.947396 0.110185 0.105208