6 0.500000 0.094792 1.000000 0.102083
4 0.090741 0.094792 0.181481 0.102083
3 0.369444 0.094792 0.181481 0.102083
1 0.546759 0.094792 0.173148 0.102083
1 0.950463 0.094792 0.099074 0.102083
1 0.766667 0.077604 0.137037 0.034375
1 0.767130 0.111979 0.169444 0.034375
7 0.500000 0.363802 1.000000 0.256771
1 0.590741 0.365625 0.818519 0.115625
6 0.571759 0.457813 0.856481 0.068750
4 0.213426 0.457813 0.139815 0.068750
4 0.481019 0.457813 0.136111 0.068750
3 0.590741 0.267708 0.818519 0.064583
7 0.500000 0.747135 1.000000 0.505729
4 0.097222 0.556250 0.116667 0.065625
1 0.409259 0.533333 0.455556 0.039583
1 0.709259 0.534896 0.144444 0.034375
1 0.825926 0.534896 0.088889 0.034375
3 0.590741 0.783073 0.818519 0.433854
9 0.500000 0.189583 1.000000 0.087500
1 0.944444 0.189583 0.111111 0.087500
1 0.222222 0.189323 0.187037 0.029687
1 0.666667 0.189323 0.137037 0.029687