3 0.608796 0.326302 0.782407 0.083854
1 0.314815 0.403646 0.500000 0.034375
1 0.532407 0.454167 0.935185 0.055208
1 0.409259 0.641146 0.688889 0.034375
3 0.500000 0.077604 1.000000 0.067708
1 0.282870 0.552604 0.436111 0.034375
3 0.731481 0.552865 0.427778 0.069271
2 0.532407 0.707812 0.935185 0.087500
4 0.076389 0.077344 0.087963 0.049479
1 0.672222 0.077344 0.655556 0.041146
3 0.550463 0.188802 0.291667 0.098437
1 0.828241 0.161458 0.199074 0.043750
1 0.828241 0.193490 0.199074 0.030729
1 0.828241 0.219010 0.199074 0.030729