3 0.500000 0.077604 1.000000 0.067708
7 0.516204 0.360156 0.967593 0.151562
1 0.293056 0.311719 0.521296 0.035937
1 0.516204 0.378385 0.967593 0.078646
7 0.516204 0.489323 0.967593 0.102604
1 0.243056 0.465365 0.421296 0.035937
1 0.490741 0.507552 0.916667 0.029687
4 0.076389 0.077344 0.087963 0.049479
3 0.324074 0.638542 0.453704 0.067708
1 0.548611 0.716667 0.902778 0.059375
1 0.548611 0.834375 0.902778 0.146875
1 0.718981 0.077344 0.313889 0.041146
3 0.550463 0.188802 0.291667 0.098437
1 0.828241 0.161458 0.199074 0.043750
1 0.828241 0.193490 0.199074 0.030729
1 0.828241 0.219010 0.199074 0.030729