9 0.500000 0.500000 1.000000 1.000000
7 0.500000 0.242969 1.000000 0.485938
3 0.518519 0.204167 0.414815 0.233333
7 0.500000 0.536979 1.000000 0.102083
1 0.518519 0.536719 0.933333 0.044271
7 0.500000 0.639062 1.000000 0.102083
1 0.518519 0.638802 0.933333 0.044271
7 0.500000 0.741146 1.000000 0.102083
1 0.518519 0.740885 0.933333 0.044271
7 0.500000 0.843229 1.000000 0.102083
1 0.518519 0.842969 0.933333 0.044271
7 0.500000 0.945312 1.000000 0.102083
1 0.518519 0.945052 0.933333 0.044271
7 0.500000 0.998177 1.000000 0.003646
6 0.500000 0.094792 1.000000 0.102083
1 0.284722 0.094531 0.180556 0.048438
3 0.090741 0.094792 0.181481 0.102083
7 0.500000 0.320833 1.000000 0.116667
1 0.500000 0.320833 1.000000 0.039583
7 0.500000 0.439583 1.000000 0.116667
1 0.500000 0.439583 1.000000 0.039583
7 0.500000 0.558333 1.000000 0.116667
1 0.500000 0.558333 1.000000 0.039583
7 0.500000 0.677083 1.000000 0.116667
1 0.500000 0.677083 1.000000 0.039583
7 0.500000 0.795833 1.000000 0.116667
1 0.500000 0.795833 1.000000 0.039583
7 0.500000 0.914583 1.000000 0.116667
1 0.500000 0.914583 1.000000 0.039583