6 0.500000 0.094792 1.000000 0.102083
1 0.456481 0.094531 0.446296 0.048438
4 0.090741 0.094792 0.181481 0.102083
4 0.948148 0.094792 0.103704 0.087500
1 0.512963 0.187240 0.974074 0.053646
8 0.666204 0.650000 0.217593 0.084375
1 0.512963 0.819271 0.974074 0.034375
1 0.512963 0.853646 0.974074 0.034375
1 0.766204 0.902604 0.467593 0.034375
1 0.682870 0.967187 0.634259 0.065625
1 0.512963 0.740885 0.974074 0.053646
1 0.512963 0.784896 0.974074 0.034375
1 0.069444 0.977865 0.087037 0.044271
2 0.226389 0.967187 0.175000 0.065625
3 0.512963 0.410938 0.974074 0.364583