9 0.500000 0.543750 1.000000 0.912500
7 0.500000 0.150521 1.000000 0.126042
4 0.187963 0.136979 0.168519 0.094792
1 0.687963 0.136979 0.624074 0.084375
7 0.500000 0.297396 1.000000 0.167708
3 0.187963 0.304688 0.168519 0.094792
1 0.509259 0.304688 0.266667 0.084375
7 0.500000 0.465104 1.000000 0.167708
4 0.187963 0.472396 0.168519 0.094792
1 0.651852 0.472396 0.551852 0.084375
7 0.500000 0.632812 1.000000 0.167708
4 0.187963 0.640104 0.168519 0.094792
1 0.687963 0.640104 0.624074 0.084375
7 0.500000 0.800521 1.000000 0.167708
4 0.187963 0.807813 0.168519 0.094792
1 0.531481 0.807813 0.311111 0.084375
7 0.500000 0.942187 1.000000 0.115625
1 0.551852 0.969792 0.896296 0.060417
6 0.500000 0.189583 1.000000 0.204167
3 0.181481 0.189583 0.362963 0.204167
3 0.681481 0.189062 0.637037 0.067708
1 0.944444 0.379167 0.111111 0.175000
1 0.444444 0.379167 0.485185 0.079167
7 0.500000 0.733333 1.000000 0.533333
1 0.597222 0.722396 0.805556 0.096875
1 0.264815 0.603125 0.140741 0.068750
1 0.536111 0.603125 0.298148 0.068750