1 0.500000 0.075521 1.000000 0.063542
7 0.500000 0.175521 1.000000 0.132292
1 0.284722 0.158333 0.465741 0.039583
1 0.524537 0.195312 0.945370 0.034375
7 0.500000 0.309896 1.000000 0.132292
1 0.194907 0.292708 0.286111 0.039583
1 0.297222 0.329688 0.490741 0.034375
7 0.500000 0.444271 1.000000 0.132292
1 0.173611 0.427083 0.243519 0.039583
1 0.420370 0.464062 0.737037 0.034375
7 0.500000 0.578646 1.000000 0.132292
1 0.216204 0.561458 0.328704 0.039583
1 0.397685 0.598437 0.691667 0.034375
7 0.500000 0.713021 1.000000 0.132292
1 0.181944 0.695833 0.260185 0.039583
1 0.300463 0.732812 0.497222 0.034375
7 0.500000 0.847396 1.000000 0.132292
1 0.270370 0.830208 0.437037 0.039583
1 0.525926 0.867188 0.948148 0.034375
1 0.500000 0.947396 1.000000 0.063542
7 0.500000 0.990625 1.000000 0.018750