9 0.500000 0.500000 1.000000 1.000000
1 0.500000 0.150521 1.000000 0.213542
7 0.500000 0.301042 1.000000 0.087500
4 0.103704 0.301042 0.103704 0.058333
1 0.616667 0.301042 0.766667 0.034375
7 0.500000 0.388542 1.000000 0.087500
4 0.103704 0.388542 0.103704 0.058333
1 0.616667 0.388542 0.766667 0.034375
7 0.500000 0.476042 1.000000 0.087500
4 0.103704 0.476042 0.103704 0.058333
1 0.616667 0.476042 0.766667 0.034375
7 0.500000 0.563542 1.000000 0.087500
3 0.103704 0.563542 0.103704 0.058333
1 0.616667 0.563542 0.766667 0.034375
7 0.500000 0.651042 1.000000 0.087500
4 0.103704 0.651042 0.103704 0.058333
1 0.616667 0.651042 0.766667 0.034375
7 0.500000 0.738542 1.000000 0.087500
3 0.103704 0.738542 0.103704 0.058333
1 0.616667 0.738542 0.766667 0.034375
7 0.500000 0.826042 1.000000 0.087500
4 0.103704 0.826042 0.103704 0.058333
1 0.616667 0.826042 0.766667 0.034375
7 0.500000 0.913542 1.000000 0.087500
4 0.103704 0.913542 0.103704 0.058333
1 0.616667 0.913542 0.766667 0.034375
7 0.500000 0.978646 1.000000 0.042708
4 0.103704 0.985938 0.103704 0.028125
1 0.616667 0.991927 0.766667 0.016146
6 0.500000 0.087500 1.000000 0.087500
1 0.150000 0.087500 0.300000 0.087500
3 0.912037 0.087500 0.103704 0.058333
7 0.500000 0.211458 1.000000 0.160417
3 0.155556 0.211458 0.207407 0.116667
1 0.362963 0.172396 0.155556 0.041667
1 0.720370 0.178125 0.559259 0.033333
1 0.642593 0.232813 0.714815 0.076042