6 0.500000 0.087500 1.000000 0.087500
4 0.091667 0.087500 0.103704 0.058333
1 0.387500 0.087240 0.462037 0.044271
4 0.985185 0.087500 0.029630 0.087500
4 0.985185 0.087500 0.029630 0.065625
3 0.500000 0.246615 1.000000 0.230729
7 0.226389 0.494271 0.439815 0.257292
3 0.226389 0.494271 0.439815 0.250000
3 0.226389 0.494271 0.426852 0.250000
1 0.226389 0.582292 0.426852 0.073958
7 0.666204 0.494271 0.439815 0.257292
3 0.666204 0.494271 0.439815 0.250000
3 0.666204 0.494271 0.426852 0.250000
1 0.666204 0.582292 0.426852 0.073958
7 0.943056 0.494271 0.113889 0.257292
3 0.943056 0.494271 0.113889 0.250000
3 0.946296 0.494271 0.107407 0.250000
1 0.946296 0.582292 0.107407 0.073958
7 0.226389 0.751563 0.439815 0.257292
3 0.226389 0.751563 0.439815 0.250000
3 0.226389 0.751563 0.426852 0.250000
1 0.226389 0.839583 0.426852 0.073958
7 0.666204 0.751563 0.439815 0.257292
3 0.666204 0.751563 0.439815 0.250000
3 0.666204 0.751563 0.426852 0.250000
1 0.666204 0.839583 0.426852 0.073958
7 0.943056 0.751563 0.113889 0.257292
3 0.943056 0.751563 0.113889 0.250000
3 0.946296 0.751563 0.107407 0.250000
1 0.946296 0.839583 0.107407 0.073958
7 0.226389 0.940104 0.439815 0.119792
3 0.226389 0.941927 0.439815 0.116146
3 0.226389 0.941927 0.426852 0.116146
7 0.666204 0.940104 0.439815 0.119792
3 0.666204 0.941927 0.439815 0.116146
3 0.666204 0.941927 0.426852 0.116146
7 0.943056 0.940104 0.113889 0.119792
3 0.943056 0.941927 0.113889 0.116146
3 0.946296 0.941927 0.107407 0.116146