6 0.500000 0.094792 1.000000 0.102083
4 0.100463 0.094792 0.032407 0.030208
1 0.298148 0.094531 0.298148 0.052604
9 0.500000 0.200521 1.000000 0.109375
1 0.332870 0.229427 0.184259 0.029687
1 0.971296 0.229427 0.057407 0.029687
3 0.327778 0.185417 0.103704 0.058333
4 0.971296 0.185417 0.057407 0.058333
4 0.373148 0.165104 0.064815 0.036458
1 0.373148 0.164844 0.018519 0.024479
7 0.500000 0.290625 1.000000 0.070833
1 0.293056 0.290625 0.373148 0.070833
1 0.666204 0.290625 0.373148 0.070833
1 0.926389 0.290625 0.147222 0.070833
7 0.500000 0.361458 1.000000 0.070833
1 0.500000 0.361458 1.000000 0.070833
7 0.500000 0.436979 1.000000 0.080208
3 0.082870 0.436719 0.100926 0.018229
1 0.310648 0.436979 0.354630 0.039583
1 0.665741 0.436979 0.355556 0.039583
1 0.921759 0.436979 0.156481 0.039583