4 0.056944 0.089323 0.113889 0.091146
1 0.218056 0.089323 0.208333 0.091146
4 0.379167 0.089323 0.113889 0.091146
4 0.933333 0.089323 0.133333 0.091146
1 0.133333 0.171354 0.266667 0.072917
1 0.400000 0.171354 0.266667 0.072917
1 0.666667 0.171354 0.266667 0.072917
1 0.900000 0.171354 0.200000 0.072917
1 0.222222 0.245833 0.444444 0.032292
1 0.222222 0.278125 0.444444 0.032292
1 0.666667 0.245833 0.444444 0.032292
1 0.666667 0.278125 0.444444 0.032292
1 0.944444 0.245833 0.111111 0.032292
1 0.944444 0.278125 0.111111 0.032292
1 0.525926 0.347135 0.948148 0.076563
1 0.525926 0.435156 0.948148 0.076563
1 0.525926 0.511979 0.948148 0.032292
1 0.525926 0.565104 0.948148 0.032292
1 0.525926 0.618229 0.948148 0.032292
1 0.525926 0.671354 0.948148 0.032292