1 0.545370 0.353125 0.909259 0.109375
7 0.294444 0.519792 0.372222 0.145833
4 0.294444 0.492969 0.372222 0.092188
1 0.294444 0.573177 0.372222 0.039062
7 0.666667 0.519792 0.372222 0.145833
3 0.666667 0.492969 0.372222 0.092188
1 0.666667 0.573177 0.372222 0.039062
7 0.926389 0.519792 0.147222 0.145833
4 0.926389 0.492969 0.147222 0.092188
1 0.926389 0.573177 0.147222 0.039062
7 0.294444 0.694792 0.372222 0.145833
4 0.294444 0.667969 0.372222 0.092188
1 0.294444 0.748177 0.372222 0.039062
7 0.666667 0.694792 0.372222 0.145833
4 0.666667 0.667969 0.372222 0.092188
1 0.666667 0.748177 0.372222 0.039062