1 0.132870 0.098437 0.162037 0.109375
1 0.692593 0.098437 0.498148 0.043750
7 0.500000 0.187500 1.000000 0.068750
3 0.516204 0.177344 0.967593 0.048438
7 0.500000 0.259115 1.000000 0.074479
1 0.500000 0.259115 1.000000 0.074479
7 0.500000 0.375781 1.000000 0.158854
1 0.500000 0.375781 1.000000 0.158854
7 0.500000 0.513542 1.000000 0.116667
1 0.500000 0.513542 1.000000 0.116667
7 0.500000 0.785937 1.000000 0.428125
1 0.500000 0.605469 1.000000 0.067187
3 0.500000 0.819531 1.000000 0.360938
4 0.666667 0.850521 0.266667 0.150000
4 0.666667 0.850521 0.187037 0.105208