6 0.500000 0.094792 1.000000 0.102083
1 0.597222 0.094531 0.805556 0.048438
4 0.090741 0.094792 0.181481 0.102083
7 0.500000 0.529167 1.000000 0.201042
1 0.366667 0.528906 0.733333 0.200521
3 0.866667 0.529167 0.266667 0.182292
7 0.500000 0.732292 1.000000 0.201042
1 0.366667 0.732031 0.733333 0.200521
3 0.866667 0.732292 0.266667 0.182292
7 0.500000 0.917448 1.000000 0.165104
1 0.366667 0.917448 0.733333 0.165104
3 0.866667 0.922135 0.266667 0.155729
4 0.081019 0.282552 0.162037 0.273438
1 0.245833 0.180729 0.393519 0.051042
3 0.500000 0.282552 1.000000 0.273438
1 0.500000 0.282552 1.000000 0.273438