6 0.500000 0.094792 1.000000 0.102083
1 0.362037 0.094531 0.335185 0.048438
4 0.090741 0.094792 0.181481 0.102083
7 0.331019 0.236979 0.662037 0.182292
3 0.331019 0.236979 0.662037 0.182292
1 0.331019 0.236979 0.628704 0.079167
7 0.835648 0.236979 0.328704 0.182292
3 0.835648 0.236979 0.328704 0.182292
1 0.843981 0.236719 0.312037 0.042188
7 0.331019 0.424479 0.662037 0.182292
3 0.331019 0.424479 0.662037 0.182292
1 0.331019 0.424219 0.628704 0.042188
7 0.835648 0.424479 0.328704 0.182292
3 0.835648 0.424479 0.328704 0.182292
1 0.843981 0.424479 0.312037 0.079167
7 0.331019 0.611979 0.662037 0.182292
3 0.331019 0.611979 0.662037 0.182292
1 0.331019 0.611979 0.628704 0.079167
7 0.835648 0.611979 0.328704 0.182292
3 0.835648 0.611979 0.328704 0.182292
1 0.843981 0.611719 0.312037 0.042188
7 0.331019 0.799479 0.662037 0.182292
3 0.331019 0.799479 0.662037 0.182292
1 0.331019 0.799219 0.628704 0.042188
7 0.835648 0.799479 0.328704 0.182292
3 0.835648 0.799479 0.328704 0.182292
1 0.843981 0.799219 0.312037 0.042188
7 0.331019 0.947917 0.662037 0.104167
3 0.331019 0.947917 0.662037 0.104167
1 0.331019 0.982812 0.628704 0.034375
7 0.835648 0.947917 0.328704 0.104167
3 0.835648 0.947917 0.328704 0.104167
1 0.843981 0.973698 0.312037 0.052604