9 0.405093 0.500000 0.810185 1.000000
7 0.405093 0.190365 0.810185 0.380729
3 0.405093 0.182292 0.810185 0.364583
1 0.405093 0.424479 0.810185 0.087500
7 0.405093 0.511979 0.810185 0.087500
4 0.142593 0.511979 0.181481 0.087500
1 0.495833 0.511979 0.525000 0.039583
7 0.405093 0.599479 0.810185 0.087500
4 0.142593 0.599479 0.181481 0.087500
1 0.495833 0.599479 0.525000 0.039583
7 0.405093 0.658854 0.810185 0.031250
1 0.405093 0.712760 0.810185 0.076563
7 0.405093 0.789323 0.810185 0.076563
1 0.405093 0.789062 0.706481 0.039583
7 0.405093 0.843229 0.810185 0.031250
7 0.405093 0.897135 0.810185 0.076563
1 0.405093 0.896875 0.706481 0.039583
6 0.500000 0.094792 1.000000 0.102083
1 0.597222 0.094531 0.805556 0.048438
3 0.090741 0.094792 0.181481 0.102083
7 0.500000 0.529167 1.000000 0.201042
1 0.366667 0.528906 0.733333 0.200521
3 0.866667 0.529167 0.266667 0.182292
7 0.500000 0.732292 1.000000 0.201042
1 0.366667 0.732031 0.733333 0.200521
3 0.866667 0.732292 0.266667 0.182292
7 0.500000 0.917448 1.000000 0.165104
1 0.366667 0.917448 0.733333 0.165104
3 0.866667 0.922135 0.266667 0.155729
3 0.081019 0.282552 0.162037 0.273438
1 0.245833 0.180729 0.393519 0.051042
3 0.500000 0.282552 1.000000 0.273438
1 0.500000 0.282552 1.000000 0.273438