6 0.500000 0.208333 1.000000 0.241667
3 0.326852 0.204687 0.224074 0.126042
3 0.823148 0.204687 0.224074 0.126042
9 0.500000 0.408333 1.000000 0.158333
1 0.635185 0.402083 0.366667 0.145833
1 0.264815 0.402083 0.192593 0.145833
1 0.954630 0.402083 0.090741 0.145833
7 0.500000 0.743750 1.000000 0.512500
7 0.500000 0.743750 1.000000 0.512500
1 0.423148 0.991146 0.742593 0.017708
1 0.458333 0.991146 0.742593 0.017708
1 0.973148 0.991146 0.053704 0.017708
1 0.990741 0.991146 0.018519 0.017708
3 0.439815 0.734896 0.879630 0.494792
3 0.947222 0.734896 0.105556 0.494792