6 0.500000 0.087500 1.000000 0.087500
3 0.091667 0.087500 0.103704 0.058333
1 0.486574 0.087240 0.660185 0.044271
1 0.525926 0.160417 0.948148 0.058333
7 0.525926 0.248958 0.948148 0.116667
1 0.193981 0.231510 0.232407 0.044271
1 0.319907 0.270833 0.484259 0.034375
7 0.525926 0.366667 0.948148 0.116667
1 0.258333 0.349219 0.361111 0.044271
1 0.382407 0.388542 0.609259 0.034375
1 0.525926 0.455208 0.948148 0.058333
7 0.525926 0.543750 0.948148 0.116667
1 0.175463 0.526302 0.195370 0.044271
1 0.109722 0.565625 0.063889 0.034375
7 0.525926 0.661458 0.948148 0.116667
1 0.259722 0.644010 0.363889 0.044271
1 0.295370 0.683333 0.435185 0.034375
7 0.525926 0.785937 0.948148 0.130208
1 0.248148 0.753906 0.340741 0.044271
1 0.538889 0.808073 0.922222 0.064062
7 0.525926 0.917188 0.948148 0.130208
1 0.286111 0.885156 0.416667 0.044271
1 0.538889 0.939323 0.922222 0.064062