6 0.500000 0.094792 1.000000 0.102083
1 0.413426 0.094531 0.437963 0.048438
4 0.090741 0.094792 0.181481 0.102083
4 0.946296 0.094792 0.107407 0.087500
9 0.388889 0.572917 0.777778 0.854167
1 0.388889 0.186979 0.777778 0.082292
1 0.388889 0.268750 0.777778 0.082292
1 0.388889 0.350521 0.777778 0.082292
1 0.388889 0.432292 0.777778 0.082292
1 0.388889 0.514062 0.777778 0.082292
1 0.388889 0.595833 0.777778 0.082292
1 0.388889 0.677604 0.777778 0.082292
1 0.388889 0.759375 0.777778 0.082292
7 0.516204 0.240625 0.967593 0.153125
4 0.168519 0.240625 0.207407 0.116667
1 0.652315 0.223177 0.695370 0.077604
1 0.652315 0.279167 0.695370 0.034375
7 0.516204 0.411979 0.967593 0.153125
3 0.168519 0.411979 0.207407 0.116667
1 0.652315 0.394531 0.695370 0.077604
1 0.652315 0.450521 0.695370 0.034375
7 0.516204 0.583333 0.967593 0.153125
3 0.168519 0.583333 0.207407 0.116667
1 0.652315 0.565885 0.695370 0.077604
1 0.652315 0.621875 0.695370 0.034375
7 0.516204 0.754687 0.967593 0.153125
3 0.168519 0.754687 0.207407 0.116667
1 0.652315 0.737240 0.695370 0.077604
1 0.652315 0.793229 0.695370 0.034375