9 0.453704 0.500000 0.907407 1.000000
1 0.163426 0.136979 0.326852 0.045833
1 0.096759 0.176042 0.193519 0.032292
1 0.225926 0.176042 0.064815 0.032292
3 0.136111 0.332813 0.142593 0.043750
1 0.459259 0.333073 0.503704 0.039062
3 0.136111 0.489583 0.142593 0.043750
1 0.385648 0.489323 0.356481 0.039062
3 0.136111 0.658333 0.142593 0.043750
1 0.368056 0.658073 0.321296 0.039062
3 0.136111 0.827083 0.142593 0.043750
1 0.414815 0.827344 0.414815 0.039062
3 0.136111 0.987240 0.142593 0.025521
1 0.380093 0.988542 0.345370 0.022917
6 0.500000 0.094792 1.000000 0.102083
3 0.090741 0.094792 0.181481 0.102083
3 0.805556 0.094792 0.088889 0.102083
1 0.661111 0.094531 0.200000 0.034896
3 0.500000 0.995313 1.000000 0.009375
3 0.113889 0.942969 0.194444 0.040104