6 0.500000 0.094792 1.000000 0.102083
1 0.385185 0.094531 0.381481 0.048438
4 0.090741 0.094792 0.181481 0.102083
8 0.354630 0.507031 0.585185 0.335938
3 0.354630 0.463281 0.585185 0.248438
4 0.582407 0.631250 0.129630 0.087500
1 0.289815 0.617188 0.403704 0.030208
1 0.098611 0.646354 0.021296 0.028125
8 0.843056 0.507031 0.313889 0.335938
3 0.843056 0.463281 0.313889 0.248438
1 0.856019 0.617188 0.287963 0.030208
1 0.722685 0.646354 0.021296 0.028125
8 0.354630 0.848437 0.585185 0.303125
3 0.354630 0.821094 0.585185 0.248438
4 0.582407 0.972656 0.129630 0.054688
1 0.289815 0.975000 0.403704 0.030208
1 0.098611 0.995052 0.021296 0.009896
8 0.843056 0.848437 0.313889 0.303125
3 0.843056 0.821094 0.313889 0.248438
1 0.856019 0.975000 0.287963 0.030208
1 0.722685 0.995052 0.021296 0.009896
1 0.508333 0.177344 0.983333 0.044271
1 0.508333 0.259115 0.983333 0.119271