4 0.093981 0.085677 0.136111 0.076563
7 0.500000 0.156771 1.000000 0.058333
1 0.508333 0.156771 0.983333 0.039583
7 0.500000 0.215625 1.000000 0.058333
1 0.508333 0.215625 0.983333 0.039583
7 0.500000 0.274479 1.000000 0.058333
1 0.508333 0.274479 0.983333 0.039583
7 0.500000 0.333333 1.000000 0.058333
1 0.508333 0.333333 0.983333 0.039583
7 0.500000 0.392188 1.000000 0.058333
1 0.508333 0.392188 0.983333 0.039583
7 0.500000 0.451042 1.000000 0.058333
1 0.508333 0.451042 0.983333 0.039583
7 0.500000 0.509896 1.000000 0.058333
1 0.508333 0.509896 0.983333 0.039583
7 0.500000 0.568750 1.000000 0.058333
1 0.508333 0.568750 0.983333 0.039583
7 0.500000 0.627604 1.000000 0.058333
1 0.508333 0.627604 0.983333 0.039583
7 0.500000 0.686458 1.000000 0.058333
1 0.508333 0.686458 0.983333 0.039583
7 0.500000 0.745313 1.000000 0.058333
1 0.508333 0.745313 0.983333 0.039583
7 0.500000 0.804167 1.000000 0.058333
1 0.508333 0.804167 0.983333 0.039583
7 0.500000 0.863021 1.000000 0.058333
1 0.508333 0.863021 0.983333 0.039583
7 0.500000 0.921875 1.000000 0.058333
1 0.508333 0.921875 0.983333 0.039583
7 0.500000 0.975781 1.000000 0.048438
1 0.508333 0.980469 0.983333 0.039062
1 0.666204 0.065885 0.291667 0.029687
1 0.666667 0.100521 0.172222 0.039583