6 0.500000 0.094792 1.000000 0.102083
1 0.287037 0.094531 0.185185 0.048438
4 0.090741 0.094792 0.181481 0.102083
9 0.388889 0.572917 0.777778 0.854167
1 0.388889 0.319271 0.712963 0.072917
1 0.388889 0.399479 0.712963 0.087500
1 0.388889 0.489063 0.712963 0.087500
1 0.388889 0.578646 0.712963 0.087500
1 0.388889 0.668229 0.712963 0.087500
1 0.388889 0.748437 0.712963 0.072917
1 0.388889 0.828646 0.712963 0.087500
1 0.388889 0.918229 0.712963 0.087500
1 0.388889 0.982031 0.712963 0.035937
3 0.141204 0.207031 0.165741 0.093229
1 0.141204 0.207031 0.165741 0.093229
1 0.517130 0.191927 0.456481 0.044271
1 0.517130 0.227865 0.456481 0.027604
7 0.516204 0.189583 0.967593 0.087500
1 0.516204 0.189583 0.967593 0.087500
7 0.516204 0.292708 0.967593 0.118750
1 0.314815 0.274479 0.564815 0.039583
1 0.184259 0.311458 0.303704 0.034375