6 0.500000 0.094792 1.000000 0.102083
1 0.263889 0.094531 0.138889 0.048438
4 0.090741 0.094792 0.181481 0.102083
4 0.659259 0.094792 0.155556 0.087500
3 0.814815 0.094792 0.155556 0.087500
1 0.946296 0.094792 0.107407 0.087500
7 0.516204 0.242708 0.967593 0.193750
1 0.516204 0.182292 0.967593 0.072917
1 0.253704 0.277083 0.442593 0.039583
7 0.516204 0.398958 0.967593 0.118750
1 0.416204 0.397917 0.767593 0.039583
7 0.516204 0.554167 0.967593 0.191667
1 0.516204 0.494792 0.967593 0.072917
1 0.341204 0.589583 0.617593 0.039583
7 0.516204 0.745833 0.967593 0.191667
1 0.516204 0.686458 0.967593 0.072917
1 0.113889 0.781250 0.162963 0.039583
7 0.516204 0.920833 0.967593 0.158333
1 0.516204 0.878125 0.967593 0.072917
1 0.203704 0.972917 0.342593 0.039583
3 0.532407 0.575521 0.935185 0.242708
1 0.532407 0.762500 0.935185 0.039583
1 0.666204 0.855469 0.486111 0.054688