6 0.500000 0.189583 1.000000 0.204167
1 0.733333 0.189062 0.533333 0.096875
4 0.181481 0.189583 0.362963 0.204167
7 0.503704 0.447917 0.740741 0.312500
3 0.503704 0.447917 0.740741 0.312500
3 0.288889 0.379167 0.311111 0.175000
7 0.987037 0.447917 0.025926 0.312500
3 0.987037 0.447917 0.025926 0.312500
3 0.987037 0.379167 0.025926 0.175000
7 0.503704 0.782292 0.740741 0.312500
3 0.503704 0.782292 0.740741 0.312500
7 0.987037 0.782292 0.025926 0.312500
3 0.987037 0.782292 0.025926 0.312500
7 0.503704 0.980208 0.740741 0.039583
3 0.503704 0.980208 0.740741 0.039583
7 0.987037 0.980208 0.025926 0.039583
3 0.987037 0.980208 0.025926 0.039583