6 0.500000 0.087500 1.000000 0.087500
3 0.029167 0.087240 0.058333 0.032813
4 0.357870 0.087500 0.469444 0.036458
9 0.500000 0.167708 1.000000 0.072917
1 0.158333 0.167448 0.316667 0.043229
1 0.456944 0.167448 0.280556 0.043229
1 0.746759 0.167448 0.299074 0.043229
1 0.948148 0.167448 0.103704 0.043229
1 0.400000 0.325260 0.800000 0.054688
1 0.400000 0.387240 0.800000 0.069271
1 0.400000 0.458594 0.800000 0.069271
1 0.400000 0.529948 0.800000 0.069271
1 0.400000 0.601302 0.800000 0.069271
1 0.400000 0.672656 0.800000 0.069271
1 0.400000 0.744010 0.800000 0.069271
1 0.400000 0.805990 0.800000 0.054688
1 0.400000 0.867969 0.800000 0.069271
1 0.400000 0.939323 0.800000 0.069271
1 0.400000 0.988021 0.800000 0.023958
7 0.500000 0.336458 1.000000 0.245833
7 0.500000 0.572656 1.000000 0.207813
7 0.500000 0.789844 1.000000 0.207813
7 0.500000 0.951562 1.000000 0.096875
1 0.400000 0.178646 0.701852 0.072917
4 0.094444 0.261458 0.090741 0.051042
4 0.705556 0.261458 0.090741 0.051042
4 0.312037 0.261458 0.064815 0.051042
1 0.373611 0.261198 0.058333 0.032813
4 0.474074 0.261458 0.090741 0.051042