1 0.156481 0.262240 0.181481 0.036979
1 0.541204 0.916146 0.917593 0.087500
1 0.541204 0.989062 0.917593 0.021875
1 0.237963 0.356771 0.279630 0.034375
2 0.657407 0.357031 0.559259 0.061979
1 0.976852 0.353385 0.046296 0.054688
1 0.239815 0.448437 0.283333 0.034375
1 0.690741 0.448698 0.618519 0.067187
1 0.239815 0.542708 0.283333 0.034375
1 0.239815 0.636979 0.283333 0.034375
1 0.690741 0.637240 0.618519 0.067187
1 0.239815 0.728646 0.283333 0.034375
2 0.690741 0.728906 0.618519 0.061979
1 0.239815 0.816146 0.283333 0.034375
1 0.690741 0.542969 0.618519 0.067187
0 0.481481 0.816146 0.200000 0.058333
0 0.681481 0.816146 0.200000 0.058333