6 0.500000 0.094792 1.000000 0.102083
3 0.653704 0.094792 0.388889 0.087500
4 0.090741 0.094792 0.181481 0.102083
1 0.666667 0.225521 0.357407 0.130208
1 0.666204 0.530990 0.386111 0.031771
1 0.525926 0.693750 0.948148 0.027083
1 0.525926 0.744792 0.948148 0.027083
1 0.525926 0.795833 0.948148 0.027083
1 0.525926 0.846875 0.948148 0.027083
3 0.181481 0.945833 0.259259 0.108333
1 0.562500 0.402865 0.447222 0.224479
4 0.902778 0.402604 0.181481 0.102083
1 0.572222 0.604427 0.090741 0.045312
1 0.655556 0.605990 0.075926 0.041146
1 0.750000 0.601823 0.112963 0.054688
1 0.543056 0.912760 0.399074 0.042188
1 0.534722 0.954427 0.382407 0.041146
1 0.671759 0.987500 0.656481 0.025000