4 0.074074 0.056250 0.088889 0.050000
1 0.442593 0.056771 0.412963 0.062500
4 0.202778 0.056771 0.079630 0.044792
3 0.922222 0.056250 0.155556 0.075000
4 0.113426 0.178385 0.137963 0.077604
3 0.334722 0.178385 0.137963 0.077604
4 0.556019 0.178385 0.137963 0.077604
3 0.777315 0.178385 0.137963 0.077604
3 0.964815 0.178385 0.070370 0.077604
4 0.050000 0.291146 0.100000 0.062500
4 0.142593 0.402865 0.240741 0.101562
3 0.405556 0.402865 0.240741 0.101562
3 0.668519 0.402865 0.240741 0.101562
3 0.905556 0.402865 0.188889 0.101562
1 0.594444 0.724479 0.811111 0.206250