9 0.500000 0.500000 1.000000 1.000000
1 0.500000 0.138542 1.000000 0.189583
1 0.500000 0.539583 1.000000 0.087500
1 0.500000 0.966667 1.000000 0.066667
4 0.103704 0.277083 0.103704 0.058333
1 0.616667 0.277083 0.766667 0.034375
4 0.103704 0.364583 0.103704 0.058333
1 0.616667 0.364583 0.766667 0.034375
3 0.103704 0.452083 0.103704 0.058333
1 0.616667 0.452083 0.766667 0.034375
4 0.103704 0.627083 0.103704 0.058333
1 0.616667 0.627083 0.766667 0.034375
3 0.103704 0.714583 0.103704 0.058333
1 0.616667 0.714583 0.766667 0.034375
1 0.968981 0.714323 0.062037 0.036979
3 0.103704 0.802083 0.103704 0.058333
1 0.616667 0.802083 0.766667 0.034375
4 0.103704 0.889583 0.103704 0.058333
1 0.616667 0.889583 0.766667 0.034375
6 0.500000 0.094792 1.000000 0.102083
1 0.241204 0.094531 0.015741 0.048438
4 0.090741 0.094792 0.181481 0.102083
8 0.500000 0.500000 1.000000 1.000000
3 0.500000 0.500000 1.000000 1.000000
3 0.500000 0.145833 1.000000 0.291667
3 0.500000 0.977083 1.000000 0.045833
3 0.466204 0.982812 0.276852 0.034375
3 0.863889 0.982812 0.272222 0.034375