7 0.833796 0.175000 0.332407 0.087500
1 0.859722 0.174740 0.280556 0.044271
7 0.833796 0.263542 0.332407 0.087500
1 0.859722 0.263281 0.280556 0.044271
7 0.833796 0.352083 0.332407 0.087500
1 0.859722 0.351823 0.280556 0.044271
4 0.833796 0.440625 0.332407 0.087500
1 0.859722 0.440365 0.280556 0.044271
4 0.833796 0.529167 0.332407 0.087500
1 0.859722 0.528906 0.280556 0.044271
7 0.833796 0.617708 0.332407 0.087500
1 0.859722 0.617448 0.280556 0.044271
7 0.833796 0.706250 0.332407 0.087500
1 0.859722 0.705990 0.280556 0.044271