6 0.500000 0.087500 1.000000 0.087500
4 0.078241 0.087500 0.156481 0.087500
4 0.025926 0.087500 0.051852 0.029167
4 0.091667 0.087500 0.103704 0.058333
3 0.662963 0.087500 0.674074 0.087500
1 0.373611 0.075781 0.747222 0.064062
7 0.373611 0.560937 0.747222 0.067708
1 0.373611 0.559115 0.747222 0.064062
7 0.373611 0.638802 0.747222 0.088021
1 0.341204 0.639062 0.682407 0.087500
7 0.373611 0.716667 0.747222 0.067708
1 0.373611 0.714844 0.747222 0.064062
7 0.373611 0.794531 0.747222 0.088021
1 0.341204 0.794792 0.682407 0.087500
7 0.373611 0.882552 0.747222 0.088021
1 0.341204 0.882812 0.682407 0.087500
7 0.373611 0.963281 0.747222 0.073438
1 0.341204 0.963542 0.682407 0.072917
8 0.500000 0.213281 1.000000 0.018229
3 0.021759 0.180990 0.043519 0.120313
3 0.016667 0.212500 0.033333 0.045833
1 0.395370 0.155469 0.670370 0.069271
3 0.021759 0.316406 0.043519 0.120313
3 0.016667 0.347917 0.033333 0.045833
1 0.395370 0.290885 0.670370 0.069271
3 0.021759 0.451823 0.043519 0.120313
3 0.016667 0.483333 0.033333 0.045833
1 0.395370 0.426302 0.670370 0.069271
8 0.500000 0.251563 1.000000 0.058333
1 0.146296 0.173177 0.259259 0.083854
1 0.638426 0.173177 0.723148 0.083854
1 0.522222 0.249740 0.275926 0.069271
1 0.811111 0.249740 0.275926 0.069271
7 0.500000 0.594010 1.000000 0.626563
1 0.500000 0.817708 1.000000 0.096875
1 0.500000 0.889583 1.000000 0.035417
3 0.500000 0.519010 1.000000 0.441146
7 0.500000 0.953385 1.000000 0.093229
1 0.693056 0.958854 0.613889 0.082292
3 0.184722 0.958854 0.369444 0.082292