6 0.500000 0.094792 1.000000 0.102083
4 0.090741 0.094792 0.181481 0.102083
2 0.603704 0.093750 0.792593 0.065625
7 0.500000 0.281250 1.000000 0.234375
5 0.162037 0.281250 0.324074 0.234375
8 0.162037 0.281250 0.324074 0.234375
3 0.162037 0.245573 0.292593 0.138021
1 0.162037 0.350260 0.292593 0.071354
5 0.486111 0.281250 0.324074 0.234375
8 0.486111 0.281250 0.324074 0.234375
3 0.486111 0.245573 0.292593 0.138021
1 0.486111 0.350260 0.292593 0.071354
5 0.810185 0.281250 0.324074 0.234375
8 0.810185 0.281250 0.324074 0.234375
3 0.810185 0.245573 0.292593 0.138021
1 0.810185 0.350260 0.292593 0.071354
5 0.986111 0.281250 0.027778 0.234375
8 0.986111 0.281250 0.027778 0.234375
3 0.993981 0.245573 0.012037 0.138021
1 0.993981 0.350260 0.012037 0.071354
7 0.500000 0.447135 1.000000 0.098437
1 0.222222 0.446875 0.340741 0.032292
7 0.500000 0.545052 1.000000 0.098437
3 0.112037 0.544792 0.120370 0.067708
1 0.616667 0.545052 0.766667 0.098437
7 0.500000 0.642969 1.000000 0.098437
3 0.112037 0.642708 0.120370 0.067708
1 0.616667 0.642969 0.766667 0.098437
7 0.500000 0.740885 1.000000 0.098437
1 0.362963 0.740625 0.622222 0.032292
7 0.500000 0.894792 1.000000 0.210417
8 0.222222 0.894792 0.420370 0.210417
3 0.222222 0.885938 0.388889 0.167708
1 0.144444 0.984896 0.233333 0.030208
8 0.666667 0.894792 0.420370 0.210417
3 0.666667 0.885938 0.388889 0.167708
1 0.588889 0.984896 0.233333 0.030208
8 0.950463 0.894792 0.099074 0.210417
3 0.958333 0.885938 0.083333 0.167708
1 0.958333 0.984896 0.083333 0.030208
3 0.500000 0.278125 1.000000 0.264583
1 0.527778 0.301563 0.944444 0.085417
1 0.105093 0.372135 0.099074 0.025521