6 0.500000 0.096615 1.000000 0.105729
1 0.501852 0.096615 0.537037 0.048438
4 0.090741 0.094792 0.181481 0.102083
7 0.339815 0.190885 0.653704 0.082812
8 0.339815 0.187240 0.627778 0.075521
1 0.339815 0.152344 0.550000 0.005729
1 0.528241 0.182812 0.056481 0.055208
1 0.282407 0.182812 0.435185 0.055208
4 0.585648 0.182812 0.058333 0.055208
7 0.833333 0.190885 0.333333 0.082812
8 0.839815 0.187240 0.320370 0.075521
1 0.859259 0.151823 0.281481 0.004687
1 0.859259 0.182292 0.281481 0.056250
7 0.339815 0.485677 0.653704 0.506771
8 0.339815 0.485677 0.627778 0.492188
3 0.339815 0.406510 0.627778 0.333854
1 0.339815 0.624479 0.550000 0.072917
1 0.307407 0.689063 0.485185 0.056250
4 0.585648 0.689063 0.058333 0.056250
7 0.833333 0.485677 0.333333 0.506771
8 0.839815 0.485677 0.320370 0.492188
3 0.839815 0.406510 0.320370 0.333854
1 0.859259 0.624479 0.281481 0.072917
1 0.859259 0.689063 0.281481 0.056250
7 0.339815 0.869531 0.653704 0.260937
8 0.339815 0.873177 0.627778 0.253646
3 0.339815 0.873177 0.627778 0.253646
7 0.833333 0.869531 0.333333 0.260937
8 0.839815 0.873177 0.320370 0.253646
3 0.839815 0.873177 0.320370 0.253646