9 0.500000 0.521875 1.000000 0.956250
6 0.500000 0.094792 1.000000 0.102083
1 0.440278 0.094531 0.491667 0.048438
4 0.090741 0.094792 0.181481 0.102083
7 0.500000 0.294531 1.000000 0.122396
4 0.115278 0.294531 0.178704 0.100521
1 0.621759 0.273438 0.756481 0.039583
1 0.621759 0.312240 0.756481 0.038021
7 0.500000 0.419010 1.000000 0.122396
4 0.115278 0.419010 0.178704 0.100521
1 0.621759 0.397917 0.756481 0.039583
1 0.621759 0.436719 0.756481 0.038021
7 0.500000 0.543490 1.000000 0.122396
4 0.115278 0.543490 0.178704 0.100521
1 0.621759 0.522396 0.756481 0.039583
1 0.621759 0.561198 0.756481 0.038021
7 0.500000 0.667969 1.000000 0.122396
4 0.115278 0.667969 0.178704 0.100521
1 0.621759 0.646875 0.756481 0.039583
1 0.621759 0.685677 0.756481 0.038021
7 0.500000 0.792448 1.000000 0.122396
3 0.115278 0.792448 0.178704 0.100521
1 0.621759 0.771354 0.756481 0.039583
1 0.621759 0.810156 0.756481 0.038021
7 0.500000 0.990104 1.000000 0.019792
3 0.115278 0.995573 0.178704 0.008854
1 0.222222 0.189583 0.150000 0.034375
1 0.666667 0.189583 0.181481 0.034375