6 0.500000 0.094792 1.000000 0.102083
4 0.090741 0.094792 0.181481 0.102083
1 0.590741 0.094531 0.818519 0.064062
3 0.356481 0.096875 0.388889 0.106250
3 0.219444 0.102083 0.081481 0.036458
7 0.500000 0.163021 1.000000 0.034375
3 0.194444 0.153906 0.324074 0.016146
7 0.500000 0.269010 1.000000 0.173437
1 0.694444 0.269010 0.611111 0.100521
3 0.194444 0.269010 0.324074 0.136979
7 0.500000 0.444531 1.000000 0.173437
1 0.694444 0.444531 0.611111 0.100521
3 0.194444 0.444531 0.324074 0.136979
7 0.500000 0.620052 1.000000 0.173437
1 0.694444 0.619792 0.611111 0.062500
3 0.194444 0.620052 0.324074 0.136979
4 0.299074 0.592708 0.081481 0.045833
7 0.500000 0.795573 1.000000 0.173437
1 0.694444 0.795573 0.611111 0.100521
3 0.194444 0.795573 0.324074 0.136979
7 0.500000 0.942187 1.000000 0.115625
1 0.694444 0.950781 0.611111 0.098437
3 0.194444 0.951302 0.324074 0.097396