9 0.500000 0.180469 1.000000 0.091146
1 0.143981 0.180469 0.287963 0.091146
1 0.485648 0.180469 0.395370 0.091146
1 0.841667 0.180469 0.316667 0.091146
3 0.081019 0.089323 0.097222 0.054688
1 0.234259 0.089323 0.175926 0.048438
7 0.339815 0.409896 0.653704 0.367708
3 0.339815 0.409896 0.631481 0.355208
1 0.098148 0.534635 0.083333 0.036979
1 0.142130 0.569271 0.171296 0.032292
4 0.590741 0.551042 0.129630 0.072917
7 0.833333 0.409896 0.333333 0.367708
3 0.838889 0.409896 0.322222 0.355208
1 0.797685 0.534635 0.175000 0.036979
1 0.807870 0.569271 0.195370 0.032292