3 0.500000 0.521875 1.000000 0.956250
3 0.117130 0.121875 0.130556 0.086458
4 0.108796 0.121875 0.113889 0.045833
3 0.617130 0.104948 0.765741 0.064062
1 0.577778 0.154167 0.844444 0.034375
1 0.500000 0.410417 1.000000 0.109375
7 0.500000 0.540625 1.000000 0.150000
1 0.111111 0.520312 0.157407 0.109375
4 0.238426 0.520312 0.097222 0.072917
1 0.509259 0.520052 0.379630 0.039062
1 0.826389 0.520312 0.189815 0.072917
1 0.960648 0.520312 0.078704 0.072917
1 0.684722 0.597135 0.630556 0.036979
7 0.500000 0.691146 1.000000 0.150000
1 0.114352 0.670833 0.163889 0.109375
4 0.244907 0.670833 0.097222 0.072917
1 0.514352 0.670573 0.376852 0.039062
1 0.829167 0.670833 0.187963 0.072917
1 0.961574 0.670833 0.076852 0.072917
1 0.687500 0.747656 0.625000 0.036979
7 0.500000 0.841667 1.000000 0.150000
1 0.114352 0.821354 0.163889 0.109375
4 0.244907 0.821354 0.097222 0.072917
1 0.514352 0.821094 0.376852 0.039062
1 0.829167 0.821354 0.187963 0.072917
1 0.961574 0.821354 0.076852 0.072917
1 0.687500 0.898177 0.625000 0.036979
1 0.500000 0.958594 1.000000 0.082812
4 0.075463 0.241667 0.086111 0.045833
1 0.575463 0.234896 0.849074 0.042708