9 0.500000 0.521875 1.000000 0.956250
7 0.500000 0.168229 1.000000 0.248958
3 0.562963 0.145833 0.233333 0.131250
1 0.500000 0.256510 1.000000 0.053646
7 0.500000 0.336719 1.000000 0.088021
3 0.116667 0.336719 0.142593 0.088021
1 0.284722 0.336719 0.128704 0.088021
7 0.500000 0.424740 1.000000 0.088021
3 0.116667 0.424740 0.142593 0.088021
1 0.412037 0.424740 0.383333 0.088021
7 0.500000 0.512760 1.000000 0.088021
3 0.116667 0.512760 0.142593 0.088021
1 0.450000 0.512760 0.459259 0.088021
7 0.500000 0.600781 1.000000 0.088021
4 0.116667 0.600781 0.142593 0.088021
1 0.312963 0.600781 0.185185 0.088021
7 0.500000 0.688802 1.000000 0.088021
4 0.116667 0.688802 0.142593 0.088021
1 0.311574 0.688802 0.182407 0.088021
7 0.500000 0.776823 1.000000 0.088021
3 0.116667 0.776823 0.142593 0.088021
1 0.474537 0.776823 0.508333 0.088021
7 0.500000 0.864844 1.000000 0.088021
4 0.116667 0.864844 0.142593 0.088021
1 0.293981 0.864844 0.147222 0.088021
7 0.500000 0.952865 1.000000 0.088021
4 0.116667 0.952865 0.142593 0.088021
1 0.303241 0.952865 0.165741 0.088021
7 0.500000 0.998437 1.000000 0.003125
3 0.116667 0.998437 0.142593 0.003125
1 0.383333 0.998437 0.325926 0.003125
6 0.500000 0.094792 1.000000 0.102083
3 0.106944 0.094792 0.110185 0.064583
1 0.667130 0.094531 0.491667 0.048438
3 0.561574 0.695312 0.876852 0.609375