6 0.500000 0.087500 1.000000 0.087500
4 0.026852 0.087500 0.053704 0.087500
4 0.025926 0.087500 0.051852 0.029167
1 0.227315 0.087240 0.347222 0.044271
7 0.222222 0.389844 0.444444 0.286979
1 0.214352 0.269531 0.395370 0.027604
1 0.214352 0.297135 0.395370 0.027604
3 0.214352 0.419271 0.373148 0.209375
7 0.666667 0.389844 0.444444 0.286979
1 0.658796 0.269531 0.395370 0.027604
1 0.658796 0.297135 0.395370 0.027604
3 0.658796 0.419271 0.373148 0.209375
7 0.944444 0.389844 0.111111 0.286979
1 0.952778 0.269531 0.094444 0.027604
1 0.952778 0.297135 0.094444 0.027604
3 0.958333 0.419271 0.083333 0.209375
7 0.222222 0.676823 0.444444 0.286979
1 0.214352 0.556510 0.395370 0.027604
1 0.214352 0.584115 0.395370 0.027604
3 0.214352 0.706250 0.373148 0.209375
7 0.666667 0.676823 0.444444 0.286979
1 0.658796 0.556510 0.395370 0.027604
1 0.658796 0.584115 0.395370 0.027604
3 0.658796 0.706250 0.373148 0.209375
7 0.944444 0.676823 0.111111 0.286979
1 0.952778 0.556510 0.094444 0.027604
1 0.952778 0.584115 0.094444 0.027604
3 0.958333 0.706250 0.083333 0.209375
7 0.222222 0.910156 0.444444 0.179688
1 0.214352 0.843490 0.395370 0.027604
1 0.214352 0.871094 0.395370 0.027604
3 0.214352 0.944271 0.373148 0.111458
7 0.666667 0.910156 0.444444 0.179688
1 0.658796 0.843490 0.395370 0.027604
1 0.658796 0.871094 0.395370 0.027604
3 0.658796 0.944271 0.373148 0.111458
7 0.944444 0.910156 0.111111 0.179688
1 0.952778 0.843490 0.094444 0.027604
1 0.952778 0.871094 0.094444 0.027604
3 0.958333 0.944271 0.083333 0.111458
1 0.203704 0.157812 0.374074 0.034375
1 0.203704 0.205990 0.374074 0.061979
1 0.518519 0.157812 0.255556 0.034375
1 0.518519 0.205990 0.255556 0.061979