6 0.500000 0.175000 1.000000 0.175000
4 0.053704 0.175000 0.107407 0.175000
4 0.051852 0.175000 0.103704 0.058333
1 0.437037 0.174479 0.659259 0.088542
9 0.711111 0.631250 0.577778 0.737500
1 0.711111 0.386458 0.577778 0.247917
1 0.711111 0.680729 0.577778 0.201042
1 0.711111 0.885938 0.577778 0.201042
1 0.481481 0.386458 0.833333 0.175000
1 0.949074 0.386458 0.101852 0.247917
7 0.500000 0.488542 1.000000 0.452083
7 0.500000 0.857292 1.000000 0.285417
3 0.532407 0.875521 0.935185 0.248958
1 0.339815 0.608333 0.679630 0.195833
1 0.843519 0.608333 0.312963 0.195833