6 0.500000 0.094792 1.000000 0.102083
1 0.667130 0.094531 0.249074 0.043229
4 0.090741 0.094792 0.181481 0.102083
7 0.500000 0.189583 1.000000 0.087500
1 0.259259 0.166927 0.420370 0.042188
1 0.233796 0.210677 0.369444 0.045312
7 0.500000 0.406771 1.000000 0.328125
3 0.666667 0.361198 0.648148 0.236979
1 0.312500 0.502604 0.526852 0.045833
1 0.233796 0.548177 0.369444 0.045312
7 0.500000 0.744271 1.000000 0.328125
3 0.666667 0.698698 0.648148 0.236979
1 0.225926 0.840104 0.353704 0.045833
1 0.190278 0.885677 0.282407 0.045312
7 0.500000 0.958854 1.000000 0.082292
3 0.666667 0.958854 0.648148 0.082292