6 0.500000 0.094792 1.000000 0.102083
4 0.090741 0.094792 0.181481 0.102083
7 0.500000 0.175000 1.000000 0.058333
1 0.500000 0.235417 1.000000 0.058333
7 0.500000 0.350000 1.000000 0.166667
1 0.095833 0.307031 0.191667 0.044271
7 0.500000 0.464583 1.000000 0.058333
7 0.500000 0.541406 1.000000 0.091146
1 0.238889 0.541146 0.348148 0.063542
7 0.500000 0.634635 1.000000 0.091146
1 0.241204 0.634375 0.352778 0.063542
7 0.500000 0.727865 1.000000 0.091146
1 0.259259 0.727604 0.388889 0.063542
7 0.500000 0.821094 1.000000 0.091146
1 0.375000 0.821094 0.620370 0.091146
7 0.500000 0.897917 1.000000 0.058333
7 0.500000 0.964583 1.000000 0.070833
1 0.300000 0.971354 0.470370 0.057292