9 0.388889 0.521875 0.777778 0.956250
7 0.388889 0.088542 0.777778 0.089583
1 0.048611 0.087500 0.097222 0.087500
1 0.173148 0.087500 0.138889 0.087500
7 0.388889 0.178125 0.777778 0.089583
1 0.048611 0.177083 0.097222 0.087500
1 0.168519 0.177083 0.129630 0.087500
4 0.729167 0.176823 0.071296 0.040104
7 0.388889 0.267708 0.777778 0.089583
1 0.234259 0.266667 0.261111 0.087500
7 0.388889 0.357292 0.777778 0.089583
1 0.200926 0.356250 0.194444 0.087500
4 0.729167 0.355990 0.071296 0.040104
7 0.388889 0.446875 0.777778 0.089583
1 0.218056 0.445833 0.228704 0.087500
7 0.388889 0.536458 0.777778 0.089583
1 0.177778 0.535417 0.148148 0.087500
7 0.388889 0.626042 0.777778 0.089583
1 0.293981 0.625000 0.380556 0.087500
7 0.388889 0.715625 0.777778 0.089583
1 0.176389 0.714583 0.145370 0.087500
7 0.388889 0.805208 0.777778 0.089583
1 0.146296 0.804167 0.085185 0.087500
7 0.388889 0.894792 0.777778 0.089583
1 0.177778 0.893750 0.148148 0.087500
7 0.388889 0.969792 0.777778 0.060417
1 0.238889 0.969792 0.270370 0.060417
7 0.500000 0.607292 1.000000 0.707292
3 0.516204 0.578385 0.967593 0.638021
1 0.540741 0.731771 0.918519 0.088542
3 0.146296 0.623437 0.129630 0.072917
1 0.375000 0.623437 0.294444 0.072917
1 0.106481 0.851562 0.148148 0.088542
1 0.666667 0.851562 0.229630 0.045833
7 0.500000 0.980469 1.000000 0.039062
3 0.516204 0.983333 0.967593 0.033333
1 0.211574 0.989583 0.293519 0.020833
4 0.090741 0.094792 0.181481 0.102083
3 0.335648 0.098437 0.308333 0.109375
4 0.987963 0.083333 0.024074 0.067708
1 0.187963 0.189323 0.246296 0.030729
1 0.860185 0.189583 0.279630 0.072917