3 0.918981 0.089323 0.162037 0.091146
3 0.835648 0.089323 0.004630 0.091146
4 0.752315 0.089323 0.162037 0.091146
4 0.081019 0.089323 0.162037 0.091146
1 0.416667 0.089323 0.509259 0.091146
7 0.500000 0.270313 1.000000 0.269792
2 0.500000 0.171875 1.000000 0.072917
3 0.071296 0.171875 0.129630 0.072917
1 0.500000 0.224740 1.000000 0.032813
7 0.155093 0.323177 0.310185 0.164062
4 0.154630 0.310937 0.155556 0.087500
1 0.154630 0.373698 0.050000 0.032813
7 0.468056 0.323177 0.310185 0.164062
4 0.467593 0.310937 0.155556 0.087500
1 0.468056 0.373698 0.310185 0.032813
7 0.781019 0.323177 0.310185 0.164062
3 0.780556 0.310937 0.155556 0.087500
1 0.781019 0.373698 0.250926 0.032813
1 0.500000 0.422135 1.000000 0.032813
7 0.500000 0.490104 1.000000 0.102083
3 0.087500 0.489844 0.162037 0.091146
1 0.592593 0.465104 0.814815 0.052083
1 0.500000 0.558073 1.000000 0.032813
7 0.500000 0.626042 1.000000 0.102083
3 0.087500 0.625781 0.162037 0.091146
1 0.592593 0.601042 0.814815 0.052083
1 0.500000 0.694010 1.000000 0.032813
7 0.500000 0.761979 1.000000 0.102083
4 0.087500 0.761719 0.162037 0.091146
1 0.592593 0.736979 0.814815 0.052083