1 0.666204 0.063542 0.437963 0.039583
1 0.666204 0.103125 0.517593 0.045833
3 0.097222 0.089063 0.129630 0.072917
1 0.516204 0.157812 0.967593 0.045833
1 0.508333 0.206250 0.983333 0.032292
7 0.500000 0.313021 1.000000 0.118750
1 0.516204 0.276562 0.967593 0.045833
3 0.045370 0.335938 0.064815 0.036458
1 0.184722 0.335938 0.187963 0.034375
7 0.500000 0.410938 1.000000 0.072917
3 0.045370 0.410938 0.064815 0.036458
1 0.286574 0.410938 0.391667 0.034375
7 0.500000 0.485938 1.000000 0.072917
3 0.045370 0.485938 0.064815 0.036458
1 0.233796 0.485938 0.286111 0.034375
7 0.500000 0.560937 1.000000 0.072917
4 0.045370 0.560937 0.064815 0.036458
1 0.152778 0.560937 0.124074 0.034375
7 0.500000 0.635938 1.000000 0.072917
4 0.045370 0.635938 0.064815 0.036458
1 0.274074 0.635938 0.366667 0.034375
3 0.258333 0.916146 0.129630 0.072917
1 0.693981 0.934896 0.612037 0.073958