6 0.500000 0.087500 1.000000 0.087500
4 0.985185 0.087500 0.029630 0.087500
4 0.025926 0.087500 0.051852 0.045833
3 0.226389 0.087500 0.373148 0.058333
7 0.486111 0.250260 0.972222 0.233854
4 0.068056 0.171615 0.071296 0.040104
1 0.275926 0.171354 0.246296 0.039583
4 0.068056 0.250260 0.071296 0.040104
1 0.297685 0.250000 0.289815 0.039583
3 0.068056 0.328906 0.071296 0.040104
1 0.219907 0.328646 0.134259 0.039583
7 0.486111 0.509115 0.972222 0.283854
4 0.934722 0.614583 0.075000 0.058333
3 0.162037 0.447396 0.259259 0.123958
1 0.610648 0.452344 0.573148 0.133854
1 0.610648 0.539062 0.573148 0.039583
1 0.610648 0.595833 0.573148 0.073958
7 0.486111 0.701302 0.972222 0.100521
1 0.486111 0.701302 0.907407 0.100521
1 0.896296 0.701302 0.087037 0.048438
7 0.486111 0.801823 0.972222 0.100521
1 0.486111 0.801823 0.907407 0.100521
7 0.486111 0.902344 0.972222 0.100521
1 0.486111 0.902344 0.907407 0.100521
7 0.486111 0.976302 0.972222 0.047396
1 0.486111 0.976302 0.907407 0.047396
7 0.500000 0.197135 1.000000 0.127604
3 0.071296 0.197135 0.142593 0.091146
1 0.185648 0.196875 0.086111 0.039583