6 0.500000 0.094792 1.000000 0.102083
1 0.322222 0.094531 0.255556 0.048438
4 0.090741 0.094792 0.181481 0.102083
7 0.500000 0.159896 1.000000 0.028125
1 0.500000 0.207813 1.000000 0.063542
7 0.500000 0.307812 1.000000 0.132292
1 0.187963 0.290625 0.272222 0.039583
1 0.525926 0.327604 0.948148 0.034375
7 0.500000 0.442188 1.000000 0.132292
1 0.237500 0.425000 0.371296 0.039583
1 0.507407 0.461979 0.911111 0.034375
1 0.500000 0.542188 1.000000 0.063542
7 0.500000 0.642188 1.000000 0.132292
1 0.192130 0.625000 0.280556 0.039583
1 0.145833 0.661979 0.187963 0.034375
7 0.500000 0.776563 1.000000 0.132292
1 0.275000 0.759375 0.446296 0.039583
1 0.441667 0.796354 0.779630 0.034375
7 0.500000 0.910937 1.000000 0.132292
1 0.308333 0.893750 0.512963 0.039583
1 0.468519 0.930729 0.833333 0.034375
7 0.500000 0.989583 1.000000 0.020833