8 0.516204 0.582031 0.967593 0.835938
3 0.516204 0.364583 0.967593 0.401042
1 0.534259 0.471094 0.931481 0.044271
1 0.534259 0.515365 0.931481 0.044271
3 0.968981 0.655469 0.062037 0.136979
3 0.968981 0.814323 0.062037 0.136979
3 0.968981 0.952344 0.062037 0.095312
1 0.485185 0.619010 0.827778 0.064062
1 0.485185 0.683854 0.827778 0.054167
1 0.485185 0.777865 0.827778 0.064062
1 0.485185 0.842708 0.827778 0.054167
1 0.485185 0.936719 0.827778 0.064062
1 0.485185 0.987240 0.827778 0.025521
6 0.500000 0.094792 1.000000 0.102083
3 0.516204 0.094792 0.967593 0.065625