9 0.453704 0.521875 0.907407 0.956250
1 0.453704 0.087500 0.907407 0.087500
1 0.453704 0.175000 0.907407 0.087500
1 0.453704 0.262500 0.907407 0.087500
1 0.453704 0.350000 0.907407 0.087500
1 0.453704 0.437500 0.907407 0.087500
1 0.453704 0.525000 0.907407 0.087500
1 0.453704 0.629167 0.907407 0.087500
1 0.453704 0.716667 0.907407 0.087500
1 0.453704 0.804167 0.907407 0.087500
1 0.453704 0.891667 0.907407 0.087500
1 0.453704 0.983333 0.907407 0.033333
6 0.500000 0.094792 1.000000 0.102083
4 0.090741 0.094792 0.181481 0.102083
1 0.667130 0.094531 0.376852 0.044271
1 0.189352 0.566927 0.254630 0.042188
1 0.509722 0.858854 0.980556 0.102083
1 0.531019 0.309635 0.937963 0.042188
2 0.509722 0.352604 0.980556 0.071875
1 0.531019 0.415104 0.937963 0.053125
2 0.509722 0.463542 0.980556 0.071875
3 0.099074 0.742188 0.081481 0.045833
3 0.079630 0.648958 0.081481 0.045833
1 0.586111 0.742188 0.827778 0.039583
1 0.260185 0.628125 0.201852 0.034375
1 0.242593 0.666406 0.166667 0.042188