3 0.500000 0.500000 1.000000 1.000000
6 0.500000 0.094792 1.000000 0.102083
4 0.139352 0.094792 0.175000 0.102083
3 0.667130 0.094792 0.175000 0.102083
3 0.666667 0.164062 0.440741 0.036458
7 0.500000 0.591927 1.000000 0.435937
3 0.503704 0.588281 0.966667 0.406771
1 0.503704 0.763281 0.968519 0.071354
7 0.500000 0.904948 1.000000 0.190104
3 0.503704 0.910417 0.966667 0.179167
3 0.073148 0.259896 0.146296 0.228125
7 0.132870 0.278125 0.019444 0.191667
3 0.132870 0.278125 0.019444 0.191667
7 0.298148 0.278125 0.311111 0.191667
3 0.298148 0.278125 0.311111 0.191667
7 0.609259 0.278125 0.311111 0.191667
3 0.609259 0.278125 0.311111 0.191667
7 0.882407 0.278125 0.235185 0.191667
3 0.882407 0.278125 0.235185 0.191667