6 0.500000 0.094792 1.000000 0.102083
1 0.359722 0.094531 0.330556 0.048438
4 0.090741 0.094792 0.181481 0.102083
9 0.500000 0.189583 1.000000 0.087500
1 0.222222 0.189583 0.379630 0.039583
1 0.666204 0.189583 0.132407 0.039583
1 0.209722 0.282292 0.315741 0.039583
1 0.472222 0.368490 0.840741 0.050521
2 0.946296 0.368750 0.107407 0.088542
1 0.472222 0.460677 0.840741 0.050521
2 0.946296 0.460938 0.107407 0.088542
1 0.472222 0.552865 0.840741 0.050521
2 0.946296 0.553125 0.107407 0.088542
1 0.472222 0.645052 0.840741 0.050521
2 0.946296 0.645312 0.107407 0.088542
1 0.348611 0.756771 0.593519 0.039583
1 0.472222 0.824219 0.840741 0.050521
2 0.946296 0.824479 0.107407 0.088542
1 0.472222 0.916406 0.840741 0.050521
2 0.946296 0.916667 0.107407 0.088542
1 0.472222 0.991667 0.840741 0.016667
2 0.946296 0.982292 0.107407 0.035417