3 0.500000 0.149740 1.000000 0.211979
3 0.500000 0.149740 1.000000 0.211979
3 0.702315 0.149740 0.595370 0.211979
3 0.500000 0.149740 1.000000 0.211979
9 0.500000 0.209115 1.000000 0.089063
1 0.162500 0.209115 0.247222 0.089063
1 0.396296 0.209115 0.220370 0.089063
1 0.673611 0.209115 0.334259 0.089063
1 0.920370 0.209115 0.159259 0.089063
7 0.500000 0.569531 1.000000 0.627604
3 0.538889 0.520312 0.922222 0.441667
1 0.538889 0.790885 0.922222 0.041146
1 0.411111 0.832812 0.214815 0.028125
7 0.500000 0.941667 1.000000 0.116667
3 0.538889 0.963542 0.922222 0.072917
4 0.116667 0.118229 0.051852 0.029167
1 0.311111 0.118229 0.233333 0.035417
1 0.447222 0.118490 0.038889 0.034896
1 0.562963 0.118229 0.192593 0.035417
1 0.678704 0.118490 0.038889 0.034896
1 0.778241 0.118229 0.160185 0.035417