1 0.666667 0.044792 0.574074 0.057292
1 0.222222 0.135156 0.444444 0.083854
1 0.667130 0.135156 0.445370 0.083854
1 0.944907 0.135156 0.110185 0.083854
7 0.333333 0.332813 0.666667 0.292708
3 0.333333 0.308594 0.542593 0.244271
1 0.300463 0.454948 0.421296 0.048438
4 0.543519 0.454688 0.064815 0.028125
7 0.833333 0.332813 0.333333 0.292708
3 0.864352 0.308594 0.271296 0.244271
1 0.878241 0.454948 0.243519 0.048438
7 0.333333 0.661979 0.666667 0.292708
3 0.333333 0.637760 0.542593 0.244271
1 0.300463 0.784115 0.421296 0.048438
4 0.543519 0.783854 0.064815 0.028125
7 0.833333 0.661979 0.333333 0.292708
3 0.864352 0.637760 0.271296 0.244271
1 0.878241 0.784115 0.243519 0.048438
7 0.333333 0.922396 0.666667 0.155208
3 0.333333 0.922396 0.542593 0.155208
7 0.833333 0.922396 0.333333 0.155208
3 0.864352 0.922396 0.271296 0.155208