6 0.500000 0.094792 1.000000 0.102083
1 0.540278 0.094531 0.406481 0.048438
4 0.090741 0.094792 0.181481 0.102083
3 0.252778 0.094531 0.142593 0.064062
7 0.324074 0.183854 0.614815 0.076042
3 0.081481 0.183854 0.129630 0.072917
1 0.388889 0.183854 0.485185 0.076042
7 0.324074 0.261979 0.614815 0.076042
3 0.081481 0.261979 0.129630 0.072917
1 0.388889 0.261979 0.485185 0.076042
7 0.324074 0.340104 0.614815 0.076042
3 0.081481 0.340104 0.129630 0.072917
1 0.388889 0.340104 0.485185 0.076042
7 0.324074 0.418229 0.614815 0.076042
4 0.081481 0.418229 0.129630 0.072917
1 0.388889 0.418229 0.485185 0.076042
7 0.324074 0.496354 0.614815 0.076042
3 0.081481 0.496354 0.129630 0.072917
1 0.388889 0.496354 0.485185 0.076042
7 0.324074 0.574479 0.614815 0.076042
3 0.081481 0.574479 0.129630 0.072917
1 0.388889 0.574479 0.485185 0.076042
7 0.324074 0.652604 0.614815 0.076042
3 0.081481 0.652604 0.129630 0.072917
1 0.388889 0.652604 0.485185 0.076042
7 0.324074 0.730729 0.614815 0.076042
3 0.081481 0.730729 0.129630 0.072917
1 0.388889 0.730729 0.485185 0.076042
7 0.324074 0.808854 0.614815 0.076042
3 0.081481 0.808854 0.129630 0.072917
1 0.388889 0.808854 0.485185 0.076042
7 0.324074 0.886979 0.614815 0.076042
3 0.081481 0.886979 0.129630 0.072917
1 0.388889 0.886979 0.485185 0.076042
7 0.324074 0.963542 0.614815 0.072917
3 0.081481 0.964323 0.129630 0.071354
1 0.388889 0.963542 0.485185 0.072917
3 0.824074 0.572917 0.351852 0.854167
1 0.846759 0.185156 0.306481 0.042188
3 0.840278 0.213542 0.319444 0.014583
1 0.840278 0.535937 0.319444 0.039583
1 0.840278 0.821875 0.319444 0.045833
1 0.837037 0.895833 0.312963 0.045833
1 0.840278 0.969792 0.319444 0.045833
1 0.840278 0.476562 0.319444 0.041667
3 0.856481 0.341146 0.287037 0.221875
1 0.842130 0.733854 0.162037 0.062500
1 0.961574 0.733854 0.076852 0.062500