1 0.577778 0.089323 0.844444 0.044271
4 0.077778 0.089063 0.051852 0.029167
1 0.516204 0.191406 0.967593 0.076563
1 0.516204 0.590104 0.967593 0.220833
3 0.500000 0.867969 1.000000 0.002604
3 0.500000 0.962760 1.000000 0.002604
1 0.203241 0.276562 0.308333 0.039583
1 0.381019 0.276562 0.047222 0.039583
1 0.418981 0.276562 0.028704 0.039583
1 0.716667 0.276562 0.566667 0.039583
2 0.524537 0.350521 0.950926 0.072917
1 0.666667 0.442969 0.051852 0.036979
1 0.348148 0.773958 0.598148 0.079167
1 0.843056 0.773958 0.313889 0.079167
3 0.222222 0.915365 0.444444 0.092188
4 0.944444 0.915365 0.111111 0.092188
3 0.222222 0.982031 0.444444 0.035937
4 0.944444 0.982031 0.111111 0.035937
3 0.666667 0.915365 0.444444 0.092188
3 0.446759 0.915365 0.004630 0.092188
3 0.886574 0.915365 0.004630 0.092188
4 0.666667 0.982031 0.444444 0.035937
3 0.446759 0.982031 0.004630 0.035937
3 0.886574 0.982031 0.004630 0.035937