6 0.500000 0.094792 1.000000 0.102083
1 0.401852 0.094792 0.414815 0.048958
4 0.090741 0.094792 0.181481 0.102083
8 0.500000 0.189583 1.000000 0.087500
1 0.602315 0.189583 0.795370 0.034375
3 0.086111 0.189323 0.055556 0.031771
8 0.500000 0.604167 1.000000 0.126042
4 0.119907 0.603906 0.162037 0.042188
1 0.465741 0.575000 0.457407 0.034375
1 0.618519 0.621354 0.762963 0.058333
8 0.500000 0.748437 1.000000 0.126042
4 0.119907 0.748437 0.162037 0.037500
1 0.487963 0.719271 0.501852 0.034375
1 0.618519 0.765625 0.762963 0.058333
8 0.500000 0.878385 1.000000 0.097396
3 0.119907 0.878125 0.162037 0.039583
1 0.334722 0.863542 0.195370 0.034375
1 0.618519 0.895573 0.762963 0.029687
8 0.500000 0.972656 1.000000 0.054688
4 0.119907 0.995052 0.162037 0.009896
1 0.374074 0.979167 0.274074 0.034375
1 0.618519 0.998177 0.762963 0.003646
8 0.500000 0.387240 1.000000 0.271354
3 0.089352 0.311719 0.100926 0.064062
1 0.973148 0.311979 0.053704 0.087500
1 0.519444 0.433073 0.961111 0.077604
1 0.395370 0.296094 0.374074 0.029687
1 0.404630 0.331250 0.392593 0.040625