6 0.500000 0.094792 1.000000 0.102083
4 0.090741 0.094792 0.181481 0.102083
1 0.546759 0.094531 0.626852 0.048438
7 0.500000 0.288021 1.000000 0.102083
3 0.152315 0.288021 0.175000 0.087500
1 0.560648 0.278646 0.563889 0.039583
1 0.403241 0.313281 0.249074 0.029687
7 0.500000 0.392188 1.000000 0.102083
3 0.152315 0.392188 0.175000 0.087500
1 0.639352 0.382812 0.721296 0.039583
1 0.585185 0.417448 0.612963 0.029687
7 0.500000 0.496354 1.000000 0.102083
3 0.152315 0.496354 0.175000 0.087500
1 0.628241 0.486979 0.699074 0.039583
1 0.403241 0.521615 0.249074 0.029687
7 0.500000 0.600521 1.000000 0.102083
3 0.152315 0.600260 0.175000 0.034896
1 0.457407 0.591146 0.357407 0.039583
1 0.585185 0.625781 0.612963 0.029687
7 0.500000 0.704688 1.000000 0.102083
3 0.152315 0.704688 0.175000 0.087500
1 0.639352 0.695312 0.721296 0.039583
1 0.413426 0.729948 0.269444 0.029687
7 0.500000 0.808854 1.000000 0.102083
3 0.152315 0.808854 0.175000 0.069792
1 0.498148 0.799479 0.438889 0.039583
1 0.403241 0.834115 0.249074 0.029687
7 0.500000 0.913021 1.000000 0.102083
3 0.152315 0.912760 0.175000 0.047396
1 0.462037 0.903646 0.366667 0.039583
1 0.403241 0.938281 0.249074 0.029687
7 0.500000 0.983073 1.000000 0.033854
3 0.152315 0.998177 0.175000 0.003646
1 0.412500 0.994010 0.267593 0.011979