6 0.500000 0.087500 1.000000 0.087500
4 0.879630 0.087500 0.181481 0.087500
4 0.985185 0.087500 0.029630 0.087500
4 0.025926 0.087500 0.051852 0.029167
3 0.091667 0.087500 0.103704 0.058333
1 0.329167 0.087240 0.345370 0.044271
7 0.500000 0.530729 1.000000 0.798958
1 0.512963 0.298698 0.974074 0.053646
1 0.512963 0.356510 0.974074 0.061979
1 0.210185 0.790104 0.368519 0.039583
1 0.637500 0.790104 0.486111 0.039583
1 0.940278 0.790104 0.119444 0.039583
1 0.209259 0.871875 0.366667 0.087500
3 0.640741 0.871875 0.366667 0.087500
1 0.912037 0.871875 0.175926 0.087500
3 0.090741 0.189583 0.129630 0.072917
1 0.472222 0.189583 0.535185 0.039583
1 0.991667 0.189583 0.016667 0.087500
3 0.512963 0.569792 0.974074 0.364583
7 0.500000 0.978906 1.000000 0.042188
3 0.090741 0.989844 0.129630 0.020313
1 0.361111 0.998177 0.312963 0.003646
1 0.991667 0.986198 0.016667 0.027604