6 0.500000 0.051042 1.000000 0.102083
1 0.666667 0.050781 0.346296 0.028646
4 0.064352 0.036198 0.095370 0.053646
3 0.666667 0.171615 0.296296 0.155729
1 0.526852 0.281250 0.946296 0.040625
1 0.526852 0.324219 0.946296 0.036979
1 0.666667 0.309375 0.248148 0.034375
3 0.500000 0.193229 1.000000 0.182292
1 0.101389 0.386458 0.169444 0.067708
1 0.247222 0.386458 0.122222 0.067708
1 0.380556 0.386458 0.144444 0.067708
1 0.540278 0.386458 0.175000 0.067708
1 0.508333 0.507552 0.983333 0.136979
1 0.508333 0.653906 0.983333 0.136979
1 0.508333 0.800260 0.983333 0.136979
1 0.508333 0.939063 0.983333 0.121875