6 0.500000 0.094792 1.000000 0.102083
1 0.311574 0.094531 0.234259 0.048438
4 0.090741 0.094792 0.181481 0.102083
9 0.479630 0.572917 0.959259 0.854167
7 0.479630 0.196094 0.959259 0.100521
1 0.479630 0.196094 0.959259 0.100521
7 0.479630 0.298698 0.959259 0.100521
1 0.479630 0.298698 0.959259 0.100521
7 0.479630 0.401302 0.959259 0.100521
1 0.479630 0.401302 0.959259 0.100521
7 0.479630 0.503906 0.959259 0.100521
1 0.479630 0.503906 0.959259 0.100521
7 0.479630 0.606510 0.959259 0.100521
1 0.479630 0.606510 0.959259 0.100521
7 0.479630 0.709115 0.959259 0.100521
1 0.479630 0.709115 0.959259 0.100521
7 0.479630 0.811719 0.959259 0.100521
1 0.479630 0.811719 0.959259 0.100521
7 0.479630 0.914323 0.959259 0.100521
1 0.479630 0.914323 0.959259 0.100521
7 0.479630 0.983333 0.959259 0.033333
1 0.479630 0.983333 0.959259 0.033333
3 0.500000 0.470052 1.000000 0.358854
3 0.500000 0.833854 1.000000 0.332292
1 0.938889 0.218229 0.122222 0.087500
1 0.455093 0.240365 0.845370 0.064062
1 0.099537 0.186198 0.134259 0.044271
1 0.438889 0.186198 0.511111 0.044271