1 0.105556 0.087500 0.211111 0.087500
1 0.605556 0.087500 0.788889 0.034375
7 0.500000 0.167708 1.000000 0.072917
1 0.500000 0.167448 1.000000 0.055729
1 0.500000 0.232031 1.000000 0.053646
7 0.500000 0.287760 1.000000 0.055729
1 0.500000 0.287760 1.000000 0.055729
1 0.500000 0.343490 1.000000 0.053646
7 0.500000 0.399219 1.000000 0.055729
1 0.500000 0.399219 1.000000 0.055729
1 0.500000 0.454948 1.000000 0.053646
7 0.500000 0.510677 1.000000 0.055729
1 0.500000 0.510677 1.000000 0.055729
7 0.500000 0.567448 1.000000 0.055729
1 0.500000 0.567448 1.000000 0.055729
7 0.500000 0.624219 1.000000 0.055729
1 0.500000 0.624219 1.000000 0.055729
7 0.500000 0.680990 1.000000 0.055729
1 0.500000 0.680990 1.000000 0.055729
1 0.500000 0.736719 1.000000 0.053646
7 0.500000 0.792448 1.000000 0.055729
1 0.500000 0.792448 1.000000 0.055729
7 0.500000 0.849219 1.000000 0.055729
1 0.500000 0.849219 1.000000 0.055729
7 0.500000 0.905990 1.000000 0.055729
1 0.500000 0.905990 1.000000 0.055729
7 0.500000 0.962760 1.000000 0.055729
1 0.500000 0.962760 1.000000 0.055729
1 0.500000 0.995833 1.000000 0.008333