9 0.486111 0.500000 0.972222 1.000000
7 0.486111 0.102083 0.972222 0.087500
1 0.121296 0.102083 0.138889 0.039583
7 0.486111 0.191667 0.972222 0.087500
1 0.253241 0.191667 0.402778 0.039583
7 0.486111 0.281250 0.972222 0.087500
1 0.117130 0.281250 0.130556 0.039583
7 0.486111 0.370833 0.972222 0.087500
1 0.137037 0.370833 0.170370 0.039583
7 0.486111 0.460417 0.972222 0.087500
1 0.159259 0.460417 0.214815 0.039583
7 0.486111 0.550000 0.972222 0.087500
1 0.150000 0.550000 0.196296 0.039583
7 0.486111 0.639583 0.972222 0.087500
1 0.167130 0.639583 0.230556 0.039583
7 0.486111 0.729167 0.972222 0.087500
1 0.134259 0.729167 0.164815 0.039583
7 0.486111 0.811458 0.972222 0.072917
1 0.111574 0.811458 0.119444 0.032292
7 0.486111 0.886458 0.972222 0.072917
1 0.128241 0.886458 0.152778 0.032292
6 0.500000 0.094792 1.000000 0.102083
3 0.090741 0.094792 0.181481 0.102083
3 0.302315 0.094531 0.241667 0.097396
8 0.500000 0.446354 1.000000 0.563542
3 0.500000 0.446354 1.000000 0.563542
1 0.500000 0.600521 1.000000 0.255208
8 0.500000 0.873437 1.000000 0.253125
3 0.500000 0.873437 1.000000 0.253125
1 0.500000 0.873437 1.000000 0.253125
3 0.666204 0.979948 0.243519 0.040104