4 0.077778 0.087500 0.155556 0.087500
1 0.666667 0.088021 0.277778 0.088542
1 0.500000 0.311979 1.000000 0.065625
1 0.138889 0.158854 0.174074 0.034375
1 0.366667 0.158854 0.281481 0.034375
1 0.619444 0.158854 0.224074 0.034375
7 0.500000 0.417969 1.000000 0.144271
4 0.136111 0.417708 0.207407 0.116667
1 0.619907 0.417969 0.760185 0.036979
7 0.500000 0.563281 1.000000 0.144271
3 0.136111 0.563021 0.207407 0.116667
1 0.619907 0.563281 0.760185 0.036979
7 0.500000 0.708594 1.000000 0.144271
3 0.136111 0.708333 0.207407 0.116667
1 0.619907 0.708594 0.760185 0.036979
7 0.500000 0.853906 1.000000 0.144271
3 0.136111 0.853646 0.207407 0.116667
1 0.619907 0.853906 0.760185 0.036979
7 0.500000 0.963542 1.000000 0.072917
3 0.136111 0.970313 0.207407 0.059375
1 0.619907 0.990365 0.760185 0.019271
4 0.090741 0.230729 0.077778 0.043750
1 0.182870 0.230469 0.106481 0.029687
4 0.425000 0.230729 0.077778 0.043750
1 0.527778 0.230469 0.127778 0.029687