6 0.500000 0.094792 1.000000 0.102083
1 0.347222 0.094531 0.305556 0.048438
4 0.090741 0.094792 0.181481 0.102083
4 0.666667 0.817969 0.324074 0.018229
7 0.133796 0.462760 0.267593 0.633854
8 0.120833 0.455469 0.241667 0.590104
3 0.116204 0.455469 0.232407 0.576562
3 0.116204 0.455469 0.232407 0.576562
7 0.633796 0.462760 0.732407 0.633854
8 0.646759 0.455469 0.706481 0.590104
3 0.651389 0.455469 0.697222 0.576562
3 0.651389 0.455469 0.697222 0.576562
9 0.500000 0.900000 1.000000 0.087500
1 0.666667 0.900000 0.444444 0.087500
1 0.221759 0.900000 0.139815 0.034375
1 0.990741 0.900000 0.018519 0.034375