6 0.500000 0.094792 1.000000 0.102083
1 0.347222 0.094531 0.305556 0.048438
4 0.090741 0.094792 0.181481 0.102083
4 0.666667 0.817969 0.324074 0.018229
7 0.133333 0.462760 0.266667 0.633854
8 0.120370 0.455469 0.240741 0.590104
3 0.115741 0.455469 0.231481 0.576562
3 0.115741 0.455469 0.231481 0.576562
7 0.633333 0.462760 0.733333 0.633854
8 0.646296 0.455469 0.707407 0.590104
3 0.650926 0.455469 0.698148 0.576562
3 0.650926 0.455469 0.698148 0.576562
9 0.500000 0.900000 1.000000 0.087500
1 0.666667 0.900000 0.444444 0.087500
4 0.366667 0.900000 0.077778 0.043750
1 0.183333 0.895312 0.288889 0.034375
1 0.963889 0.900000 0.072222 0.034375
7 0.165278 0.971875 0.330556 0.056250
3 0.165278 0.971875 0.330556 0.056250
7 0.499537 0.971875 0.330556 0.056250
3 0.499537 0.971875 0.330556 0.056250
7 0.833796 0.971875 0.330556 0.056250
3 0.833796 0.971875 0.330556 0.056250