1 0.590741 0.094792 0.818519 0.102083
8 0.512963 0.364583 0.974074 0.422917
1 0.512963 0.204167 0.974074 0.072917
1 0.512963 0.521354 0.974074 0.080208
1 0.538889 0.280729 0.922222 0.080208
1 0.538889 0.360938 0.922222 0.080208
1 0.538889 0.441146 0.922222 0.080208
1 0.914815 0.280729 0.170370 0.080208
1 0.957407 0.360938 0.085185 0.058333
1 0.961574 0.441146 0.076852 0.058333
8 0.512963 0.721875 0.974074 0.262500
1 0.512963 0.641667 0.974074 0.072917
1 0.512963 0.718229 0.974074 0.080208
1 0.538889 0.798438 0.922222 0.080208