9 0.405093 0.567448 0.810185 0.865104
7 0.405093 0.176042 0.810185 0.082292
3 0.100926 0.175000 0.077778 0.043750
1 0.332870 0.175000 0.191667 0.039583
7 0.405093 0.257812 0.810185 0.082292
4 0.100926 0.256771 0.077778 0.043750
1 0.294444 0.256771 0.114815 0.039583
7 0.405093 0.339583 0.810185 0.082292
3 0.100926 0.338542 0.077778 0.043750
1 0.285648 0.338542 0.097222 0.039583
7 0.405093 0.421354 0.810185 0.082292
3 0.100926 0.420312 0.077778 0.043750
1 0.348148 0.420312 0.222222 0.039583
7 0.405093 0.503125 0.810185 0.082292
3 0.100926 0.502083 0.077778 0.043750
1 0.326852 0.502083 0.179630 0.039583
7 0.405093 0.584896 0.810185 0.082292
3 0.100926 0.583854 0.077778 0.043750
1 0.335185 0.583854 0.196296 0.039583
7 0.405093 0.666667 0.810185 0.082292
4 0.100926 0.665625 0.077778 0.043750
1 0.350463 0.665625 0.226852 0.039583
7 0.405093 0.748437 0.810185 0.082292
3 0.100926 0.747396 0.077778 0.043750
1 0.455556 0.747396 0.437037 0.039583
7 0.405093 0.830208 0.810185 0.082292
3 0.100926 0.829167 0.077778 0.043750
1 0.400463 0.829167 0.326852 0.039583
7 0.405093 0.911979 0.810185 0.082292
3 0.100926 0.910937 0.077778 0.043750
1 0.394907 0.910937 0.315741 0.039583
7 0.405093 0.976302 0.810185 0.047396
4 0.100926 0.985417 0.077778 0.029167
1 0.290278 0.986458 0.106481 0.027083
4 0.090741 0.089063 0.077778 0.043750
1 0.223611 0.089063 0.187963 0.046875
1 0.990741 0.089323 0.018519 0.091146
7 0.500000 0.167708 1.000000 0.065625
1 0.163889 0.167448 0.262963 0.044271
1 0.938426 0.167708 0.123148 0.046875