6 0.500000 0.189583 1.000000 0.204167
1 0.630556 0.189062 0.327778 0.096875
4 0.181481 0.189583 0.362963 0.204167
9 0.500000 0.647917 1.000000 0.704167
7 0.500000 0.470833 1.000000 0.175000
3 0.285185 0.470833 0.362963 0.175000
1 0.733333 0.470833 0.533333 0.068750
7 0.500000 0.589583 1.000000 0.062500
7 0.500000 0.708333 1.000000 0.175000
3 0.285185 0.708333 0.362963 0.175000
1 0.733333 0.708333 0.533333 0.068750
7 0.500000 0.827083 1.000000 0.062500
1 0.500000 0.929167 1.000000 0.141667
9 0.500000 0.383854 1.000000 0.176042
1 0.077778 0.383854 0.155556 0.176042
1 0.479630 0.383854 0.648148 0.176042
1 0.901852 0.383854 0.196296 0.176042
3 0.500000 0.678125 1.000000 0.412500
1 0.500000 0.953646 1.000000 0.092708
1 0.920370 0.817187 0.159259 0.180208