6 0.500000 0.094792 1.000000 0.102083
1 0.341667 0.094531 0.216667 0.044271
4 0.090741 0.094792 0.181481 0.102083
7 0.516204 0.211979 0.967593 0.132292
3 0.111111 0.206771 0.077778 0.043750
1 0.540278 0.186979 0.547222 0.044792
1 0.545833 0.229167 0.558333 0.039583
1 0.516204 0.329688 0.967593 0.103125
7 0.516204 0.432812 0.967593 0.103125
4 0.111111 0.432812 0.077778 0.043750
1 0.316204 0.432812 0.099074 0.044792
1 0.516204 0.572917 0.967593 0.177083
7 0.516204 0.750000 0.967593 0.177083
4 0.111111 0.750000 0.077778 0.043750
1 0.432407 0.713021 0.331481 0.044792
1 0.517593 0.772396 0.501852 0.073958
1 0.516204 0.919271 0.967593 0.161458