9 0.500000 0.175000 1.000000 0.087500
1 0.130093 0.173177 0.260185 0.083854
1 0.477315 0.173177 0.434259 0.083854
1 0.824074 0.173177 0.259259 0.083854
1 0.976852 0.173177 0.046296 0.083854
1 0.222685 0.094792 0.445370 0.102083
1 0.538889 0.816667 0.922222 0.092708
1 0.538889 0.911458 0.922222 0.092708
1 0.538889 0.979948 0.922222 0.040104
1 0.666204 0.299219 0.265741 0.044271
1 0.538889 0.367708 0.922222 0.092708
1 0.666667 0.614844 0.179630 0.044271
1 0.538889 0.526042 0.922222 0.034375
1 0.269444 0.709896 0.383333 0.087500
1 0.666204 0.709896 0.384259 0.087500
1 0.935648 0.709896 0.128704 0.087500
3 0.555093 0.452344 0.889815 0.076563