9 0.500000 0.175000 1.000000 0.087500
1 0.130093 0.173177 0.260185 0.083854
1 0.477315 0.173177 0.434259 0.083854
1 0.824074 0.173177 0.259259 0.083854
1 0.976852 0.173177 0.046296 0.083854
1 0.222685 0.094792 0.445370 0.102083
1 0.538889 0.306250 0.922222 0.087500
1 0.538889 0.831771 0.922222 0.058333
1 0.538889 0.921354 0.922222 0.058333
1 0.538889 0.990885 0.922222 0.018229
1 0.666204 0.469271 0.445370 0.087500
1 0.339352 0.551823 0.471296 0.044271
1 0.787500 0.551562 0.425000 0.043750
1 0.551852 0.754167 0.896296 0.034375
1 0.231019 0.388802 0.254630 0.044271
1 0.679167 0.388542 0.641667 0.043750
1 0.212037 0.627344 0.216667 0.044271
1 0.283796 0.693229 0.360185 0.087500