9 0.500000 0.175000 1.000000 0.087500
1 0.081019 0.173177 0.162037 0.083854
1 0.291667 0.173177 0.259259 0.083854
1 0.710648 0.173177 0.578704 0.083854
1 0.222685 0.094792 0.445370 0.102083
1 0.538889 0.932813 0.922222 0.058333
1 0.538889 0.996615 0.922222 0.006771
1 0.666204 0.291927 0.541667 0.058854
1 0.538889 0.365104 0.922222 0.058333
1 0.538889 0.452604 0.922222 0.058333
1 0.538889 0.540104 0.922222 0.058333
1 0.538889 0.661198 0.922222 0.096354
1 0.599074 0.770052 0.801852 0.058854
1 0.538889 0.843229 0.922222 0.087500