6 0.500000 0.094792 1.000000 0.102083
1 0.176389 0.094531 0.249074 0.048438
9 0.500000 0.189583 1.000000 0.087500
4 0.133333 0.189583 0.103704 0.058333
4 0.400000 0.189583 0.103704 0.058333
4 0.666667 0.189583 0.103704 0.058333
3 0.933333 0.189583 0.103704 0.058333
8 0.508333 0.344792 0.983333 0.222917
1 0.534259 0.257292 0.931481 0.047917
1 0.534259 0.317969 0.931481 0.036979
1 0.986111 0.391927 0.027778 0.055729
8 0.508333 0.683333 0.983333 0.358333
1 0.534259 0.630990 0.931481 0.048438
1 0.534259 0.708073 0.931481 0.069271
1 0.986111 0.798177 0.027778 0.055729
3 0.109259 0.556250 0.081481 0.045833
5 0.591204 0.555990 0.817593 0.044271
1 0.591204 0.555990 0.817593 0.044271
8 0.508333 0.955208 0.983333 0.089583
3 0.122222 0.970573 0.146296 0.058854
1 0.613889 0.963802 0.772222 0.048438
1 0.613889 0.994010 0.772222 0.011979