9 0.500000 0.521875 1.000000 0.956250
6 0.500000 0.094792 1.000000 0.102083
1 0.666667 0.094531 0.544444 0.035937
3 0.090741 0.094792 0.181481 0.102083
3 0.549074 0.634896 0.901852 0.730208
1 0.666667 0.967187 0.455556 0.065625
3 0.486111 0.187500 0.518519 0.214583
7 0.486111 0.389583 0.972222 0.116667
3 0.087963 0.389583 0.077778 0.043750
1 0.549537 0.389583 0.747222 0.116667
7 0.486111 0.506250 0.972222 0.116667
4 0.087963 0.506250 0.077778 0.043750
1 0.549537 0.506250 0.747222 0.116667
7 0.486111 0.622917 0.972222 0.116667
3 0.087963 0.622917 0.077778 0.043750
1 0.549537 0.622917 0.747222 0.116667
7 0.486111 0.739583 0.972222 0.116667
4 0.087963 0.739583 0.077778 0.043750
1 0.549537 0.739583 0.747222 0.116667
7 0.486111 0.856250 0.972222 0.116667
4 0.087963 0.856250 0.077778 0.043750
1 0.549537 0.856250 0.747222 0.116667
7 0.486111 0.957292 0.972222 0.085417
4 0.087963 0.972917 0.077778 0.043750
1 0.549537 0.957292 0.747222 0.085417