9 0.500000 0.500000 1.000000 1.000000
1 0.500000 0.816667 1.000000 0.175000
1 0.500000 0.983333 1.000000 0.033333
1 0.500000 0.350000 1.000000 0.493750
3 0.181481 0.189583 0.362963 0.204167
1 0.681481 0.189583 0.637037 0.187500
2 0.500000 0.625521 1.000000 0.194792
7 0.336111 0.862500 0.657407 0.275000
3 0.336111 0.862500 0.657407 0.275000
7 0.836111 0.862500 0.327778 0.275000
3 0.836111 0.862500 0.327778 0.275000
1 0.213889 0.409896 0.220370 0.119792
1 0.511111 0.409896 0.270370 0.119792
1 0.849074 0.409896 0.301852 0.119792