6 0.500000 0.087500 1.000000 0.087500
4 0.025926 0.087500 0.051852 0.087500
4 0.025926 0.087500 0.051852 0.029167
4 0.879630 0.087500 0.181481 0.087500
4 0.879630 0.087500 0.181481 0.087500
4 0.879630 0.087500 0.181481 0.087500
4 0.985185 0.087500 0.029630 0.087500
1 0.203241 0.087240 0.302778 0.042188
3 0.666667 0.671354 0.233333 0.131250
1 0.500000 0.176563 1.000000 0.034375
7 0.500000 0.282552 1.000000 0.120313
1 0.516204 0.282292 0.967593 0.034375
7 0.500000 0.403906 1.000000 0.120313
1 0.516204 0.403646 0.967593 0.034375
7 0.500000 0.525260 1.000000 0.120313
1 0.516204 0.525000 0.967593 0.034375
7 0.500000 0.646615 1.000000 0.120313
1 0.516204 0.646354 0.967593 0.034375
7 0.500000 0.767969 1.000000 0.120313
1 0.516204 0.767708 0.967593 0.034375
7 0.500000 0.889323 1.000000 0.120313
1 0.516204 0.889062 0.967593 0.034375
7 0.500000 0.975260 1.000000 0.049479
1 0.516204 0.996615 0.967593 0.006771