6 0.500000 0.084896 1.000000 0.082292
3 0.120370 0.084896 0.155556 0.082292
3 0.121759 0.500000 0.243519 1.000000
4 0.166667 0.151042 0.090741 0.036458
3 0.500000 0.151042 0.090741 0.036458
3 0.833333 0.151042 0.090741 0.036458
7 0.500000 0.278906 1.000000 0.184896
3 0.500000 0.278906 1.000000 0.184896
3 0.240278 0.318490 0.058333 0.032813
3 0.240278 0.349740 0.006481 0.043229
4 0.239815 0.236458 0.168519 0.094792
1 0.434722 0.303385 0.247222 0.029687
1 0.449074 0.332552 0.275926 0.029687
7 0.500000 0.427083 1.000000 0.109375
4 0.097222 0.427083 0.129630 0.072917
3 0.239815 0.429167 0.090741 0.051042
2 0.660648 0.429427 0.678704 0.029687
7 0.500000 0.536979 1.000000 0.109375
4 0.097222 0.536979 0.129630 0.072917
3 0.239815 0.539062 0.090741 0.051042
2 0.660648 0.528385 0.678704 0.029687
2 0.660648 0.558073 0.678704 0.029687
7 0.500000 0.692448 1.000000 0.200521
4 0.097222 0.646875 0.129630 0.072917
4 0.239815 0.648958 0.090741 0.051042
3 0.651389 0.745052 0.697222 0.054688
2 0.660648 0.638281 0.678704 0.029687
2 0.660648 0.680729 0.678704 0.055208
7 0.500000 0.893490 1.000000 0.200521
4 0.097222 0.847917 0.129630 0.072917
4 0.239815 0.850000 0.090741 0.051042
3 0.651389 0.946094 0.697222 0.054688
2 0.660648 0.839323 0.678704 0.029687
2 0.660648 0.881771 0.678704 0.055208
7 0.500000 0.997135 1.000000 0.005729