6 0.500000 0.094792 1.000000 0.102083
4 0.090741 0.094792 0.181481 0.102083
9 0.388889 0.572917 0.777778 0.854167
4 0.113426 0.209635 0.162037 0.091146
7 0.388889 0.312500 0.777778 0.078125
3 0.051852 0.312500 0.077778 0.043750
1 0.342593 0.312500 0.477778 0.048958
7 0.388889 0.392708 0.777778 0.078125
4 0.051852 0.392708 0.077778 0.043750
1 0.157870 0.392708 0.108333 0.048958
7 0.388889 0.472917 0.777778 0.078125
4 0.051852 0.472917 0.077778 0.043750
1 0.192130 0.472917 0.176852 0.048958
7 0.388889 0.553125 0.777778 0.078125
3 0.051852 0.553125 0.077778 0.043750
1 0.226389 0.553125 0.245370 0.048958
7 0.388889 0.633333 0.777778 0.078125
4 0.051852 0.633333 0.077778 0.043750
1 0.199074 0.633333 0.190741 0.048958
7 0.388889 0.713542 0.777778 0.078125
4 0.051852 0.713542 0.077778 0.043750
1 0.187037 0.713542 0.166667 0.048958
1 0.579167 0.607552 0.841667 0.060937
1 0.644907 0.726302 0.710185 0.067187