3 0.500000 0.233333 1.000000 0.466667
6 0.500000 0.051042 1.000000 0.102083
4 0.090741 0.051042 0.181481 0.102083
8 0.512963 0.615365 0.974074 0.297396
3 0.516204 0.761198 0.967593 0.005729
1 0.264815 0.483854 0.322222 0.034375
4 0.218519 0.555729 0.116667 0.065625
1 0.307870 0.555729 0.049074 0.034375
3 0.571296 0.555729 0.116667 0.065625
1 0.660648 0.555729 0.049074 0.034375
3 0.945370 0.555729 0.109259 0.065625
3 0.218519 0.635938 0.116667 0.065625
1 0.385185 0.635938 0.203704 0.034375
3 0.571296 0.635938 0.116667 0.065625
1 0.750463 0.635938 0.228704 0.034375
3 0.945370 0.635938 0.109259 0.065625
4 0.218519 0.716146 0.116667 0.065625
1 0.314815 0.716146 0.062963 0.034375
3 0.571296 0.716146 0.116667 0.065625
1 0.714352 0.716146 0.156481 0.034375
8 0.512963 0.882292 0.974074 0.178125
1 0.363889 0.810417 0.520370 0.034375
3 0.272222 0.864062 0.077778 0.043750
1 0.453241 0.864062 0.258333 0.034375
3 0.673148 0.864062 0.077778 0.043750
1 0.862500 0.864062 0.275000 0.034375
1 0.075926 0.917708 0.100000 0.034375
1 0.175926 0.917708 0.100000 0.034375
1 0.275926 0.917708 0.100000 0.034375
1 0.375926 0.917708 0.100000 0.034375
1 0.476389 0.917708 0.100926 0.034375
1 0.576852 0.917708 0.100000 0.034375
1 0.677315 0.917708 0.100926 0.034375
1 0.777778 0.917708 0.100000 0.034375
1 0.878241 0.917708 0.100926 0.034375
1 0.964352 0.917708 0.071296 0.034375
1 0.075926 0.954167 0.100000 0.034375
1 0.175926 0.954167 0.100000 0.034375
1 0.275926 0.954167 0.100000 0.034375
1 0.375926 0.954167 0.100000 0.034375
1 0.476389 0.954167 0.100926 0.034375
1 0.576852 0.954167 0.100000 0.034375
1 0.677315 0.954167 0.100926 0.034375
1 0.777778 0.954167 0.100000 0.034375
1 0.878241 0.954167 0.100926 0.034375
1 0.964352 0.954167 0.071296 0.034375