1 0.500000 0.102083 0.351852 0.116667
1 0.995370 0.102083 0.009259 0.116667
4 0.166667 0.083854 0.103704 0.058333
1 0.166667 0.133854 0.185185 0.034375
4 0.833333 0.083854 0.103704 0.058333
1 0.833333 0.133854 0.144444 0.034375
1 0.666204 0.711979 0.541667 0.053125
1 0.521759 0.268229 0.289815 0.053125
1 0.550000 0.321354 0.233333 0.053125
1 0.555556 0.374479 0.222222 0.053125
1 0.599537 0.427604 0.134259 0.053125
1 0.603704 0.480729 0.125926 0.053125
1 0.560648 0.533854 0.212037 0.053125
1 0.559722 0.586979 0.213889 0.053125
1 0.493981 0.640104 0.345370 0.053125
1 0.517593 0.767188 0.244444 0.053125
1 0.708333 0.767188 0.072222 0.053125
1 0.517593 0.820312 0.244444 0.053125
1 0.708333 0.820312 0.072222 0.053125
1 0.517593 0.873437 0.244444 0.053125
1 0.708333 0.873437 0.072222 0.053125