1 0.500000 0.308073 1.000000 0.346354
1 0.190741 0.086458 0.381481 0.085417
1 0.666667 0.089323 0.570370 0.091146
3 0.503241 0.512500 0.993519 0.082292
3 0.210648 0.405208 0.336111 0.076042
1 0.500000 0.512500 0.157407 0.082292
1 0.815278 0.512500 0.193519 0.082292
3 0.094907 0.185156 0.189815 0.100521
3 0.284722 0.185156 0.189815 0.100521
3 0.475000 0.185156 0.190741 0.100521
3 0.665741 0.185156 0.190741 0.100521
3 0.856481 0.185156 0.190741 0.100521
3 0.975926 0.185156 0.048148 0.100521
1 0.246759 0.410677 0.213889 0.044271
1 0.094907 0.150781 0.189815 0.031771
3 0.094907 0.201042 0.189815 0.068750
1 0.284722 0.150781 0.189815 0.031771
3 0.284722 0.201042 0.189815 0.068750
1 0.475000 0.150781 0.190741 0.031771
3 0.475000 0.201042 0.190741 0.068750
1 0.665741 0.150781 0.190741 0.031771
4 0.665741 0.201042 0.190741 0.068750
1 0.856481 0.150781 0.190741 0.031771
3 0.856481 0.201042 0.190741 0.068750
1 0.975926 0.150781 0.048148 0.031771
3 0.975926 0.201042 0.048148 0.068750
1 0.184722 0.296354 0.186111 0.039583
3 0.646296 0.410677 0.437037 0.091146
3 0.932407 0.410677 0.135185 0.091146
1 0.861111 0.405208 0.107407 0.057292
1 0.965741 0.405208 0.068519 0.039583