7 0.500000 0.437500 1.000000 0.437500
1 0.500000 0.571354 1.000000 0.078125
8 0.301852 0.374219 0.518519 0.296354
1 0.301852 0.402083 0.466667 0.034375
1 0.301852 0.434115 0.466667 0.029687
3 0.171296 0.298177 0.257407 0.144271
1 0.211111 0.485938 0.285185 0.072917
3 0.432407 0.261458 0.257407 0.070833
4 0.432407 0.334635 0.257407 0.071354
8 0.797222 0.374219 0.405556 0.296354
1 0.810185 0.402083 0.379630 0.034375
1 0.810185 0.434115 0.379630 0.029687
3 0.723148 0.298177 0.257407 0.144271
1 0.762963 0.485938 0.285185 0.072917
3 0.927778 0.261458 0.144444 0.070833
3 0.927778 0.334635 0.144444 0.071354
7 0.500000 0.810677 1.000000 0.308854
3 0.337500 0.815365 0.641667 0.299479
3 0.837500 0.815365 0.325000 0.299479
7 0.500000 0.982552 1.000000 0.034896
3 0.337500 0.987240 0.641667 0.025521
3 0.837500 0.987240 0.325000 0.025521
8 0.512963 0.108854 0.974074 0.101042
4 0.125926 0.108854 0.155556 0.087500
1 0.634259 0.108854 0.731481 0.087500