9 0.500000 0.521875 1.000000 0.956250
6 0.500000 0.094792 1.000000 0.102083
1 0.426389 0.094531 0.386111 0.048438
3 0.090741 0.094792 0.181481 0.102083
9 0.500000 0.189583 1.000000 0.087500
1 0.084259 0.189583 0.168519 0.087500
1 0.369444 0.189583 0.401852 0.087500
1 0.785185 0.189583 0.429630 0.087500
7 0.500000 0.179688 1.000000 0.271875
3 0.500000 0.171354 1.000000 0.255208
3 0.155556 0.131250 0.207407 0.116667
4 0.738889 0.109375 0.129630 0.072917
3 0.920370 0.109375 0.129630 0.072917
3 0.946296 0.247917 0.077778 0.043750
1 0.512037 0.229427 0.790741 0.036979
1 0.512037 0.266406 0.790741 0.036979
7 0.500000 0.358854 1.000000 0.087500
1 0.518519 0.358854 0.933333 0.087500
7 0.500000 0.445833 1.000000 0.087500
1 0.518519 0.445833 0.933333 0.087500
7 0.500000 0.532813 1.000000 0.087500
1 0.518519 0.532813 0.933333 0.087500
7 0.500000 0.619792 1.000000 0.087500
1 0.518519 0.619792 0.933333 0.087500
7 0.500000 0.706771 1.000000 0.087500
1 0.518519 0.706771 0.933333 0.087500
7 0.500000 0.793750 1.000000 0.087500
1 0.518519 0.793750 0.933333 0.087500
7 0.500000 0.880729 1.000000 0.087500
1 0.518519 0.880729 0.933333 0.087500
7 0.500000 0.961979 1.000000 0.076042
1 0.518519 0.961979 0.933333 0.076042
1 0.516204 0.268750 0.967593 0.034375
1 0.349537 0.337240 0.634259 0.029687
1 0.349537 0.385156 0.634259 0.029687
1 0.349537 0.433073 0.634259 0.029687
1 0.349537 0.480990 0.634259 0.029687
1 0.349537 0.528906 0.634259 0.029687
1 0.349537 0.576823 0.634259 0.029687
1 0.349537 0.624740 0.634259 0.029687
1 0.349537 0.672656 0.634259 0.029687
1 0.849537 0.337240 0.300926 0.029687
1 0.849537 0.385156 0.300926 0.029687
1 0.849537 0.433073 0.300926 0.029687
1 0.849537 0.480990 0.300926 0.029687
1 0.849537 0.528906 0.300926 0.029687
1 0.849537 0.576823 0.300926 0.029687
1 0.849537 0.624740 0.300926 0.029687
1 0.849537 0.672656 0.300926 0.029687