1 0.571296 0.040104 0.857407 0.080208
4 0.070833 0.039844 0.071296 0.040104
7 0.500000 0.102604 1.000000 0.044792
3 0.178704 0.096875 0.324074 0.033333
7 0.500000 0.226042 1.000000 0.203125
1 0.687037 0.224740 0.625926 0.058854
3 0.178704 0.225000 0.324074 0.182292
7 0.500000 0.428646 1.000000 0.203125
1 0.687037 0.427344 0.625926 0.058854
3 0.178704 0.427604 0.324074 0.182292
7 0.500000 0.631250 1.000000 0.203125
1 0.687037 0.629948 0.625926 0.058854
3 0.178704 0.630208 0.324074 0.182292
7 0.500000 0.833854 1.000000 0.203125
1 0.687037 0.832812 0.625926 0.096875
3 0.178704 0.832812 0.324074 0.182292
7 0.500000 0.967448 1.000000 0.065104
3 0.178704 0.972135 0.324074 0.055729