6 0.500000 0.189583 1.000000 0.204167
1 0.733333 0.189583 0.533333 0.087500
4 0.181481 0.189583 0.362963 0.204167
9 0.500000 0.379167 1.000000 0.175000
1 0.035185 0.379167 0.070370 0.064583
1 0.399074 0.379167 0.275926 0.064583
1 0.863889 0.379167 0.272222 0.064583
7 0.500000 0.733333 1.000000 0.533333
4 0.190741 0.667708 0.174074 0.097917
1 0.436111 0.666146 0.109259 0.109375
1 0.189815 0.760417 0.190741 0.058333
1 0.964815 0.771875 0.070370 0.054167
1 0.500000 0.516667 1.000000 0.100000
3 0.190741 0.934375 0.174074 0.097917
1 0.436111 0.932813 0.109259 0.109375