9 0.500000 0.500000 1.000000 1.000000
1 0.500000 0.301042 1.000000 0.427083
7 0.500000 0.602083 1.000000 0.175000
3 0.207407 0.602083 0.207407 0.116667
1 0.733333 0.602083 0.533333 0.068750
7 0.500000 0.777083 1.000000 0.175000
4 0.207407 0.777083 0.207407 0.116667
1 0.733333 0.777083 0.533333 0.068750
7 0.500000 0.932292 1.000000 0.135417
3 0.207407 0.946875 0.207407 0.106250
1 0.733333 0.952083 0.533333 0.068750
6 0.500000 0.175000 1.000000 0.175000
3 0.025926 0.175000 0.051852 0.175000
3 0.207407 0.175000 0.207407 0.175000
1 0.576852 0.175000 0.427778 0.083333
1 0.529630 0.982292 0.940741 0.035417
1 0.939815 0.874479 0.120370 0.107292