6 0.500000 0.189583 1.000000 0.204167
1 0.694444 0.189062 0.611111 0.096875
4 0.181481 0.189583 0.362963 0.204167
9 0.500000 0.645833 1.000000 0.708333
7 0.500000 0.386458 1.000000 0.189583
4 0.168519 0.386458 0.207407 0.116667
1 0.557407 0.385937 0.440741 0.096875
7 0.500000 0.576042 1.000000 0.189583
4 0.168519 0.576042 0.207407 0.116667
1 0.463889 0.575521 0.253704 0.096875
1 0.500000 0.765625 1.000000 0.189583
7 0.500000 0.437500 1.000000 0.291667
3 0.259259 0.437500 0.518519 0.291667
1 0.759259 0.436979 0.481481 0.165625