9 0.500000 0.500000 1.000000 1.000000
4 0.298148 0.255208 0.388889 0.218750
7 0.500000 0.510417 1.000000 0.175000
4 0.220370 0.510417 0.233333 0.175000
1 0.632407 0.510417 0.383333 0.079167
7 0.500000 0.684375 1.000000 0.175000
4 0.220370 0.684375 0.233333 0.175000
1 0.631481 0.684375 0.381481 0.079167
7 0.500000 0.858333 1.000000 0.175000
4 0.220370 0.858333 0.233333 0.175000
1 0.609259 0.858333 0.337037 0.079167
7 0.500000 0.972396 1.000000 0.055208
4 0.220370 0.972396 0.233333 0.055208
1 0.602778 0.996354 0.324074 0.007292
1 0.798148 0.254688 0.403704 0.076042
8 0.525926 0.706250 0.948148 0.587500
1 0.525926 0.591667 0.948148 0.175000
3 0.525926 0.839583 0.948148 0.320833
6 0.500000 0.192708 1.000000 0.204167
1 0.681481 0.192188 0.637037 0.096875
3 0.181481 0.192708 0.362963 0.204167