7 0.500000 0.170573 1.000000 0.056771
1 0.500000 0.170573 1.000000 0.056771
7 0.500000 0.243490 1.000000 0.081771
4 0.068056 0.243490 0.136111 0.081771
1 0.366667 0.243229 0.479630 0.072917
7 0.500000 0.383333 1.000000 0.190625
1 0.500000 0.333594 1.000000 0.091146
1 0.516204 0.428906 0.967593 0.063021
7 0.500000 0.523177 1.000000 0.081771
4 0.068056 0.523177 0.136111 0.081771
1 0.329167 0.522917 0.404630 0.072917
7 0.500000 0.608594 1.000000 0.081771
4 0.068056 0.608594 0.136111 0.081771
1 0.414815 0.608333 0.575926 0.072917
7 0.500000 0.826562 1.000000 0.346875
3 0.500000 0.826562 1.000000 0.346875
3 0.666667 0.949479 0.081481 0.045833
3 0.055556 0.092708 0.064815 0.036458
1 0.542593 0.092969 0.914815 0.091146