6 0.500000 0.094792 1.000000 0.102083
3 0.238426 0.094792 0.191667 0.080208
4 0.071296 0.094792 0.142593 0.102083
1 0.666204 0.094531 0.321296 0.044271
9 0.500000 0.572917 1.000000 0.854167
3 0.500000 0.150521 1.000000 0.009375
7 0.500000 0.572917 1.000000 0.854167
7 0.500000 0.203906 1.000000 0.116146
1 0.500000 0.216667 1.000000 0.090625
7 0.500000 0.340885 1.000000 0.157812
4 0.546296 0.340625 0.142593 0.085417
1 0.717593 0.340885 0.200000 0.053646
1 0.908796 0.340885 0.182407 0.053646
1 0.102778 0.307031 0.114815 0.027604
1 0.260185 0.354687 0.429630 0.067708
7 0.500000 0.498698 1.000000 0.157812
4 0.546296 0.498437 0.142593 0.085417
1 0.717593 0.498698 0.200000 0.053646
1 0.908796 0.498698 0.182407 0.053646
1 0.117130 0.464844 0.143519 0.027604
1 0.260185 0.512500 0.429630 0.067708
7 0.500000 0.644271 1.000000 0.133333
4 0.546296 0.644271 0.142593 0.085417
1 0.717593 0.644010 0.200000 0.053646
1 0.908796 0.644010 0.182407 0.053646
1 0.144907 0.622656 0.199074 0.027604
1 0.177778 0.653646 0.264815 0.034375
7 0.500000 0.789844 1.000000 0.157812
4 0.546296 0.789583 0.142593 0.085417
1 0.717593 0.789844 0.200000 0.053646
1 0.908796 0.789844 0.182407 0.053646
1 0.112500 0.755990 0.134259 0.027604
1 0.260185 0.803646 0.429630 0.067708
7 0.500000 0.934375 1.000000 0.131250
4 0.546296 0.935417 0.142593 0.085417
1 0.717593 0.935156 0.200000 0.053646
1 0.908796 0.935156 0.182407 0.053646
1 0.119907 0.913802 0.149074 0.027604
1 0.218981 0.944792 0.347222 0.034375