9 0.421296 0.521875 0.842593 0.956250
7 0.421296 0.080208 0.842593 0.072917
4 0.075000 0.080208 0.103704 0.058333
1 0.208796 0.079948 0.163889 0.034896
7 0.421296 0.152604 0.842593 0.072917
4 0.075000 0.152604 0.103704 0.058333
1 0.222222 0.152344 0.190741 0.034896
7 0.421296 0.225000 0.842593 0.072917
4 0.075000 0.225000 0.103704 0.058333
1 0.246296 0.224740 0.238889 0.034896
7 0.421296 0.297396 0.842593 0.072917
4 0.075000 0.297396 0.103704 0.058333
1 0.202315 0.297135 0.150926 0.034896
7 0.421296 0.369792 0.842593 0.072917
3 0.075000 0.369792 0.103704 0.058333
1 0.236574 0.369531 0.219444 0.034896
6 0.500000 0.094792 1.000000 0.102083
4 0.090741 0.094792 0.181481 0.102083
3 0.666667 0.094792 0.518519 0.080208
7 0.500000 0.781771 1.000000 0.436458
8 0.500000 0.781771 1.000000 0.436458
3 0.504630 0.721094 0.990741 0.301563
3 0.504630 0.721094 0.990741 0.301563
1 0.520833 0.935677 0.958333 0.091146
1 0.183333 0.997917 0.283333 0.004167
3 0.500000 0.309896 1.000000 0.328125
9 0.500000 0.517708 1.000000 0.087500
1 0.944444 0.517708 0.111111 0.087500
1 0.222222 0.517448 0.137037 0.029687
1 0.666667 0.517448 0.187037 0.029687
3 0.264352 0.229427 0.226852 0.127604
1 0.263889 0.329688 0.166667 0.072917
3 0.977315 0.229427 0.045370 0.127604
1 0.992130 0.329688 0.015741 0.072917
1 0.655093 0.402865 0.239815 0.054688
1 0.666204 0.207031 0.156481 0.044271
1 0.666204 0.251302 0.300926 0.044271