3 0.105556 0.079687 0.211111 0.029167
1 0.300000 0.079427 0.177778 0.044271
1 0.497222 0.147135 0.111111 0.044271
2 0.666667 0.147917 0.227778 0.045833
1 0.853241 0.147135 0.145370 0.044271
1 0.500000 0.382812 1.000000 0.077083
1 0.500000 0.989062 1.000000 0.021875
5 0.103704 0.469792 0.103704 0.058333
1 0.384259 0.469792 0.390741 0.034375
7 0.222222 0.609375 0.444444 0.184375
3 0.221759 0.572917 0.110185 0.109375
1 0.222222 0.664062 0.255556 0.072917
7 0.666667 0.609375 0.444444 0.184375
3 0.666667 0.572917 0.116667 0.109375
1 0.666667 0.664062 0.235185 0.072917
7 0.944444 0.609375 0.111111 0.184375
1 0.952315 0.664062 0.095370 0.072917
7 0.222222 0.793750 0.444444 0.184375
3 0.222222 0.757292 0.168519 0.109375
1 0.222222 0.848437 0.250000 0.072917
7 0.666667 0.793750 0.444444 0.184375
3 0.666204 0.757292 0.162037 0.109375
1 0.666204 0.848437 0.100926 0.072917
7 0.944444 0.793750 0.111111 0.184375
1 0.617593 0.931250 0.418519 0.034375
4 0.875463 0.931510 0.097222 0.054688
2 0.527315 0.248958 0.945370 0.076042