6 0.500000 0.094792 1.000000 0.102083
4 0.090741 0.094792 0.181481 0.102083
3 0.246296 0.247917 0.388889 0.218750
1 0.576389 0.216667 0.167593 0.039583
1 0.525926 0.444531 0.948148 0.130729
9 0.500000 0.582812 1.000000 0.087500
1 0.333333 0.582812 0.301852 0.034375
1 0.897222 0.582812 0.205556 0.034375
3 0.500000 0.145833 1.000000 0.204167
3 0.500000 0.145833 1.000000 0.204167
4 0.590278 0.302344 0.091667 0.051562
7 0.500000 0.705729 1.000000 0.158333
1 0.525926 0.707812 0.948148 0.060417
1 0.208333 0.658333 0.312963 0.034375
1 0.075926 0.754167 0.048148 0.032292
1 0.180556 0.754167 0.140741 0.032292
1 0.269444 0.754167 0.016667 0.032292
1 0.330556 0.754167 0.085185 0.032292
7 0.500000 0.864062 1.000000 0.158333
1 0.525926 0.866146 0.948148 0.060417
1 0.247685 0.816667 0.391667 0.034375
1 0.075926 0.912500 0.048148 0.032292
1 0.180556 0.912500 0.140741 0.032292
1 0.269444 0.912500 0.016667 0.032292
1 0.330556 0.912500 0.085185 0.032292
7 0.500000 0.971615 1.000000 0.056771
1 0.525926 0.997135 0.948148 0.005729
1 0.361574 0.975000 0.619444 0.034375