6 0.500000 0.087500 1.000000 0.087500
1 0.307870 0.087240 0.149074 0.048438
4 0.090741 0.087500 0.181481 0.087500
1 0.500000 0.852865 1.000000 0.211979
3 0.500000 0.446615 1.000000 0.448437
4 0.090741 0.707812 0.077778 0.043750
1 0.153704 0.707552 0.022222 0.029687
4 0.249074 0.707812 0.077778 0.043750
1 0.312037 0.707552 0.022222 0.029687
3 0.096296 0.176563 0.081481 0.045833
1 0.224537 0.176302 0.149074 0.022396
4 0.414815 0.176563 0.081481 0.045833
1 0.529630 0.165365 0.122222 0.022396
1 0.540741 0.187760 0.144444 0.022396