1 0.314352 0.094531 0.239815 0.048438
4 0.090741 0.094792 0.181481 0.102083
7 0.500000 0.152083 1.000000 0.012500
7 0.500000 0.206771 1.000000 0.096875
1 0.508333 0.206510 0.983333 0.044271
1 0.500000 0.296354 1.000000 0.082292
7 0.500000 0.385937 1.000000 0.096875
1 0.508333 0.385677 0.983333 0.044271
7 0.500000 0.482812 1.000000 0.096875
1 0.508333 0.482552 0.983333 0.044271
7 0.500000 0.579688 1.000000 0.096875
1 0.508333 0.579427 0.983333 0.044271
7 0.500000 0.676562 1.000000 0.096875
1 0.508333 0.676302 0.983333 0.044271
7 0.500000 0.773438 1.000000 0.096875
1 0.508333 0.773177 0.983333 0.044271
7 0.500000 0.870313 1.000000 0.096875
1 0.508333 0.870052 0.983333 0.044271
7 0.500000 0.959375 1.000000 0.081250
1 0.508333 0.966927 0.983333 0.044271