6 0.500000 0.087500 1.000000 0.087500
4 0.879630 0.087500 0.181481 0.087500
3 0.985185 0.087500 0.029630 0.087500
3 0.025926 0.087500 0.051852 0.029167
3 0.088426 0.087760 0.097222 0.054688
1 0.280093 0.087240 0.260185 0.044271
9 0.453704 0.565625 0.907407 0.868750
7 0.453704 0.174219 0.907407 0.085938
7 0.453704 0.245312 0.907407 0.057292
1 0.128241 0.245312 0.189815 0.057292
7 0.453704 0.308594 0.907407 0.070312
3 0.065278 0.308594 0.097222 0.054688
1 0.246296 0.308594 0.231481 0.070312
7 0.453704 0.378385 0.907407 0.070312
4 0.065278 0.378385 0.097222 0.054688
1 0.315741 0.378385 0.370370 0.070312
7 0.453704 0.441667 0.907407 0.057292
1 0.225926 0.441667 0.385185 0.057292
7 0.453704 0.504948 0.907407 0.070312
3 0.065278 0.504948 0.097222 0.054688
1 0.208333 0.504948 0.155556 0.070312
7 0.453704 0.574740 0.907407 0.070312
3 0.065278 0.574740 0.097222 0.054688
1 0.285185 0.574740 0.309259 0.070312
7 0.453704 0.644531 0.907407 0.070312
3 0.065278 0.644531 0.097222 0.054688
1 0.237963 0.644531 0.214815 0.070312
7 0.453704 0.707812 0.907407 0.057292
1 0.084259 0.707812 0.101852 0.057292
7 0.453704 0.771094 0.907407 0.070312
4 0.065278 0.771094 0.097222 0.054688
1 0.225000 0.771094 0.188889 0.070312
7 0.453704 0.840885 0.907407 0.070312
4 0.065278 0.840885 0.097222 0.054688
1 0.236111 0.840885 0.211111 0.070312
7 0.453704 0.910677 0.907407 0.070312
4 0.065278 0.910677 0.097222 0.054688
1 0.203241 0.910677 0.145370 0.070312
7 0.500000 0.163281 1.000000 0.064062
1 0.500000 0.163281 1.000000 0.064062
7 0.500000 0.235417 1.000000 0.080208
3 0.666204 0.235417 0.165741 0.080208
1 0.666204 0.235417 0.143519 0.056250
1 0.458333 0.235417 0.238889 0.034375
1 0.416667 0.209375 0.288889 0.028125
1 0.877315 0.235417 0.245370 0.034375
3 0.666204 0.210938 0.049074 0.031250
7 0.500000 0.307552 1.000000 0.064062
1 0.500000 0.307552 1.000000 0.064062
7 0.500000 0.379688 1.000000 0.080208
3 0.666204 0.379688 0.165741 0.080208
1 0.666204 0.379688 0.143519 0.056250
1 0.412037 0.379688 0.331481 0.034375
1 0.407407 0.353646 0.307407 0.028125
1 0.856944 0.379688 0.204630 0.034375
3 0.666204 0.355208 0.049074 0.031250
7 0.500000 0.459896 1.000000 0.080208
3 0.666204 0.459896 0.165741 0.080208
1 0.666204 0.459896 0.143519 0.056250
1 0.478241 0.459896 0.199074 0.034375
1 0.407407 0.433854 0.307407 0.028125
1 0.844907 0.459896 0.180556 0.034375
3 0.666204 0.435417 0.049074 0.031250
7 0.500000 0.540104 1.000000 0.080208
3 0.666204 0.540104 0.165741 0.080208
1 0.666204 0.540104 0.143519 0.056250
1 0.479167 0.540104 0.197222 0.034375
1 0.407407 0.514062 0.307407 0.028125
1 0.839352 0.540104 0.169444 0.034375
3 0.666204 0.515625 0.049074 0.031250
7 0.500000 0.612240 1.000000 0.064062
1 0.500000 0.612240 1.000000 0.064062
7 0.500000 0.684375 1.000000 0.080208
4 0.666204 0.684375 0.165741 0.080208
1 0.666204 0.684375 0.143519 0.056250
1 0.321296 0.684375 0.512963 0.034375
1 0.530556 0.658333 0.061111 0.028125
1 0.877315 0.684375 0.245370 0.034375
3 0.666204 0.659896 0.049074 0.031250
7 0.500000 0.764583 1.000000 0.080208
3 0.666204 0.764583 0.165741 0.080208
1 0.666204 0.764583 0.143519 0.056250
1 0.511574 0.764583 0.132407 0.034375
1 0.372222 0.738542 0.377778 0.028125
1 0.877315 0.764583 0.245370 0.034375
3 0.666204 0.740104 0.049074 0.031250
7 0.500000 0.844792 1.000000 0.080208
3 0.666204 0.844792 0.165741 0.080208
1 0.666204 0.844792 0.143519 0.056250
1 0.356944 0.844792 0.441667 0.034375
1 0.372222 0.818750 0.377778 0.028125
1 0.876389 0.844792 0.243519 0.034375
3 0.666204 0.820312 0.049074 0.031250
7 0.500000 0.925000 1.000000 0.080208
3 0.666204 0.925000 0.165741 0.080208
1 0.666204 0.925000 0.143519 0.056250
1 0.481481 0.925000 0.192593 0.034375
1 0.372222 0.898958 0.377778 0.028125
1 0.877315 0.925000 0.245370 0.034375
3 0.666204 0.900521 0.049074 0.031250
7 0.500000 0.982552 1.000000 0.034896
3 0.666204 0.982552 0.165741 0.034896
1 0.666204 0.988542 0.143519 0.022917
1 0.530093 0.994010 0.095370 0.011979
1 0.372222 0.979167 0.377778 0.028125
1 0.854167 0.994010 0.199074 0.011979
3 0.666204 0.980729 0.049074 0.031250