6 0.500000 0.965625 1.000000 0.068750
3 0.181481 0.965625 0.362963 0.068750
5 0.681481 0.965625 0.637037 0.068750
1 0.647222 0.965625 0.568519 0.068750
3 0.500000 0.509375 1.000000 0.843750
1 0.500000 0.896875 1.000000 0.068750
1 0.500000 0.189583 1.000000 0.204167
3 0.500000 0.509375 1.000000 0.843750
3 0.500000 0.509375 1.000000 0.843750
1 0.500000 0.833333 1.000000 0.195833
3 0.155556 0.189583 0.311111 0.204167
3 0.466667 0.189583 0.311111 0.204167
3 0.777778 0.189583 0.311111 0.204167
3 0.966667 0.189583 0.066667 0.204167