6 0.500000 0.094792 1.000000 0.102083
1 0.327778 0.094531 0.292593 0.083854
4 0.090741 0.094792 0.181481 0.102083
4 0.994907 0.094792 0.010185 0.087500
9 0.405093 0.572917 0.810185 0.854167
7 0.405093 0.207813 0.810185 0.123958
4 0.110185 0.207813 0.129630 0.072917
1 0.351852 0.183854 0.262963 0.039583
1 0.301852 0.233854 0.162963 0.034375
7 0.405093 0.314063 0.810185 0.087500
4 0.077778 0.314063 0.064815 0.036458
1 0.482870 0.314063 0.654630 0.087500
7 0.405093 0.402083 0.810185 0.087500
4 0.077778 0.402083 0.064815 0.036458
1 0.482870 0.402083 0.654630 0.087500
7 0.405093 0.490104 0.810185 0.087500
3 0.077778 0.490104 0.064815 0.036458
1 0.482870 0.490104 0.654630 0.087500
7 0.405093 0.578125 0.810185 0.087500
3 0.077778 0.578125 0.064815 0.036458
1 0.482870 0.578125 0.654630 0.087500
7 0.405093 0.666146 0.810185 0.087500
4 0.077778 0.666146 0.064815 0.036458
1 0.482870 0.666146 0.654630 0.087500
7 0.500000 0.334635 1.000000 0.377604
8 0.511574 0.341146 0.976852 0.364583
3 0.137963 0.225000 0.129630 0.072917
1 0.536574 0.317188 0.926852 0.060417
1 0.139815 0.427344 0.224074 0.057813
1 0.624074 0.204687 0.751852 0.032292
1 0.371759 0.236979 0.247222 0.032292
1 0.358796 0.488021 0.180556 0.036458
1 0.942593 0.488021 0.114815 0.036458
7 0.500000 0.740365 1.000000 0.433854
8 0.511574 0.746875 0.976852 0.420833
3 0.137963 0.602604 0.129630 0.072917
1 0.536574 0.722917 0.926852 0.116667
1 0.139815 0.861198 0.224074 0.057813
1 0.619444 0.582292 0.742593 0.032292
1 0.342130 0.614583 0.187963 0.032292
1 0.358796 0.921875 0.249074 0.036458
1 0.948611 0.921875 0.102778 0.036458
7 0.500000 0.978646 1.000000 0.042708
8 0.511574 0.985156 0.976852 0.029687