6 0.500000 0.138542 1.000000 0.189583
1 0.497685 0.094531 0.606481 0.048438
4 0.090741 0.094792 0.181481 0.102083
1 0.375000 0.189583 0.583333 0.087500
1 0.835185 0.189583 0.329630 0.087500
7 0.225926 0.360417 0.444444 0.250000
3 0.225926 0.360417 0.444444 0.250000
4 0.064815 0.457813 0.062963 0.035417
4 0.387037 0.457813 0.062963 0.035417
7 0.672222 0.360417 0.444444 0.250000
3 0.672222 0.360417 0.444444 0.250000
4 0.511111 0.457813 0.062963 0.035417
4 0.833333 0.457813 0.062963 0.035417
7 0.948148 0.360417 0.103704 0.250000
3 0.948148 0.360417 0.103704 0.250000
4 0.957407 0.457813 0.062963 0.035417
7 0.225926 0.617708 0.444444 0.250000
3 0.225926 0.617708 0.444444 0.250000
4 0.064815 0.715104 0.062963 0.035417
4 0.387037 0.715104 0.062963 0.035417
7 0.672222 0.617708 0.444444 0.250000
3 0.672222 0.617708 0.444444 0.250000
4 0.833333 0.715104 0.062963 0.035417
7 0.948148 0.617708 0.103704 0.250000
3 0.948148 0.617708 0.103704 0.250000
4 0.957407 0.715104 0.062963 0.035417
7 0.225926 0.875000 0.444444 0.250000
3 0.225926 0.875000 0.444444 0.250000
4 0.064815 0.972396 0.062963 0.035417
4 0.387037 0.972396 0.062963 0.035417
7 0.672222 0.875000 0.444444 0.250000
3 0.672222 0.875000 0.444444 0.250000
4 0.511111 0.972396 0.062963 0.035417
4 0.833333 0.972396 0.062963 0.035417
7 0.948148 0.875000 0.103704 0.250000
3 0.948148 0.875000 0.103704 0.250000
4 0.957407 0.972396 0.062963 0.035417