6 0.500000 0.094792 1.000000 0.102083
1 0.387037 0.094792 0.307407 0.043750
4 0.090741 0.094792 0.181481 0.102083
7 0.500000 0.271615 1.000000 0.251563
3 0.222222 0.272396 0.444444 0.250000
3 0.666667 0.272396 0.444444 0.250000
3 0.944444 0.272396 0.111111 0.250000
7 0.500000 0.591667 1.000000 0.359375
3 0.500000 0.466667 1.000000 0.109375
4 0.097222 0.466667 0.116667 0.065625
1 0.985185 0.466406 0.029630 0.055729
3 0.222222 0.646354 0.444444 0.250000
3 0.666667 0.646354 0.444444 0.250000
3 0.944444 0.646354 0.111111 0.250000
1 0.336574 0.451302 0.310185 0.030729
1 0.575926 0.483594 0.788889 0.026562
7 0.500000 0.892969 1.000000 0.214062
3 0.500000 0.840625 1.000000 0.109375
4 0.097222 0.840625 0.116667 0.065625
1 0.985185 0.840365 0.029630 0.055729
3 0.222222 0.947656 0.444444 0.104688
3 0.666667 0.947656 0.444444 0.104688
3 0.944444 0.947656 0.111111 0.104688
1 0.324074 0.825260 0.285185 0.030729
1 0.575926 0.857552 0.788889 0.026562