6 0.500000 0.094792 1.000000 0.102083
3 0.123148 0.094792 0.142593 0.058333
1 0.300463 0.072656 0.212037 0.027604
1 0.370833 0.108594 0.352778 0.044271
8 0.506481 0.210417 0.987037 0.129167
6 0.509722 0.153906 0.980556 0.016146
1 0.356019 0.216667 0.621296 0.076042
8 0.506481 0.445312 0.987037 0.311458
6 0.509722 0.346354 0.980556 0.102083
4 0.123148 0.346354 0.103704 0.058333
1 0.593981 0.342969 0.812037 0.051562
1 0.368981 0.452083 0.647222 0.076042
1 0.859259 0.452083 0.281481 0.076042
1 0.356019 0.542708 0.621296 0.076042
8 0.506481 0.726042 0.987037 0.220833
6 0.509722 0.672396 0.980556 0.102083
4 0.123148 0.672396 0.103704 0.058333
1 0.593981 0.669010 0.812037 0.051562
1 0.356019 0.778125 0.621296 0.076042
8 0.506481 0.925521 0.987037 0.148958
6 0.509722 0.907813 0.980556 0.102083
4 0.123148 0.907813 0.103704 0.058333
1 0.593981 0.904427 0.812037 0.051562
1 0.522685 0.987760 0.954630 0.024479