9 0.492593 0.500000 0.985185 1.000000
7 0.492593 0.521875 0.985185 0.956250
1 0.492593 0.262500 0.985185 0.087500
1 0.492593 0.350000 0.985185 0.087500
1 0.492593 0.437500 0.985185 0.087500
1 0.492593 0.700000 0.985185 0.087500
1 0.492593 0.875000 0.985185 0.087500
1 0.175463 0.971354 0.350926 0.046875
3 0.907407 0.131250 0.155556 0.175000
4 0.142593 0.525000 0.103704 0.058333
1 0.583333 0.524740 0.622222 0.044271
4 0.142593 0.612500 0.103704 0.058333
1 0.583333 0.612240 0.622222 0.044271
3 0.142593 0.787500 0.103704 0.058333
1 0.583333 0.787240 0.622222 0.044271
4 0.149074 0.131250 0.181481 0.102083
1 0.557407 0.116406 0.544444 0.044271
1 0.557407 0.153385 0.544444 0.029687
6 0.500000 0.094792 1.000000 0.102083
1 0.382870 0.094531 0.299074 0.048438
3 0.090741 0.094792 0.181481 0.102083
7 0.500000 0.213281 1.000000 0.134896
3 0.142593 0.213021 0.181481 0.102083
1 0.642593 0.187500 0.714815 0.039583
1 0.642593 0.228125 0.714815 0.034375