6 0.500000 0.094792 1.000000 0.102083
1 0.310185 0.094531 0.153704 0.048438
4 0.090741 0.094792 0.181481 0.102083
9 0.500000 0.189583 1.000000 0.087500
1 0.182870 0.189583 0.287963 0.034375
1 0.517130 0.189583 0.225000 0.034375
1 0.853704 0.189583 0.292593 0.034375
7 0.500000 0.280729 1.000000 0.094792
1 0.500000 0.279687 1.000000 0.092708
7 0.500000 0.440104 1.000000 0.219792
1 0.638889 0.374219 0.722222 0.029687
3 0.604167 0.439844 0.071296 0.040104
1 0.708333 0.439844 0.111111 0.048438
1 0.525926 0.505990 0.496296 0.029687
1 0.912963 0.505990 0.174074 0.029687
7 0.500000 0.632552 1.000000 0.160938
3 0.604167 0.617448 0.071296 0.040104
1 0.708333 0.617448 0.111111 0.048438
1 0.487963 0.683594 0.420370 0.029687
1 0.875000 0.683594 0.250000 0.029687
7 0.500000 0.795573 1.000000 0.160938
3 0.585648 0.780469 0.071296 0.040104
1 0.708333 0.780469 0.148148 0.048438
1 0.529630 0.846615 0.503704 0.029687
1 0.916667 0.846615 0.166667 0.029687
7 0.500000 0.939063 1.000000 0.121875
3 0.585648 0.943490 0.071296 0.040104
1 0.708333 0.943490 0.148148 0.048438
1 0.522222 0.997396 0.488889 0.005208
1 0.909259 0.997396 0.181481 0.005208