6 0.500000 0.087500 1.000000 0.087500
1 0.339815 0.087500 0.679630 0.087500
1 0.525926 0.160417 0.948148 0.058333
7 0.525926 0.248958 0.948148 0.116667
1 0.376852 0.248698 0.598148 0.044271
5 0.958796 0.248958 0.082407 0.051042
7 0.525926 0.366667 0.948148 0.116667
1 0.290741 0.366406 0.425926 0.044271
7 0.525926 0.484375 0.948148 0.116667
1 0.273148 0.466927 0.390741 0.044271
1 0.157407 0.506250 0.159259 0.034375
7 0.525926 0.602083 0.948148 0.116667
1 0.415278 0.601823 0.675000 0.044271
1 0.525926 0.690625 0.948148 0.058333
7 0.525926 0.779167 0.948148 0.116667
1 0.253704 0.761719 0.351852 0.044271
1 0.150463 0.801042 0.145370 0.034375
7 0.525926 0.896875 0.948148 0.116667
1 0.277778 0.896615 0.400000 0.044271
7 0.525926 0.978125 0.948148 0.043750
1 0.287963 0.996094 0.420370 0.007812