1 0.249537 0.094792 0.499074 0.102083
7 0.503241 0.241927 0.993519 0.173437
3 0.287037 0.246615 0.527778 0.164062
1 0.783796 0.220833 0.432407 0.112500
1 0.783796 0.302865 0.432407 0.051562
7 0.503241 0.417448 0.993519 0.173437
3 0.287037 0.422135 0.527778 0.164062
1 0.783796 0.396354 0.432407 0.112500
1 0.783796 0.478385 0.432407 0.051562
7 0.503241 0.592969 0.993519 0.173437
3 0.287037 0.597656 0.527778 0.164062
1 0.783796 0.571875 0.432407 0.112500
1 0.783796 0.653906 0.432407 0.051562
7 0.503241 0.768490 0.993519 0.173437
3 0.287037 0.773177 0.527778 0.164062
1 0.783796 0.747396 0.432407 0.112500
1 0.783796 0.829427 0.432407 0.051562
7 0.503241 0.928646 0.993519 0.142708
3 0.287037 0.933333 0.527778 0.133333
1 0.783796 0.922917 0.432407 0.112500
1 0.783796 0.989583 0.432407 0.020833
1 0.834259 0.094792 0.285185 0.087500