6 0.500000 0.094792 1.000000 0.102083
1 0.264352 0.094792 0.139815 0.039583
4 0.123148 0.094792 0.142593 0.058333
3 0.222222 0.189583 0.366667 0.087500
3 0.666667 0.189583 0.366667 0.087500
4 0.963889 0.189583 0.072222 0.087500
3 0.500000 0.298958 1.000000 0.131250
3 0.090741 0.309896 0.077778 0.043750
1 0.458796 0.309896 0.658333 0.043750
4 0.807407 0.309896 0.038889 0.043750
3 0.500000 0.430208 1.000000 0.131250
4 0.090741 0.441146 0.077778 0.043750
1 0.271759 0.441146 0.284259 0.043750
4 0.433333 0.441146 0.038889 0.043750
3 0.500000 0.561458 1.000000 0.131250
4 0.090741 0.572396 0.077778 0.043750
1 0.318519 0.572396 0.377778 0.043750
4 0.526852 0.572396 0.038889 0.043750