8 0.500000 0.116667 1.000000 0.036458
3 0.500000 0.353125 1.000000 0.009375
3 0.662037 0.145833 0.675926 0.204167
3 0.597222 0.172656 0.805556 0.129688
3 0.500000 0.235417 1.000000 0.226042
2 0.511574 0.100521 0.976852 0.087500
1 0.113889 0.100521 0.181481 0.087500
1 0.574074 0.207292 0.851852 0.108333
1 0.642130 0.458333 0.715741 0.039583
1 0.642130 0.519531 0.715741 0.082812
1 0.642130 0.578125 0.715741 0.034375
1 0.342130 0.642969 0.217593 0.036979
1 0.560185 0.642969 0.218519 0.036979
4 0.775463 0.644531 0.212037 0.033854
1 0.940741 0.642969 0.118519 0.036979