6 0.500000 0.094792 1.000000 0.102083
4 0.090741 0.094792 0.181481 0.102083
1 0.907407 0.094531 0.185185 0.093229
9 0.500000 0.175000 1.000000 0.058333
1 0.333333 0.175000 0.666667 0.058333
1 0.833333 0.175000 0.333333 0.058333
3 0.500000 0.419531 1.000000 0.430729
3 0.500000 0.419531 1.000000 0.430729
3 0.155556 0.262500 0.103704 0.058333
1 0.603704 0.260677 0.792593 0.054688
1 0.551852 0.417969 0.896296 0.038021
1 0.551852 0.472917 0.896296 0.042708
1 0.064815 0.713281 0.129630 0.098437
1 0.966667 0.713281 0.066667 0.098437
1 0.551852 0.550000 0.896296 0.053125
3 0.230093 0.713281 0.175000 0.098437
1 0.272222 0.689583 0.064815 0.036458
3 0.431019 0.713281 0.175000 0.098437
1 0.473148 0.689583 0.064815 0.036458
3 0.631944 0.713281 0.175000 0.098437
1 0.674074 0.689583 0.064815 0.036458
3 0.832870 0.713281 0.175000 0.098437
1 0.875000 0.689583 0.064815 0.036458