6 0.500000 0.094792 1.000000 0.102083
1 0.395370 0.094531 0.324074 0.048438
4 0.090741 0.094792 0.181481 0.102083
1 0.500000 0.199479 1.000000 0.034375
7 0.532407 0.247135 0.935185 0.060937
1 0.532407 0.236458 0.935185 0.034375
7 0.532407 0.318229 0.935185 0.082292
1 0.532407 0.318229 0.935185 0.034375
7 0.532407 0.400000 0.935185 0.082292
1 0.532407 0.400000 0.935185 0.034375
7 0.532407 0.481771 0.935185 0.082292
1 0.532407 0.481771 0.935185 0.034375
7 0.532407 0.563542 0.935185 0.082292
1 0.532407 0.563542 0.935185 0.034375
7 0.532407 0.645312 0.935185 0.082292
1 0.532407 0.645312 0.935185 0.034375
7 0.532407 0.727083 0.935185 0.082292
1 0.532407 0.727083 0.935185 0.034375
7 0.532407 0.808854 0.935185 0.082292
1 0.532407 0.808854 0.935185 0.034375
7 0.532407 0.890625 0.935185 0.082292
1 0.532407 0.890625 0.935185 0.034375
7 0.532407 0.965625 0.935185 0.068750
1 0.532407 0.972396 0.935185 0.034375