9 0.500000 0.521875 1.000000 0.956250
7 0.500000 0.215104 1.000000 0.342708
3 0.500000 0.207813 1.000000 0.328125
4 0.155556 0.131250 0.207407 0.116667
7 0.500000 0.430208 1.000000 0.087500
3 0.090741 0.430208 0.077778 0.043750
1 0.616667 0.430208 0.766667 0.034375
7 0.500000 0.517708 1.000000 0.087500
3 0.090741 0.517708 0.077778 0.043750
1 0.616667 0.517708 0.766667 0.034375
7 0.500000 0.605208 1.000000 0.087500
4 0.090741 0.605208 0.077778 0.043750
1 0.616667 0.605208 0.766667 0.034375
7 0.500000 0.692708 1.000000 0.087500
4 0.090741 0.692708 0.077778 0.043750
1 0.616667 0.692708 0.766667 0.034375
7 0.500000 0.780208 1.000000 0.087500
4 0.090741 0.780208 0.077778 0.043750
1 0.616667 0.780208 0.766667 0.034375
7 0.500000 0.867708 1.000000 0.087500
3 0.090741 0.867708 0.077778 0.043750
1 0.616667 0.867708 0.766667 0.034375
7 0.500000 0.955208 1.000000 0.087500
4 0.090741 0.955208 0.077778 0.043750
1 0.616667 0.955208 0.766667 0.034375
6 0.500000 0.094792 1.000000 0.102083
3 0.090741 0.094792 0.181481 0.102083
1 0.667130 0.178385 0.186111 0.029687
7 0.500000 0.290885 1.000000 0.173437
3 0.525926 0.255208 0.948148 0.072917
2 0.597222 0.336458 0.805556 0.060417
3 0.103704 0.335417 0.103704 0.058333
1 0.218981 0.255208 0.334259 0.072917
1 0.557407 0.255208 0.335185 0.072917
1 0.864352 0.255208 0.271296 0.072917
7 0.500000 0.428646 1.000000 0.102083
1 0.616667 0.428646 0.766667 0.034375
3 0.116667 0.428646 0.129630 0.072917
7 0.500000 0.530729 1.000000 0.102083
1 0.616667 0.530729 0.766667 0.034375
3 0.116667 0.530729 0.129630 0.072917
7 0.500000 0.632812 1.000000 0.102083
1 0.616667 0.632812 0.766667 0.034375
3 0.116667 0.632812 0.129630 0.072917
7 0.500000 0.734896 1.000000 0.102083
1 0.616667 0.734896 0.766667 0.034375
3 0.116667 0.734896 0.129630 0.072917