1 0.551852 0.676042 0.896296 0.114583
3 0.551852 0.414323 0.896296 0.350521
7 0.233333 0.853646 0.259259 0.182292
4 0.233333 0.806250 0.259259 0.087500
1 0.233333 0.864844 0.259259 0.029687
7 0.492593 0.853646 0.259259 0.182292
3 0.492593 0.806250 0.259259 0.087500
1 0.492593 0.864844 0.259259 0.029687
7 0.751852 0.853646 0.259259 0.182292
4 0.751852 0.806250 0.259259 0.087500
1 0.751852 0.864844 0.259259 0.029687
7 0.940741 0.853646 0.118519 0.182292
4 0.940741 0.806250 0.118519 0.087500
1 0.940741 0.864844 0.118519 0.029687