6 0.500000 0.087500 1.000000 0.087500
3 0.143519 0.087500 0.207407 0.058333
1 0.391204 0.087240 0.262037 0.044271
7 0.500000 0.565625 1.000000 0.868750
7 0.500000 0.164583 1.000000 0.066667
1 0.379167 0.177083 0.278704 0.034375
1 0.665741 0.161458 0.114815 0.034375
1 0.906944 0.177083 0.186111 0.034375
7 0.500000 0.261979 1.000000 0.126042
1 0.549074 0.225521 0.901852 0.034375
1 0.316667 0.304167 0.403704 0.034375
1 0.665741 0.288542 0.114815 0.034375
1 0.906944 0.304167 0.186111 0.034375
7 0.500000 0.362500 1.000000 0.072917
1 0.389352 0.378125 0.258333 0.034375
1 0.665741 0.362500 0.114815 0.034375
1 0.906944 0.378125 0.186111 0.034375
7 0.500000 0.436458 1.000000 0.072917
1 0.369907 0.452083 0.297222 0.034375
1 0.665741 0.436458 0.114815 0.034375
1 0.906944 0.452083 0.186111 0.034375
7 0.500000 0.536979 1.000000 0.126042
1 0.549074 0.500521 0.901852 0.034375
1 0.383796 0.579167 0.269444 0.034375
1 0.665741 0.563542 0.114815 0.034375
1 0.890278 0.579167 0.152778 0.034375
7 0.500000 0.637500 1.000000 0.072917
1 0.446296 0.653125 0.144444 0.034375
1 0.665741 0.637500 0.114815 0.034375
1 0.906944 0.653125 0.186111 0.034375
7 0.500000 0.711458 1.000000 0.072917
1 0.450463 0.727083 0.136111 0.034375
1 0.665741 0.711458 0.114815 0.034375
1 0.906944 0.727083 0.186111 0.034375
7 0.500000 0.785417 1.000000 0.072917
1 0.275000 0.801042 0.487037 0.034375
1 0.665741 0.785417 0.114815 0.034375
1 0.906944 0.801042 0.186111 0.034375
7 0.500000 0.859375 1.000000 0.072917
1 0.433333 0.875000 0.170370 0.034375
1 0.665741 0.859375 0.114815 0.034375
1 0.906944 0.875000 0.186111 0.034375
7 0.500000 0.948438 1.000000 0.103125
1 0.549074 0.923438 0.901852 0.034375
1 0.356481 0.992448 0.324074 0.015104
1 0.665741 0.984635 0.114815 0.030729
1 0.906944 0.992448 0.186111 0.015104