6 0.500000 0.094792 1.000000 0.102083
1 0.331481 0.094531 0.559259 0.048438
7 0.500000 0.291667 1.000000 0.109375
4 0.097222 0.291667 0.194444 0.109375
1 0.354167 0.272656 0.267593 0.042188
1 0.487963 0.308594 0.535185 0.029687
7 0.500000 0.403125 1.000000 0.109375
4 0.097222 0.403125 0.194444 0.109375
1 0.351852 0.384115 0.262963 0.042188
1 0.570833 0.420052 0.700926 0.029687
7 0.500000 0.514583 1.000000 0.109375
4 0.097222 0.514583 0.194444 0.109375
1 0.341667 0.495573 0.242593 0.042188
1 0.598611 0.531510 0.756481 0.029687
7 0.500000 0.626042 1.000000 0.109375
4 0.097222 0.626042 0.194444 0.109375
1 0.337963 0.607031 0.235185 0.042188
1 0.564352 0.642969 0.687963 0.029687
7 0.500000 0.737500 1.000000 0.109375
4 0.097222 0.737500 0.194444 0.109375
1 0.411111 0.718490 0.381481 0.042188
1 0.528704 0.754427 0.616667 0.029687
7 0.500000 0.848958 1.000000 0.109375
4 0.097222 0.848958 0.194444 0.109375
1 0.498611 0.829948 0.556481 0.042188
1 0.576389 0.865885 0.712037 0.029687
7 0.500000 0.952865 1.000000 0.094271
4 0.097222 0.952865 0.194444 0.094271
1 0.389815 0.941406 0.338889 0.042188
1 0.588889 0.977344 0.737037 0.029687
4 0.175926 0.224219 0.055556 0.025521