6 0.500000 0.087500 1.000000 0.087500
3 0.091667 0.087500 0.103704 0.058333
1 0.453704 0.087240 0.594444 0.044271
1 0.525926 0.160417 0.948148 0.058333
7 0.525926 0.248958 0.948148 0.116667
1 0.377315 0.231510 0.599074 0.044271
1 0.282407 0.270833 0.409259 0.034375
7 0.525926 0.366667 0.948148 0.116667
1 0.275926 0.349219 0.396296 0.044271
1 0.160648 0.388542 0.165741 0.034375
7 0.525926 0.484375 0.948148 0.116667
1 0.257407 0.466927 0.359259 0.044271
1 0.356019 0.506250 0.556481 0.034375
1 0.525926 0.572917 0.948148 0.058333
7 0.525926 0.661458 0.948148 0.116667
1 0.243519 0.644010 0.331481 0.044271
1 0.458796 0.683333 0.762037 0.034375
1 0.525926 0.750000 0.948148 0.058333
7 0.525926 0.838542 0.948148 0.116667
1 0.352778 0.821094 0.550000 0.044271
1 0.538889 0.860417 0.922222 0.034375
7 0.525926 0.948958 0.948148 0.102083
1 0.305093 0.938802 0.454630 0.044271
1 0.527315 0.978125 0.899074 0.034375