6 0.500000 0.094792 1.000000 0.102083
1 0.332407 0.094531 0.198148 0.048438
4 0.090741 0.094792 0.181481 0.102083
1 0.525926 0.277083 0.948148 0.043750
2 0.500000 0.623958 1.000000 0.752083
2 0.500000 0.464062 1.000000 0.111458
3 0.090741 0.464062 0.077778 0.043750
2 0.500000 0.577604 1.000000 0.111458
3 0.090741 0.577604 0.077778 0.043750
1 0.590741 0.649740 0.818519 0.032813
1 0.590741 0.711719 0.818519 0.032813
2 0.500000 0.815104 1.000000 0.111458
3 0.090741 0.815104 0.077778 0.043750
2 0.500000 0.196875 1.000000 0.102083