3 0.437037 0.092969 0.324074 0.054688
3 0.437037 0.092969 0.324074 0.054688
1 0.437037 0.145313 0.448148 0.020833
1 0.373148 0.763281 0.648148 0.054688
1 0.649537 0.083854 0.700926 0.033333
1 0.262500 0.186979 0.291667 0.036458
3 0.415278 0.186719 0.013889 0.009896
3 0.415278 0.186719 0.013889 0.009896
1 0.625463 0.186979 0.317593 0.036458
3 0.780093 0.186719 0.013889 0.009896
3 0.780093 0.186719 0.013889 0.009896
3 0.059259 0.079427 0.116667 0.071354
7 0.437500 0.257292 0.776852 0.067708
1 0.267593 0.257292 0.364815 0.034375
7 0.437500 0.327083 0.776852 0.067708
1 0.215741 0.327083 0.261111 0.034375
7 0.437500 0.396875 0.776852 0.067708
1 0.276389 0.396875 0.382407 0.034375
7 0.437500 0.466667 0.776852 0.067708
1 0.341204 0.466667 0.512037 0.034375
7 0.437500 0.536458 0.776852 0.067708
1 0.327778 0.536458 0.485185 0.034375
7 0.437500 0.606250 0.776852 0.067708
1 0.271296 0.606250 0.372222 0.034375
7 0.437500 0.675260 0.776852 0.066146
1 0.205556 0.676042 0.240741 0.034375
3 0.500463 0.320052 0.999074 0.392188
3 0.500463 0.320052 0.999074 0.392188
7 0.508796 0.569010 0.982407 0.076563
1 0.267593 0.568750 0.388889 0.036458
7 0.508796 0.647656 0.982407 0.076563
1 0.212500 0.647396 0.278704 0.036458
7 0.508796 0.726302 0.982407 0.076563
1 0.276852 0.726042 0.407407 0.036458
7 0.508796 0.804948 0.982407 0.076563
1 0.345370 0.804688 0.544444 0.036458
7 0.508796 0.883594 0.982407 0.076563
1 0.330093 0.883333 0.513889 0.036458
7 0.508796 0.961979 0.982407 0.076042
1 0.270370 0.961979 0.394444 0.036458