6 0.500000 0.087500 1.000000 0.087500
4 0.038889 0.087500 0.077778 0.043750
4 0.117593 0.087500 0.103704 0.058333
1 0.351389 0.087240 0.337963 0.044271
7 0.518056 0.236979 0.963889 0.175000
1 0.191667 0.236979 0.259259 0.145833
1 0.676852 0.236719 0.646296 0.044271
7 0.518056 0.444792 0.963889 0.175000
1 0.191667 0.444792 0.259259 0.145833
1 0.676852 0.444531 0.646296 0.044271
7 0.518056 0.652604 0.963889 0.175000
1 0.191667 0.652604 0.259259 0.145833
1 0.676852 0.652344 0.646296 0.044271
7 0.518056 0.860417 0.963889 0.175000
1 0.191667 0.860417 0.259259 0.145833
1 0.495833 0.860156 0.284259 0.044271
7 0.518056 0.990365 0.963889 0.019271
1 0.191667 0.997656 0.259259 0.004687