6 0.500000 0.094792 1.000000 0.102083
4 0.090741 0.094792 0.181481 0.102083
1 0.444907 0.094531 0.423148 0.048438
9 0.500000 0.189583 1.000000 0.087500
1 0.129630 0.189583 0.181481 0.034375
1 0.373148 0.189583 0.150000 0.034375
7 0.532407 0.268490 0.935185 0.070312
1 0.306481 0.275781 0.418519 0.048438
7 0.532407 0.367969 0.935185 0.129688
3 0.145833 0.366927 0.162037 0.091146
1 0.597222 0.366667 0.642593 0.039583
7 0.532407 0.496094 0.935185 0.127604
3 0.145833 0.496094 0.162037 0.091146
1 0.637963 0.495833 0.724074 0.039583
7 0.532407 0.268490 0.935185 0.070312
1 0.306481 0.275781 0.418519 0.048438
7 0.532407 0.367969 0.935185 0.129688
3 0.145833 0.366927 0.162037 0.091146
1 0.597222 0.366667 0.642593 0.039583
7 0.532407 0.496094 0.935185 0.127604
3 0.145833 0.496094 0.162037 0.091146
1 0.637963 0.495833 0.724074 0.039583