6 0.500000 0.094792 1.000000 0.102083
1 0.353704 0.094792 0.344444 0.102083
4 0.090741 0.094792 0.181481 0.102083
1 0.333333 0.087500 0.666667 0.087500
8 0.500000 0.365625 1.000000 0.468750
3 0.500000 0.365625 1.000000 0.468750
1 0.450000 0.547917 0.305556 0.045833
3 0.655093 0.365625 0.689815 0.395833
8 0.500000 0.782813 1.000000 0.310417
1 0.524537 0.659635 0.950926 0.027604
7 0.251852 0.805729 0.405556 0.228125
3 0.251852 0.805729 0.405556 0.228125
1 0.251852 0.805469 0.372222 0.029687
7 0.674074 0.805729 0.405556 0.228125
3 0.674074 0.805729 0.405556 0.228125
1 0.674074 0.805469 0.372222 0.029687
7 0.946759 0.805729 0.106481 0.228125
3 0.946759 0.805729 0.106481 0.228125
1 0.955093 0.805469 0.089815 0.029687
7 0.500000 0.978125 1.000000 0.043750
1 0.184259 0.987240 0.270370 0.025521
7 0.500000 0.572917 1.000000 0.854167
3 0.097222 0.191667 0.129630 0.072917
3 0.162037 0.212500 0.064815 0.041667
1 0.613426 0.194010 0.773148 0.027604
3 0.500000 0.617708 1.000000 0.750000
1 0.500000 0.617708 1.000000 0.176042
1 0.162037 0.212500 0.035185 0.020833
1 0.954167 0.087240 0.091667 0.029687