9 0.500000 0.521875 1.000000 0.956250
7 0.500000 0.206250 1.000000 0.325000
3 0.500000 0.198177 1.000000 0.308854
7 0.500000 0.412500 1.000000 0.087500
3 0.142593 0.412500 0.181481 0.087500
1 0.609259 0.412500 0.751852 0.034375
1 0.500000 0.500000 1.000000 0.087500
7 0.500000 0.587500 1.000000 0.087500
4 0.142593 0.587500 0.181481 0.087500
1 0.563889 0.587500 0.661111 0.034375
7 0.500000 0.675000 1.000000 0.087500
3 0.142593 0.675000 0.181481 0.087500
1 0.609259 0.675000 0.751852 0.034375
1 0.500000 0.770833 1.000000 0.104167
1 0.500000 0.866667 1.000000 0.087500
1 0.500000 0.954167 1.000000 0.087500
6 0.500000 0.094792 1.000000 0.102083
3 0.090741 0.094792 0.181481 0.102083
3 0.705556 0.094792 0.509259 0.102083
9 0.500000 0.189583 1.000000 0.087500
1 0.119907 0.185938 0.239815 0.080208
1 0.411574 0.185938 0.343519 0.080208
1 0.692130 0.185938 0.217593 0.080208
1 0.900463 0.185938 0.199074 0.080208
7 0.500000 0.329167 1.000000 0.153125
3 0.980556 0.329167 0.038889 0.133333
1 0.480556 0.329167 0.927778 0.134375
8 0.500000 0.649219 1.000000 0.486979
3 0.666667 0.468229 0.198148 0.058333
1 0.531019 0.541667 0.937963 0.078125
3 0.514815 0.690104 0.970370 0.182292
8 0.500000 0.946354 1.000000 0.107292
1 0.531019 0.994792 0.937963 0.010417