6 0.500000 0.094792 1.000000 0.102083
1 0.322222 0.094531 0.255556 0.048438
4 0.090741 0.094792 0.181481 0.102083
1 0.500000 0.177604 1.000000 0.063542
7 0.500000 0.277604 1.000000 0.132292
1 0.250463 0.260417 0.397222 0.039583
1 0.418056 0.297396 0.732407 0.034375
1 0.500000 0.377604 1.000000 0.063542
7 0.500000 0.477604 1.000000 0.132292
1 0.213426 0.460417 0.323148 0.039583
1 0.412963 0.497396 0.722222 0.034375
7 0.500000 0.611979 1.000000 0.132292
1 0.251389 0.594792 0.399074 0.039583
1 0.525926 0.631771 0.948148 0.034375
1 0.500000 0.711979 1.000000 0.063542
7 0.500000 0.811979 1.000000 0.132292
1 0.187963 0.794792 0.272222 0.039583
1 0.525926 0.831771 0.948148 0.034375
7 0.500000 0.940104 1.000000 0.119792
1 0.237500 0.929167 0.371296 0.039583
1 0.507407 0.966146 0.911111 0.034375