3 0.666667 0.109635 0.666667 0.153646
7 0.166667 0.041146 0.333333 0.082292
3 0.160185 0.041146 0.320370 0.082292
1 0.153704 0.057813 0.307407 0.034375
7 0.166667 0.269271 0.333333 0.375000
3 0.160185 0.272917 0.320370 0.367708
1 0.153704 0.432292 0.307407 0.034375
7 0.166667 0.483594 0.333333 0.054688
1 0.160185 0.487240 0.320370 0.047396
7 0.166667 0.742708 0.333333 0.464583
7 0.166667 0.987240 0.333333 0.025521
3 0.160185 0.990885 0.320370 0.018229
7 0.666667 0.268490 0.666667 0.098437
3 0.442130 0.268490 0.171296 0.072396
1 0.775463 0.268490 0.449074 0.054688
7 0.666667 0.367969 0.666667 0.098437
3 0.442130 0.367969 0.171296 0.072396
1 0.775463 0.367969 0.449074 0.054688
1 0.666667 0.467448 0.666667 0.098437
7 0.666667 0.566927 0.666667 0.098437
3 0.442130 0.566927 0.171296 0.072396
1 0.775463 0.566927 0.449074 0.054688
1 0.666667 0.666406 0.666667 0.098437
1 0.666667 0.765885 0.666667 0.098437
7 0.666667 0.865365 0.666667 0.098437
3 0.442130 0.865365 0.171296 0.072396
1 0.775463 0.865365 0.449074 0.054688
7 0.666667 0.957812 0.666667 0.084375
3 0.442130 0.964323 0.171296 0.071354
1 0.775463 0.964844 0.449074 0.054688