9 0.500000 0.521875 1.000000 0.956250
6 0.500000 0.094792 1.000000 0.102083
1 0.464815 0.094531 0.462963 0.048438
4 0.090741 0.094792 0.181481 0.102083
7 0.226852 0.213281 0.433333 0.123438
1 0.226389 0.173437 0.132407 0.034375
7 0.667593 0.213281 0.433333 0.123438
1 0.667130 0.173437 0.219444 0.034375
7 0.945833 0.213281 0.108333 0.123438
7 0.226852 0.400521 0.433333 0.243750
3 0.226852 0.341146 0.222222 0.125000
1 0.226852 0.420833 0.153704 0.034375
7 0.667593 0.400521 0.433333 0.243750
3 0.667593 0.341146 0.222222 0.125000
1 0.667130 0.420833 0.360185 0.034375
7 0.945833 0.400521 0.108333 0.243750
1 0.993056 0.420833 0.013889 0.034375
7 0.226852 0.647917 0.433333 0.243750
3 0.226852 0.588542 0.222222 0.125000
1 0.226852 0.668229 0.194444 0.034375
7 0.667593 0.647917 0.433333 0.243750
3 0.667593 0.588542 0.222222 0.125000
1 0.667593 0.668229 0.203704 0.034375
7 0.945833 0.647917 0.108333 0.243750
7 0.667593 0.886719 0.433333 0.226562
4 0.667593 0.835938 0.222222 0.125000
1 0.667130 0.915625 0.297222 0.034375
7 0.945833 0.886719 0.108333 0.226562