1 0.598148 0.089323 0.803704 0.053646
1 0.108333 0.235937 0.216667 0.202083
3 0.341667 0.235937 0.216667 0.183333
1 0.733333 0.235937 0.533333 0.202083
1 0.108333 0.440104 0.216667 0.202083
3 0.341667 0.440104 0.216667 0.183333
1 0.733333 0.440104 0.533333 0.202083
1 0.108333 0.644271 0.216667 0.202083
4 0.341667 0.644271 0.216667 0.183333
1 0.733333 0.644271 0.533333 0.202083
1 0.108333 0.848698 0.216667 0.202604
4 0.341667 0.848698 0.216667 0.183854
1 0.733333 0.848698 0.533333 0.202604
1 0.108333 0.976042 0.216667 0.047917
3 0.341667 0.980729 0.216667 0.038542
1 0.733333 0.976042 0.533333 0.047917