6 0.500000 0.094792 1.000000 0.102083
3 0.307870 0.094792 0.512037 0.058333
1 0.186111 0.206250 0.307407 0.047917
1 0.908796 0.408854 0.182407 0.058333
2 0.516204 0.324219 0.967593 0.066146
7 0.175926 0.624479 0.351852 0.262500
3 0.175926 0.624479 0.338889 0.255208
5 0.175926 0.624479 0.181481 0.102083
4 0.175926 0.624479 0.088889 0.050000
1 0.500000 0.465625 1.000000 0.055208
7 0.175926 0.905469 0.351852 0.189062
3 0.175926 0.907292 0.338889 0.185417
7 0.620370 0.905469 0.351852 0.189062
3 0.620370 0.907292 0.338889 0.185417
7 0.944444 0.905469 0.111111 0.189062
3 0.947685 0.907292 0.104630 0.185417
1 0.500000 0.783333 1.000000 0.055208