3 0.500000 0.521875 1.000000 0.956250
4 0.071296 0.089063 0.077778 0.043750
1 0.555093 0.089323 0.889815 0.091146
1 0.500000 0.194792 1.000000 0.060417
1 0.500000 0.534896 1.000000 0.060417
1 0.196296 0.266667 0.392593 0.046875
1 0.037037 0.314583 0.074074 0.034375
1 0.181019 0.391667 0.362037 0.046875
1 0.064815 0.439583 0.129630 0.034375
1 0.209722 0.606771 0.419444 0.046875
1 0.162963 0.654687 0.325926 0.034375
1 0.324074 0.731771 0.648148 0.046875
1 0.456019 0.779687 0.912037 0.034375
1 0.202778 0.856771 0.405556 0.046875
1 0.487037 0.904687 0.974074 0.034375
1 0.305093 0.979167 0.610185 0.041667
3 0.162037 0.166927 0.324074 0.064062