4 0.051852 0.072917 0.103704 0.058333
9 0.500000 0.072917 1.000000 0.058333
1 0.333333 0.072917 0.666667 0.058333
1 0.977315 0.072917 0.045370 0.034375
7 0.222222 0.319271 0.424074 0.400000
3 0.222222 0.319271 0.424074 0.400000
1 0.222222 0.473698 0.424074 0.091146
7 0.666667 0.319271 0.424074 0.400000
3 0.666667 0.319271 0.424074 0.400000
1 0.666667 0.473698 0.424074 0.091146
7 0.949537 0.319271 0.100926 0.400000
3 0.949537 0.319271 0.100926 0.400000
1 0.949537 0.473698 0.100926 0.091146
7 0.222222 0.730729 0.424074 0.400000
3 0.222222 0.730729 0.424074 0.400000
1 0.222222 0.885156 0.424074 0.091146
7 0.666667 0.730729 0.424074 0.400000
3 0.666667 0.730729 0.424074 0.400000
1 0.666667 0.885156 0.424074 0.091146
7 0.949537 0.730729 0.100926 0.400000
3 0.949537 0.730729 0.100926 0.400000
1 0.949537 0.885156 0.100926 0.091146
7 0.222222 0.971094 0.424074 0.057813
3 0.222222 0.971094 0.424074 0.057813
7 0.666667 0.971094 0.424074 0.057813
3 0.666667 0.971094 0.424074 0.057813
7 0.949537 0.971094 0.100926 0.057813
3 0.949537 0.971094 0.100926 0.057813