6 0.500000 0.094792 1.000000 0.102083
4 0.090741 0.094792 0.181481 0.102083
3 0.666667 0.094792 0.518519 0.080208
1 0.508333 0.284635 0.983333 0.098437
8 0.508333 0.576823 0.983333 0.448437
3 0.512963 0.576823 0.974074 0.434896
1 0.151852 0.760417 0.187037 0.031250
8 0.508333 0.909896 0.983333 0.180208
1 0.182870 0.867188 0.249074 0.034375
1 0.168056 0.938021 0.219444 0.036458
3 0.058333 0.990885 0.064815 0.018229
1 0.225926 0.990885 0.205556 0.018229
1 0.455093 0.938021 0.039815 0.036458
1 0.455556 0.990885 0.051852 0.018229
1 0.571759 0.938021 0.025000 0.036458
1 0.572222 0.990885 0.025926 0.018229
1 0.676852 0.938021 0.027778 0.036458
1 0.676852 0.990885 0.025926 0.018229
1 0.800463 0.938021 0.086111 0.036458
1 0.800926 0.990885 0.090741 0.018229
1 0.965741 0.938021 0.068519 0.036458
1 0.955556 0.990885 0.088889 0.018229
9 0.500000 0.189583 1.000000 0.087500
1 0.333333 0.189323 0.137037 0.029687
1 0.953241 0.189323 0.093519 0.029687