1 0.508333 0.060937 0.983333 0.034375
2 0.532407 0.114062 0.935185 0.071875
1 0.508333 0.167187 0.983333 0.034375
2 0.532407 0.220312 0.935185 0.071875
1 0.508333 0.273438 0.983333 0.034375
2 0.532407 0.326562 0.935185 0.071875
1 0.508333 0.379688 0.983333 0.034375
2 0.532407 0.432812 0.935185 0.071875
1 0.508333 0.485938 0.983333 0.034375
2 0.532407 0.539062 0.935185 0.071875
1 0.508333 0.592187 0.983333 0.034375
2 0.532407 0.645312 0.935185 0.071875
1 0.508333 0.698438 0.983333 0.034375
1 0.532407 0.749219 0.935185 0.067187
1 0.508333 0.800000 0.983333 0.034375
1 0.532407 0.850781 0.935185 0.067187
1 0.508333 0.901563 0.983333 0.034375
1 0.532407 0.952344 0.935185 0.067187
1 0.666204 0.997656 0.486111 0.004687