1 0.666667 0.486979 0.129630 0.072917
3 0.666667 0.373437 0.324074 0.182292
0 0.225926 0.045833 0.129630 0.072917
1 0.394444 0.045833 0.207407 0.058333
0 0.562963 0.045833 0.129630 0.072917
1 0.731481 0.045833 0.207407 0.058333
0 0.900000 0.045833 0.129630 0.072917
1 0.982407 0.045833 0.035185 0.058333
0 0.457407 0.118750 0.129630 0.072917
1 0.540741 0.118750 0.037037 0.058333
0 0.640741 0.118750 0.129630 0.072917
1 0.724074 0.118750 0.037037 0.058333
0 0.824074 0.118750 0.129630 0.072917
1 0.914815 0.118750 0.051852 0.058333