6 0.500000 0.087500 1.000000 0.087500
4 0.059259 0.087500 0.118519 0.087500
4 0.058333 0.087500 0.116667 0.043750
1 0.343981 0.087240 0.450926 0.044271
9 0.500000 0.160417 1.000000 0.058333
1 0.166667 0.160417 0.333333 0.058333
1 0.500000 0.160417 0.333333 0.058333
1 0.833333 0.160417 0.333333 0.058333
7 0.338889 0.360156 0.638889 0.319271
1 0.338889 0.496875 0.638889 0.045833
1 0.338889 0.337240 0.638889 0.273438
4 0.338889 0.336979 0.129630 0.072917
7 0.837037 0.360156 0.325926 0.319271
1 0.837037 0.496875 0.325926 0.045833
1 0.837037 0.337240 0.325926 0.273438
7 0.338889 0.688281 0.638889 0.319271
1 0.338889 0.825000 0.638889 0.045833
1 0.338889 0.665365 0.638889 0.273438
7 0.837037 0.688281 0.325926 0.319271
1 0.837037 0.825000 0.325926 0.045833
1 0.837037 0.665365 0.325926 0.273438
7 0.338889 0.928385 0.638889 0.143229
1 0.338889 0.928385 0.638889 0.143229
7 0.837037 0.928385 0.325926 0.143229
1 0.837037 0.928385 0.325926 0.143229