6 0.500000 0.094792 1.000000 0.102083
1 0.269444 0.094792 0.150000 0.053125
4 0.090741 0.094792 0.181481 0.102083
4 0.933333 0.094792 0.133333 0.087500
9 0.500000 0.196875 1.000000 0.102083
1 0.221759 0.196875 0.143519 0.039583
1 0.666204 0.196875 0.225000 0.039583
7 0.500000 0.420312 1.000000 0.344792
3 0.500000 0.419792 1.000000 0.343750
7 0.500000 0.646354 1.000000 0.107292
1 0.259259 0.645833 0.518519 0.087500
7 0.500000 0.753646 1.000000 0.107292
1 0.242593 0.753125 0.485185 0.087500
1 0.500000 0.851042 1.000000 0.087500
1 0.500000 0.938542 1.000000 0.087500
1 0.500000 0.991146 1.000000 0.017708