6 0.500000 0.087500 1.000000 0.087500
3 0.025926 0.087500 0.051852 0.029167
3 0.091667 0.087500 0.103704 0.058333
1 0.315278 0.087240 0.317593 0.044271
9 0.388889 0.565625 0.777778 0.868750
7 0.388889 0.189583 0.777778 0.116667
3 0.079630 0.189583 0.081481 0.102083
1 0.382870 0.189583 0.447222 0.116667
7 0.388889 0.308333 0.777778 0.116667
3 0.079630 0.308333 0.081481 0.102083
1 0.361111 0.308333 0.403704 0.116667
7 0.388889 0.427083 0.777778 0.116667
3 0.079630 0.427083 0.081481 0.102083
1 0.330093 0.427083 0.341667 0.116667
2 0.500000 0.176823 1.000000 0.091146
7 0.500000 0.263802 1.000000 0.082812
3 0.094444 0.245312 0.155556 0.045833
1 0.875926 0.227083 0.159259 0.009375
1 0.267593 0.288021 0.157407 0.034375
1 0.383796 0.229427 0.389815 0.014063
1 0.355556 0.253646 0.333333 0.034375
7 0.500000 0.376042 1.000000 0.142708
3 0.094444 0.366667 0.155556 0.087500
1 0.816667 0.324479 0.040741 0.039583
1 0.875926 0.359115 0.159259 0.029687
1 0.309722 0.324479 0.241667 0.039583
1 0.267593 0.430208 0.157407 0.034375
1 0.372222 0.361458 0.366667 0.034375
1 0.312037 0.395833 0.246296 0.034375
7 0.500000 0.518229 1.000000 0.142708
3 0.094444 0.508854 0.155556 0.087500
1 0.862963 0.466667 0.133333 0.039583
1 0.875926 0.501302 0.159259 0.029687
1 0.309722 0.466667 0.241667 0.039583
1 0.267593 0.572396 0.157407 0.034375
1 0.369907 0.503646 0.362037 0.034375
1 0.318519 0.538021 0.259259 0.034375
7 0.500000 0.660417 1.000000 0.142708
3 0.094444 0.651042 0.155556 0.087500
1 0.816667 0.608854 0.040741 0.039583
1 0.875926 0.643490 0.159259 0.029687
1 0.386111 0.608854 0.394444 0.039583
1 0.267593 0.714583 0.157407 0.034375
1 0.330556 0.645833 0.283333 0.034375
1 0.318519 0.680208 0.259259 0.034375
7 0.500000 0.802604 1.000000 0.142708
3 0.094444 0.793229 0.155556 0.087500
1 0.862963 0.751042 0.133333 0.039583
1 0.875926 0.785677 0.159259 0.029687
1 0.309722 0.751042 0.241667 0.039583
1 0.267593 0.856771 0.157407 0.034375
1 0.411574 0.788021 0.445370 0.034375
1 0.318519 0.822396 0.259259 0.034375
7 0.500000 0.936719 1.000000 0.126562
3 0.094444 0.935417 0.155556 0.087500
1 0.862963 0.893229 0.133333 0.039583
1 0.875926 0.927865 0.159259 0.029687
1 0.258333 0.893229 0.138889 0.039583
1 0.267593 0.990885 0.157407 0.018229
1 0.318981 0.930208 0.260185 0.034375
1 0.318981 0.964583 0.260185 0.034375