6 0.500000 0.089323 1.000000 0.091146
4 0.060185 0.089323 0.120370 0.091146
3 0.325000 0.089323 0.344444 0.091146
3 0.927778 0.089323 0.116667 0.091146
7 0.500000 0.442188 1.000000 0.614583
1 0.500000 0.557813 1.000000 0.153125
3 0.081019 0.308073 0.162037 0.127604
3 0.242130 0.661719 0.075000 0.020313
1 0.368981 0.661458 0.178704 0.031250
3 0.942593 0.661719 0.114815 0.020313
3 0.500000 0.308073 1.000000 0.346354
1 0.133333 0.461719 0.266667 0.039062
7 0.500000 0.874740 1.000000 0.250521
1 0.146759 0.777344 0.228704 0.055729
1 0.341667 0.975521 0.618519 0.048958
1 0.841204 0.975521 0.317593 0.048958
3 0.341667 0.878125 0.618519 0.145833
3 0.841204 0.878125 0.317593 0.145833