6 0.500000 0.087500 1.000000 0.087500
1 0.967130 0.087500 0.065741 0.087500
4 0.051852 0.087500 0.103704 0.058333
3 0.143519 0.087500 0.103704 0.058333
1 0.363889 0.087240 0.311111 0.044271
9 0.500000 0.565625 1.000000 0.868750
7 0.500000 0.151823 1.000000 0.041146
1 0.136574 0.151562 0.213889 0.039583
7 0.500000 0.205469 1.000000 0.061979
1 0.125926 0.205469 0.192593 0.061979
7 0.500000 0.269531 1.000000 0.061979
1 0.167130 0.269531 0.275000 0.061979
7 0.500000 0.323177 1.000000 0.041146
1 0.141204 0.322917 0.223148 0.039583
7 0.500000 0.376823 1.000000 0.061979
1 0.211111 0.376823 0.362963 0.061979
7 0.500000 0.440885 1.000000 0.061979
1 0.375463 0.440885 0.691667 0.061979
7 0.500000 0.504948 1.000000 0.061979
1 0.263889 0.504948 0.468519 0.061979
7 0.500000 0.569010 1.000000 0.061979
1 0.244444 0.569010 0.429630 0.061979
7 0.500000 0.622656 1.000000 0.041146
1 0.141204 0.622396 0.223148 0.039583
7 0.500000 0.676302 1.000000 0.061979
1 0.107407 0.676302 0.155556 0.061979
7 0.500000 0.740365 1.000000 0.061979
1 0.222222 0.740365 0.385185 0.061979
7 0.500000 0.794010 1.000000 0.041146
1 0.081481 0.793750 0.103704 0.039583
7 0.500000 0.847656 1.000000 0.061979
4 0.043519 0.847396 0.053704 0.030208
1 0.334259 0.847656 0.609259 0.061979
7 0.500000 0.901302 1.000000 0.041146
1 0.201852 0.901042 0.344444 0.039583
7 0.500000 0.954948 1.000000 0.061979
1 0.201389 0.954948 0.343519 0.061979
7 0.500000 0.994010 1.000000 0.011979
1 0.273148 0.994010 0.487037 0.011979
3 0.500000 0.535937 1.000000 0.578125
1 0.094907 0.234635 0.189815 0.024479
1 0.284722 0.234635 0.189815 0.024479
1 0.475000 0.234635 0.190741 0.024479
1 0.665741 0.234635 0.190741 0.024479
1 0.856481 0.234635 0.190741 0.024479
1 0.975926 0.234635 0.048148 0.024479
3 0.110648 0.176823 0.200926 0.079687
1 0.665741 0.176823 0.400000 0.048438