6 0.500000 0.094792 1.000000 0.102083
4 0.090741 0.094792 0.181481 0.102083
1 0.417130 0.075260 0.367593 0.048438
1 0.282870 0.119010 0.099074 0.039062
1 0.183796 0.348958 0.367593 0.034375
1 0.667130 0.348958 0.495370 0.034375
1 0.983333 0.348958 0.033333 0.034375
7 0.506481 0.437500 0.987037 0.109375
3 0.175000 0.437500 0.324074 0.109375
1 0.074537 0.477344 0.123148 0.029687
1 0.675000 0.402865 0.650000 0.040104
7 0.506481 0.543229 0.987037 0.087500
3 0.090741 0.543229 0.116667 0.065625
1 0.263426 0.527604 0.195370 0.034375
1 0.267593 0.559635 0.203704 0.029687
1 0.126389 0.233333 0.226852 0.160417
1 0.366204 0.233333 0.226852 0.160417
1 0.606019 0.233333 0.226852 0.160417
1 0.845833 0.233333 0.226852 0.160417
1 0.986111 0.233333 0.027778 0.160417