9 0.486111 0.500000 0.972222 1.000000
1 0.486111 0.354687 0.972222 0.087500
1 0.486111 0.445833 0.972222 0.087500
1 0.486111 0.536979 0.972222 0.087500
1 0.486111 0.628125 0.972222 0.087500
1 0.486111 0.719271 0.972222 0.087500
1 0.486111 0.810417 0.972222 0.087500
1 0.486111 0.901563 0.972222 0.087500
1 0.486111 0.974479 0.972222 0.051042
3 0.129630 0.087500 0.155556 0.116667
1 0.486111 0.182552 0.868519 0.066146
1 0.351389 0.237760 0.599074 0.036979
6 0.500000 0.051042 1.000000 0.102083
3 0.090741 0.051042 0.181481 0.102083
1 0.590741 0.050781 0.818519 0.053646
1 0.235185 0.134896 0.470370 0.065625
1 0.681019 0.134896 0.421296 0.065625
1 0.945833 0.134896 0.108333 0.065625
1 0.513426 0.717708 0.973148 0.564583
3 0.241204 0.303385 0.441667 0.248438
1 0.757407 0.224219 0.485185 0.094271
1 0.757407 0.350521 0.485185 0.158333