6 0.500000 0.094792 1.000000 0.102083
4 0.072222 0.094792 0.142593 0.080208
3 0.281944 0.094792 0.276852 0.080208
4 0.933333 0.094792 0.133333 0.087500
1 0.127315 0.184896 0.187963 0.032292
7 0.280093 0.368750 0.526852 0.291667
3 0.271759 0.366406 0.510185 0.286979
3 0.036574 0.512240 0.032407 0.004687
1 0.293056 0.512240 0.467593 0.004687
7 0.771759 0.368750 0.456481 0.291667
3 0.771759 0.366406 0.456481 0.286979
3 0.563426 0.512240 0.032407 0.004687
1 0.793056 0.512240 0.413889 0.004687
1 0.114815 0.553646 0.162963 0.032292
7 0.280093 0.737500 0.526852 0.291667
3 0.271759 0.735156 0.510185 0.286979
3 0.036574 0.880990 0.032407 0.004687
1 0.293056 0.880990 0.467593 0.004687
7 0.771759 0.737500 0.456481 0.291667
3 0.771759 0.735156 0.456481 0.286979
4 0.563426 0.880990 0.032407 0.004687
1 0.793056 0.880990 0.413889 0.004687
1 0.176389 0.922396 0.286111 0.032292
7 0.280093 0.980208 0.526852 0.039583
3 0.271759 0.980208 0.510185 0.039583
7 0.771759 0.980208 0.456481 0.039583
3 0.771759 0.980208 0.456481 0.039583