6 0.500000 0.094792 1.000000 0.102083
4 0.090741 0.094792 0.181481 0.102083
1 0.328704 0.094531 0.268519 0.048438
1 0.141204 0.214323 0.243519 0.136979
1 0.639815 0.179948 0.720370 0.064062
1 0.437500 0.265885 0.315741 0.029687
7 0.508333 0.350260 0.983333 0.134896
1 0.172222 0.308854 0.279630 0.034375
1 0.370833 0.303906 0.104630 0.024479
1 0.144444 0.352865 0.224074 0.053646
4 0.295370 0.347917 0.077778 0.043750
1 0.504167 0.348177 0.339815 0.044271
1 0.090741 0.396875 0.116667 0.034375
1 0.220370 0.396875 0.116667 0.034375
1 0.406944 0.396875 0.230556 0.034375
1 0.593519 0.396875 0.116667 0.034375
7 0.508333 0.487240 0.983333 0.134896
1 0.187037 0.445833 0.309259 0.034375
1 0.396759 0.440885 0.097222 0.024479
1 0.144444 0.489844 0.224074 0.053646
4 0.295370 0.484896 0.077778 0.043750
1 0.504167 0.485156 0.339815 0.044271
1 0.090741 0.533854 0.116667 0.034375
1 0.220370 0.533854 0.116667 0.034375
1 0.406944 0.533854 0.230556 0.034375
1 0.593519 0.533854 0.116667 0.034375
7 0.508333 0.624219 0.983333 0.134896
1 0.151389 0.582812 0.237963 0.034375
1 0.332407 0.577865 0.111111 0.024479
1 0.144444 0.626823 0.224074 0.053646
4 0.295370 0.621875 0.077778 0.043750
1 0.520370 0.622135 0.372222 0.044271
1 0.090741 0.670833 0.116667 0.034375
1 0.220370 0.670833 0.116667 0.034375
1 0.406944 0.670833 0.230556 0.034375
1 0.593519 0.670833 0.116667 0.034375
7 0.508333 0.761198 0.983333 0.134896
1 0.286111 0.719792 0.507407 0.034375
1 0.581019 0.714844 0.069444 0.024479
1 0.144444 0.763802 0.224074 0.053646
4 0.295370 0.758854 0.077778 0.043750
1 0.504167 0.759115 0.339815 0.044271
1 0.090741 0.807813 0.116667 0.034375
1 0.220370 0.807813 0.116667 0.034375
1 0.406944 0.807813 0.230556 0.034375
1 0.593519 0.807813 0.116667 0.034375
7 0.508333 0.898177 0.983333 0.134896
1 0.184259 0.856771 0.303704 0.034375
1 0.393981 0.851823 0.102778 0.024479
1 0.144444 0.900781 0.224074 0.053646
4 0.295370 0.895833 0.077778 0.043750
1 0.504167 0.896094 0.339815 0.044271
1 0.090741 0.944792 0.116667 0.034375
1 0.220370 0.944792 0.116667 0.034375
1 0.406944 0.944792 0.230556 0.034375
1 0.593519 0.944792 0.116667 0.034375
7 0.508333 0.983854 0.983333 0.032292
1 0.187500 0.988281 0.310185 0.023438
1 0.390741 0.988281 0.083333 0.023438