6 0.500000 0.087500 1.000000 0.087500
4 0.091667 0.087500 0.129630 0.087500
3 0.091667 0.087500 0.103704 0.058333
4 0.985185 0.087500 0.029630 0.087500
1 0.284722 0.087240 0.256481 0.044271
1 0.222222 0.186979 0.444444 0.111458
1 0.666667 0.186979 0.444444 0.111458
1 0.944444 0.186979 0.111111 0.111458
7 0.500000 0.308333 1.000000 0.131250
4 0.110185 0.308333 0.142593 0.080208
1 0.616667 0.329167 0.766667 0.034375
1 0.326852 0.290104 0.187037 0.039583
4 0.450000 0.291927 0.059259 0.035937
7 0.500000 0.440625 1.000000 0.131250
3 0.110185 0.440625 0.142593 0.080208
1 0.616667 0.461458 0.766667 0.034375
1 0.293519 0.422396 0.120370 0.039583
3 0.383333 0.424219 0.059259 0.035937
7 0.500000 0.572917 1.000000 0.131250
3 0.110185 0.572917 0.142593 0.080208
1 0.616667 0.593750 0.766667 0.034375
1 0.350463 0.554688 0.234259 0.039583
7 0.500000 0.705208 1.000000 0.131250
3 0.110185 0.705208 0.142593 0.080208
1 0.616667 0.726042 0.766667 0.034375
1 0.296296 0.686979 0.125926 0.039583
3 0.388889 0.688802 0.059259 0.035937
7 0.500000 0.837500 1.000000 0.131250
3 0.110185 0.837500 0.142593 0.080208
1 0.616667 0.858333 0.766667 0.034375
1 0.330556 0.819271 0.194444 0.039583
7 0.500000 0.952083 1.000000 0.095833
3 0.110185 0.964844 0.142593 0.070312
1 0.616667 0.986719 0.766667 0.026562
1 0.297222 0.951562 0.127778 0.039583
4 0.390741 0.953385 0.059259 0.035937