3 0.090741 0.094010 0.129630 0.064062
1 0.238889 0.094010 0.127778 0.052604
7 0.500000 0.572135 1.000000 0.855729
7 0.500000 0.315885 1.000000 0.211979
3 0.156019 0.311198 0.217593 0.173437
3 0.156481 0.314844 0.218519 0.180729
1 0.404167 0.256510 0.217593 0.042188
1 0.423148 0.298177 0.255556 0.033854
1 0.576852 0.298177 0.051852 0.033854
1 0.612500 0.299219 0.019444 0.029687
1 0.683333 0.298177 0.122222 0.033854
1 0.770370 0.298177 0.051852 0.033854
1 0.336111 0.339323 0.081481 0.033854
1 0.369907 0.376823 0.149074 0.033854
1 0.594907 0.376823 0.236111 0.033854
7 0.500000 0.527865 1.000000 0.211979
3 0.156019 0.523177 0.217593 0.173437
3 0.156481 0.526823 0.218519 0.180729
1 0.448148 0.468490 0.305556 0.042188
1 0.356481 0.510156 0.122222 0.033854
1 0.336111 0.551302 0.081481 0.033854
1 0.369907 0.588802 0.149074 0.033854
1 0.594907 0.588802 0.236111 0.033854
7 0.500000 0.739844 1.000000 0.211979
3 0.156019 0.735156 0.217593 0.173437
3 0.156481 0.738802 0.218519 0.180729
1 0.570833 0.680469 0.550926 0.042188
1 0.423148 0.722135 0.255556 0.033854
1 0.576852 0.722135 0.051852 0.033854
1 0.612500 0.723177 0.019444 0.029687
1 0.683333 0.722135 0.122222 0.033854
1 0.770370 0.722135 0.051852 0.033854
1 0.336111 0.763281 0.081481 0.033854
1 0.369907 0.800781 0.149074 0.033854
1 0.594907 0.800781 0.236111 0.033854
7 0.500000 0.922917 1.000000 0.154167
3 0.156019 0.930208 0.217593 0.139583
3 0.156481 0.930208 0.218519 0.139583
1 0.647685 0.892448 0.704630 0.042188
1 0.647685 0.934115 0.704630 0.033854
1 0.336111 0.975260 0.081481 0.033854
1 0.369907 0.997917 0.149074 0.004167
1 0.594907 0.997917 0.236111 0.004167
1 0.166667 0.178385 0.235185 0.064062