3 0.090741 0.094010 0.129630 0.064062
1 0.238889 0.094010 0.127778 0.052604
7 0.500000 0.572135 1.000000 0.855729
7 0.500000 0.274479 1.000000 0.129167
3 0.156019 0.262500 0.217593 0.105208
3 0.156481 0.266146 0.218519 0.112500
1 0.356481 0.221094 0.122222 0.022396
1 0.336111 0.256510 0.081481 0.033854
1 0.369907 0.294010 0.149074 0.033854
1 0.594907 0.294010 0.236111 0.033854
7 0.500000 0.445052 1.000000 0.211979
3 0.156019 0.440365 0.217593 0.173437
3 0.156481 0.444010 0.218519 0.180729
1 0.346296 0.385677 0.101852 0.042188
1 0.423148 0.427344 0.255556 0.033854
1 0.576852 0.427344 0.051852 0.033854
1 0.612500 0.428385 0.019444 0.029687
1 0.683333 0.427344 0.122222 0.033854
1 0.770370 0.427344 0.051852 0.033854
1 0.336111 0.468490 0.081481 0.033854
1 0.382407 0.505990 0.174074 0.033854
1 0.619907 0.505990 0.236111 0.033854
7 0.500000 0.657031 1.000000 0.211979
3 0.156019 0.652344 0.217593 0.173437
3 0.156481 0.655990 0.218519 0.180729
1 0.429630 0.597656 0.268519 0.042188
1 0.356481 0.639323 0.122222 0.033854
1 0.336111 0.680469 0.081481 0.033854
1 0.369907 0.717969 0.149074 0.033854
1 0.594907 0.717969 0.236111 0.033854
7 0.500000 0.869010 1.000000 0.211979
3 0.156019 0.864323 0.217593 0.173437
3 0.156481 0.867969 0.218519 0.180729
1 0.371759 0.809635 0.152778 0.042188
1 0.356481 0.851302 0.122222 0.033854
1 0.336111 0.892448 0.081481 0.033854
1 0.369907 0.929948 0.149074 0.033854
1 0.594907 0.929948 0.236111 0.033854
7 0.500000 0.987500 1.000000 0.025000
3 0.156019 0.994792 0.217593 0.010417
3 0.156481 0.994792 0.218519 0.010417
1 0.166667 0.178385 0.235185 0.064062