6 0.500000 0.094792 1.000000 0.102083
1 0.251389 0.094792 0.399074 0.102083
7 0.525926 0.166146 0.948148 0.040625
1 0.174537 0.151562 0.141667 0.011458
7 0.525926 0.237500 0.948148 0.097917
1 0.201389 0.237500 0.195370 0.039583
1 0.525926 0.320312 0.948148 0.063542
7 0.525926 0.412500 0.948148 0.116667
4 0.115278 0.412240 0.113889 0.064062
1 0.321759 0.412240 0.252778 0.044271
7 0.525926 0.531250 0.948148 0.116667
4 0.115278 0.530990 0.113889 0.064062
1 0.285185 0.530990 0.179630 0.044271
7 0.525926 0.650000 0.948148 0.116667
3 0.115278 0.649740 0.113889 0.064062
1 0.286111 0.649740 0.181481 0.044271
7 0.525926 0.768750 0.948148 0.116667
3 0.115278 0.768490 0.113889 0.064062
1 0.308796 0.768490 0.226852 0.044271
7 0.525926 0.887500 0.948148 0.116667
4 0.115278 0.887240 0.113889 0.064062
1 0.311574 0.887240 0.232407 0.044271
1 0.525926 0.973958 0.948148 0.052083