9 0.453704 0.500000 0.907407 1.000000
1 0.453704 0.496875 0.907407 0.437500
4 0.259259 0.210417 0.064815 0.036458
1 0.501852 0.210417 0.355556 0.087500
1 0.453704 0.097135 0.907407 0.102604
6 0.500000 0.094792 1.000000 0.102083
3 0.090741 0.094792 0.181481 0.102083
1 0.391667 0.094531 0.316667 0.048438
7 0.335185 0.305469 0.662963 0.319271
8 0.335185 0.305469 0.655556 0.315104
3 0.335185 0.305469 0.635185 0.298438
3 0.335185 0.279948 0.635185 0.247396
1 0.334722 0.429167 0.369444 0.051042
7 0.833333 0.305469 0.333333 0.319271
8 0.835185 0.305469 0.329630 0.315104
3 0.840278 0.305469 0.319444 0.298438
3 0.840278 0.279948 0.319444 0.247396
1 0.911574 0.429167 0.176852 0.051042
7 0.335185 0.624740 0.662963 0.319271
8 0.335185 0.624740 0.655556 0.315104
3 0.335185 0.624740 0.635185 0.298438
3 0.335185 0.599219 0.635185 0.247396
1 0.334722 0.748437 0.258333 0.051042
7 0.833333 0.624740 0.333333 0.319271
8 0.835185 0.624740 0.329630 0.315104
3 0.840278 0.624740 0.319444 0.298438
3 0.840278 0.599219 0.319444 0.247396
1 0.948611 0.748437 0.102778 0.051042
7 0.335185 0.892188 0.662963 0.215625
8 0.335185 0.893229 0.655556 0.213542
3 0.335185 0.897396 0.635185 0.205208
3 0.335185 0.897396 0.635185 0.205208
7 0.833333 0.892188 0.333333 0.215625
8 0.835185 0.893229 0.329630 0.213542
3 0.840278 0.897396 0.319444 0.205208
3 0.840278 0.897396 0.319444 0.205208