6 0.500000 0.189583 1.000000 0.204167
4 0.181481 0.189583 0.362963 0.204167
1 0.499074 0.145313 0.231481 0.048958
1 0.691667 0.214062 0.616667 0.088542
7 0.500000 0.645833 1.000000 0.708333
1 0.545370 0.408854 0.909259 0.088542
1 0.545370 0.491667 0.909259 0.054167
3 0.861111 0.946875 0.277778 0.106250
1 0.266667 0.557292 0.351852 0.054167
1 0.467593 0.562500 0.024074 0.052083
1 0.737963 0.557292 0.490741 0.054167
1 0.262963 0.670833 0.344444 0.068750
1 0.359259 0.746875 0.537037 0.068750
1 0.390741 0.822917 0.600000 0.068750
1 0.894444 0.670833 0.211111 0.068750
1 0.894444 0.822917 0.211111 0.068750
3 0.353704 0.946875 0.525926 0.106250
1 0.894444 0.746875 0.211111 0.068750