1 0.615741 0.121875 0.768519 0.064583
7 0.599537 0.231250 0.800926 0.116667
1 0.615741 0.230990 0.768519 0.053646
7 0.599537 0.348958 0.800926 0.116667
1 0.615741 0.348698 0.768519 0.053646
7 0.599537 0.466667 0.800926 0.116667
1 0.615741 0.466406 0.768519 0.053646
7 0.599537 0.584375 0.800926 0.116667
1 0.615741 0.584115 0.768519 0.053646
7 0.599537 0.702083 0.800926 0.116667
1 0.615741 0.701823 0.768519 0.053646
7 0.599537 0.819792 0.800926 0.116667
1 0.615741 0.819531 0.768519 0.053646
7 0.599537 0.937500 0.800926 0.116667
1 0.615741 0.937240 0.768519 0.053646
7 0.599537 0.998437 0.800926 0.003125