6 0.500000 0.094792 1.000000 0.102083
4 0.090741 0.094792 0.181481 0.102083
1 0.377778 0.094531 0.288889 0.042188
1 0.974537 0.640625 0.050926 0.079167
1 0.500000 0.740625 1.000000 0.065625
1 0.265741 0.662760 0.433333 0.029687
3 0.500000 0.332813 1.000000 0.337500
3 0.496296 0.542188 0.077778 0.043750
3 0.594444 0.542188 0.051852 0.029167
3 0.679630 0.542188 0.051852 0.029167
3 0.764815 0.542188 0.051852 0.029167
4 0.850000 0.542188 0.051852 0.029167
1 0.188426 0.625781 0.278704 0.044271
1 0.419444 0.625781 0.150000 0.029687
3 0.081481 0.808594 0.064815 0.025521
1 0.190278 0.808854 0.152778 0.034375
1 0.633333 0.808854 0.733333 0.034375
3 0.081481 0.881510 0.064815 0.025521
1 0.202315 0.881771 0.176852 0.034375
1 0.645370 0.881771 0.709259 0.034375
3 0.081481 0.954427 0.064815 0.025521
1 0.228704 0.954688 0.229630 0.034375
1 0.671759 0.954688 0.656481 0.034375