9 0.500000 0.521875 1.000000 0.956250
7 0.500000 0.089323 1.000000 0.091146
3 0.003241 0.089323 0.006481 0.091146
4 0.102315 0.089063 0.087963 0.031250
1 0.615278 0.088802 0.769444 0.029687
7 0.500000 0.180469 1.000000 0.091146
3 0.102315 0.180208 0.087963 0.031250
1 0.615278 0.179948 0.769444 0.029687
7 0.500000 0.271615 1.000000 0.091146
3 0.102315 0.271354 0.087963 0.031250
1 0.615278 0.271094 0.769444 0.029687
7 0.500000 0.362760 1.000000 0.091146
3 0.102315 0.362500 0.087963 0.031250
1 0.615278 0.362240 0.769444 0.029687
7 0.500000 0.453906 1.000000 0.091146
3 0.102315 0.453646 0.087963 0.031250
1 0.615278 0.453385 0.769444 0.029687
7 0.500000 0.545052 1.000000 0.091146
4 0.102315 0.544792 0.087963 0.031250
1 0.615278 0.544531 0.769444 0.029687
7 0.500000 0.636198 1.000000 0.091146
4 0.102315 0.635938 0.087963 0.031250
1 0.615278 0.635677 0.769444 0.029687
7 0.500000 0.727344 1.000000 0.091146
4 0.102315 0.727083 0.087963 0.031250
1 0.615278 0.726823 0.769444 0.029687
6 0.500000 0.094792 1.000000 0.102083
4 0.090741 0.094792 0.181481 0.102083
1 0.616667 0.094531 0.766667 0.042188
2 0.519444 0.184115 0.961111 0.076563
8 0.666667 0.608333 0.185185 0.030208
1 0.945370 0.903906 0.109259 0.173437
3 0.220833 0.706250 0.136111 0.045833
1 0.220833 0.755729 0.110185 0.034375
3 0.666204 0.706250 0.136111 0.045833
1 0.666204 0.755729 0.180556 0.034375
3 0.220833 0.881771 0.136111 0.045833
1 0.220833 0.931250 0.152778 0.034375
3 0.666204 0.881771 0.136111 0.045833
1 0.665741 0.931250 0.287037 0.034375
3 0.500000 0.441146 1.000000 0.401042
1 0.512963 0.539062 0.974074 0.088542