6 0.500000 0.094792 1.000000 0.102083
4 0.090741 0.094792 0.181481 0.102083
7 0.500000 0.463021 1.000000 0.109375
1 0.229167 0.485938 0.354630 0.034375
7 0.500000 0.597917 1.000000 0.160417
3 0.165278 0.597656 0.226852 0.127604
1 0.602778 0.580729 0.544444 0.039583
1 0.518519 0.617708 0.375926 0.034375
7 0.500000 0.732812 1.000000 0.109375
1 0.174537 0.755729 0.245370 0.034375
7 0.500000 0.845833 1.000000 0.116667
1 0.090741 0.845833 0.077778 0.034375
3 0.204167 0.845573 0.149074 0.083854
1 0.665278 0.845833 0.669444 0.116667
7 0.500000 0.952083 1.000000 0.095833
1 0.090741 0.962500 0.077778 0.034375
3 0.204167 0.960156 0.149074 0.079687
1 0.665278 0.952083 0.669444 0.095833
6 0.500000 0.226042 1.000000 0.364583
3 0.500000 0.226042 1.000000 0.364583
3 0.239815 0.266146 0.375926 0.211458
1 0.713426 0.222135 0.441667 0.048438
4 0.518519 0.290104 0.051852 0.029167
1 0.771296 0.289844 0.414815 0.042188