1 0.500000 0.080208 1.000000 0.072917
1 0.129630 0.082552 0.207407 0.048438
1 0.532407 0.333333 0.935185 0.093750
3 0.463426 0.192448 0.356481 0.078646
4 0.845370 0.192448 0.309259 0.078646
7 0.532407 0.479167 0.935185 0.179167
3 0.224074 0.479167 0.285185 0.160417
1 0.691667 0.416146 0.616667 0.034375
1 0.691667 0.459896 0.616667 0.034375
1 0.691667 0.503646 0.616667 0.034375
7 0.532407 0.659375 0.935185 0.179167
3 0.224074 0.659375 0.285185 0.160417
1 0.691667 0.596354 0.616667 0.034375
1 0.691667 0.640104 0.616667 0.034375
1 0.691667 0.683854 0.616667 0.034375
7 0.532407 0.839583 0.935185 0.179167
3 0.224074 0.839583 0.285185 0.160417
1 0.691667 0.776563 0.616667 0.034375
1 0.691667 0.820312 0.616667 0.034375
1 0.691667 0.864062 0.616667 0.034375
7 0.532407 0.965104 0.935185 0.069792
3 0.224074 0.969792 0.285185 0.060417
1 0.691667 0.956771 0.616667 0.034375
1 0.691667 0.991667 0.616667 0.016667