6 0.500000 0.094792 1.000000 0.102083
4 0.090741 0.094792 0.181481 0.102083
1 0.277315 0.094531 0.165741 0.048438
7 0.512963 0.190365 0.974074 0.059896
1 0.512963 0.190365 0.974074 0.059896
7 0.512963 0.334635 0.974074 0.229687
1 0.362500 0.259896 0.608333 0.043750
1 0.833333 0.259896 0.333333 0.043750
1 0.261111 0.412240 0.405556 0.030729
1 0.666667 0.412240 0.405556 0.030729
1 0.934722 0.412240 0.130556 0.030729
1 0.089815 0.325260 0.062963 0.060937
3 0.543519 0.325521 0.155556 0.087500
1 0.666204 0.325260 0.025000 0.039062
3 0.788889 0.325521 0.155556 0.087500
7 0.512963 0.563802 0.974074 0.229687
1 0.362500 0.489063 0.608333 0.043750
1 0.833333 0.489063 0.333333 0.043750
1 0.261111 0.641406 0.405556 0.030729
1 0.666667 0.641406 0.405556 0.030729
1 0.934722 0.641406 0.130556 0.030729
1 0.090741 0.554427 0.064815 0.060937
3 0.549074 0.554688 0.155556 0.087500
1 0.671759 0.554427 0.025000 0.039062
3 0.794444 0.554688 0.155556 0.087500
7 0.512963 0.792969 0.974074 0.229687
1 0.362500 0.718229 0.608333 0.043750
1 0.833333 0.718229 0.333333 0.043750
1 0.261111 0.870573 0.405556 0.030729
1 0.666667 0.870573 0.405556 0.030729
1 0.934722 0.870573 0.130556 0.030729
1 0.074074 0.783594 0.031481 0.060937
3 0.536111 0.783854 0.155556 0.087500
1 0.658796 0.783594 0.025000 0.039062
3 0.781481 0.783854 0.155556 0.087500
7 0.512963 0.953646 0.974074 0.092708
1 0.362500 0.947396 0.608333 0.043750
1 0.833333 0.947396 0.333333 0.043750
1 0.090278 0.991146 0.063889 0.017708
3 0.546296 0.984635 0.155556 0.030729
1 0.668981 0.996615 0.025000 0.006771
3 0.791667 0.984635 0.155556 0.030729