6 0.500000 0.094792 1.000000 0.102083
4 0.090741 0.094792 0.181481 0.102083
1 0.281944 0.094531 0.175000 0.048438
8 0.500000 0.158333 1.000000 0.025000
8 0.500000 0.153646 1.000000 0.015625
8 0.500000 0.514583 1.000000 0.687500
8 0.500000 0.514583 1.000000 0.668750
1 0.532407 0.703646 0.935185 0.058333
1 0.950926 0.804948 0.098148 0.029687
3 0.500000 0.477604 1.000000 0.364583
3 0.104630 0.805208 0.077778 0.039583
1 0.172222 0.804948 0.044444 0.029687
4 0.126389 0.246094 0.123148 0.069271
1 0.413889 0.260677 0.400000 0.029687
1 0.234259 0.228906 0.040741 0.029687
1 0.395833 0.228906 0.282407 0.029687
1 0.566667 0.228906 0.059259 0.029687
1 0.758796 0.228906 0.325000 0.029687
8 0.500000 0.929167 1.000000 0.141667
8 0.500000 0.933854 1.000000 0.132292
3 0.500000 0.991406 1.000000 0.017188
4 0.126389 0.933594 0.123148 0.069271
1 0.379630 0.916406 0.331481 0.029687
1 0.425000 0.948177 0.422222 0.029687