9 0.500000 0.087500 1.000000 0.087500
1 0.116667 0.087500 0.233333 0.087500
1 0.388889 0.087240 0.233333 0.045312
1 0.660648 0.087240 0.078704 0.045312
1 0.908333 0.087240 0.183333 0.045312
3 0.500000 0.565625 1.000000 0.868750
7 0.500000 0.196875 1.000000 0.131250
3 0.500000 0.196875 1.000000 0.131250
5 0.500000 0.175260 1.000000 0.055729
1 0.500000 0.173437 1.000000 0.052083
1 0.500000 0.224740 1.000000 0.043229
7 0.500000 0.305729 1.000000 0.087500
4 0.090741 0.305729 0.077778 0.043750
1 0.590741 0.305729 0.818519 0.039583
7 0.500000 0.392708 1.000000 0.087500
4 0.090741 0.392708 0.077778 0.043750
1 0.590741 0.392708 0.818519 0.039583
7 0.500000 0.479687 1.000000 0.087500
3 0.090741 0.479687 0.077778 0.043750
1 0.590741 0.479687 0.818519 0.039583
7 0.500000 0.566667 1.000000 0.087500
3 0.090741 0.566667 0.077778 0.043750
1 0.590741 0.566667 0.818519 0.039583
7 0.500000 0.653646 1.000000 0.087500
4 0.090741 0.653646 0.077778 0.043750
1 0.590741 0.653646 0.818519 0.039583
1 0.500000 0.725260 1.000000 0.056771
7 0.500000 0.876563 1.000000 0.246875
8 0.501389 0.880208 0.997222 0.239583