6 0.500000 0.087500 1.000000 0.087500
3 0.091667 0.087500 0.103704 0.058333
1 0.459259 0.087240 0.605556 0.044271
3 0.525926 0.177083 0.948148 0.072917
1 0.500000 0.249740 1.000000 0.053646
1 0.500000 0.308594 1.000000 0.064062
7 0.500000 0.423698 1.000000 0.166146
3 0.068519 0.423438 0.103704 0.058333
1 0.398148 0.376823 0.457407 0.053646
1 0.584722 0.450521 0.830556 0.093750
7 0.500000 0.590885 1.000000 0.166146
3 0.068519 0.590625 0.103704 0.058333
1 0.457407 0.544010 0.575926 0.053646
1 0.584722 0.617708 0.830556 0.093750
7 0.500000 0.743229 1.000000 0.136458
3 0.068519 0.743229 0.103704 0.058333
1 0.242130 0.711198 0.145370 0.053646
1 0.584722 0.770052 0.830556 0.064062
7 0.500000 0.895573 1.000000 0.166146
4 0.068519 0.895312 0.103704 0.058333
1 0.442130 0.848698 0.545370 0.053646
1 0.584722 0.922396 0.830556 0.093750
7 0.500000 0.989844 1.000000 0.020313
1 0.517593 0.994531 0.696296 0.010937