6 0.500000 0.087500 1.000000 0.175000
4 0.051852 0.087500 0.103704 0.175000
4 0.051852 0.087500 0.103704 0.058333
1 0.489815 0.087500 0.772222 0.093750
3 0.532407 0.346354 0.935185 0.007292
1 0.500000 0.576042 1.000000 0.116667
4 0.169444 0.258854 0.142593 0.053125
1 0.669444 0.258333 0.661111 0.093750
1 0.669444 0.433333 0.661111 0.093750
7 0.500000 0.718229 1.000000 0.167708
3 0.169444 0.718229 0.142593 0.080208
1 0.652778 0.717708 0.694444 0.093750
3 0.532407 0.798438 0.935185 0.007292
7 0.500000 0.884896 1.000000 0.167708
3 0.169444 0.884896 0.142593 0.080208
1 0.652778 0.884375 0.694444 0.093750
3 0.532407 0.965104 0.935185 0.007292
7 0.500000 0.983854 1.000000 0.032292
4 0.169444 0.433333 0.142593 0.106250