4 0.072685 0.078646 0.145370 0.069792
4 0.218056 0.078646 0.145370 0.069792
1 0.645370 0.078646 0.709259 0.069792
1 0.365741 0.176042 0.568519 0.095833
1 0.841667 0.176042 0.316667 0.095833
1 0.365741 0.275521 0.568519 0.095833
1 0.841667 0.275521 0.316667 0.095833
1 0.365741 0.375000 0.568519 0.095833
1 0.841667 0.375000 0.316667 0.095833
1 0.338426 0.474219 0.643519 0.077604
1 0.836574 0.474219 0.326852 0.077604
1 0.177315 0.555469 0.321296 0.077604
1 0.499074 0.555469 0.322222 0.077604
1 0.177315 0.633073 0.321296 0.077604
1 0.499074 0.633073 0.322222 0.077604
1 0.177315 0.710677 0.321296 0.077604
1 0.499074 0.710677 0.322222 0.077604
1 0.177315 0.788281 0.321296 0.077604
1 0.499074 0.788281 0.322222 0.077604
1 0.177315 0.865885 0.321296 0.077604
1 0.499074 0.865885 0.322222 0.077604
1 0.833796 0.555469 0.321296 0.077604
1 0.997222 0.555469 0.005556 0.077604
1 0.833796 0.633073 0.321296 0.077604
1 0.997222 0.633073 0.005556 0.077604
1 0.833796 0.710677 0.321296 0.077604
1 0.997222 0.710677 0.005556 0.077604
1 0.833796 0.788281 0.321296 0.077604
1 0.997222 0.788281 0.005556 0.077604
1 0.833796 0.865885 0.321296 0.077604
1 0.997222 0.865885 0.005556 0.077604