7 0.500000 0.058333 1.000000 0.029167
1 0.524537 0.058333 0.950926 0.029167
7 0.500000 0.118490 1.000000 0.091146
4 0.081481 0.118229 0.129630 0.072917
1 0.581481 0.118490 0.837037 0.091146
7 0.500000 0.209635 1.000000 0.091146
4 0.081481 0.209375 0.129630 0.072917
1 0.581481 0.209635 0.837037 0.091146
7 0.500000 0.300781 1.000000 0.091146
4 0.081481 0.300521 0.129630 0.072917
1 0.581481 0.300781 0.837037 0.091146
7 0.500000 0.391927 1.000000 0.091146
4 0.081481 0.391667 0.129630 0.072917
1 0.581481 0.391927 0.837037 0.091146
7 0.500000 0.483073 1.000000 0.091146
4 0.081481 0.482812 0.129630 0.072917
1 0.531481 0.483073 0.737037 0.091146
1 0.950000 0.483073 0.100000 0.091146
7 0.500000 0.574219 1.000000 0.091146
4 0.081481 0.573958 0.129630 0.072917
1 0.581481 0.574219 0.837037 0.091146
7 0.500000 0.665365 1.000000 0.091146
4 0.081481 0.665104 0.129630 0.072917
1 0.531481 0.665365 0.737037 0.091146
1 0.950000 0.665365 0.100000 0.091146
7 0.500000 0.725521 1.000000 0.029167
1 0.524537 0.725521 0.950926 0.029167
7 0.500000 0.785677 1.000000 0.091146
3 0.081481 0.785417 0.129630 0.072917
1 0.581481 0.785677 0.837037 0.091146
7 0.500000 0.876823 1.000000 0.091146
4 0.081481 0.876563 0.129630 0.072917
1 0.581481 0.876823 0.837037 0.091146
7 0.500000 0.936979 1.000000 0.029167
1 0.524537 0.936979 0.950926 0.029167
7 0.500000 0.975781 1.000000 0.048438
4 0.081481 0.980208 0.129630 0.039583
1 0.581481 0.975781 0.837037 0.048438