3 0.500000 0.500000 1.000000 1.000000
1 0.516204 0.058333 0.967593 0.080208
3 0.610648 0.350000 0.778704 0.501042
3 0.610648 0.350000 0.778704 0.501042
1 0.179167 0.955729 0.171296 0.088542
1 0.422685 0.955729 0.171296 0.088542
1 0.666204 0.955729 0.171296 0.088542
1 0.909722 0.955729 0.171296 0.088542
1 0.610648 0.154427 0.778704 0.048438
1 0.610648 0.224740 0.778704 0.051562
3 0.666667 0.350000 0.266667 0.150000
1 0.313426 0.726562 0.319444 0.116667
1 0.313426 0.810417 0.319444 0.032292
1 0.678241 0.731250 0.319444 0.126042
1 0.678241 0.810417 0.319444 0.032292
1 0.947685 0.726562 0.104630 0.116667
1 0.947685 0.810417 0.104630 0.032292
1 0.521296 0.510417 0.214815 0.041667
3 0.704167 0.510417 0.150926 0.029167
1 0.849537 0.510417 0.139815 0.041667
1 0.617593 0.558854 0.064815 0.036458
1 0.714815 0.558854 0.064815 0.036458