6 0.500000 0.094792 1.000000 0.102083
1 0.280556 0.094792 0.198148 0.102083
4 0.090741 0.094792 0.181481 0.102083
9 0.500000 0.189583 1.000000 0.087500
1 0.084259 0.189583 0.168519 0.087500
1 0.434722 0.189583 0.532407 0.087500
1 0.850463 0.189583 0.299074 0.087500
7 0.500000 0.341146 1.000000 0.390625
3 0.154630 0.320312 0.211111 0.118750
1 0.654630 0.286979 0.690741 0.039583
1 0.654630 0.323437 0.690741 0.033333
1 0.654630 0.356771 0.690741 0.033333
1 0.160185 0.457031 0.222222 0.029687
4 0.075000 0.421875 0.051852 0.029167
4 0.126852 0.421875 0.051852 0.029167
4 0.178704 0.421875 0.051852 0.029167
4 0.230556 0.421875 0.051852 0.029167
4 0.814352 0.416406 0.032407 0.018229
4 0.846759 0.416406 0.032407 0.018229
4 0.879167 0.416406 0.032407 0.018229
4 0.911574 0.416406 0.032407 0.018229
4 0.943981 0.416406 0.032407 0.018229
4 0.846759 0.434635 0.032407 0.018229
4 0.879167 0.434635 0.032407 0.018229
4 0.911574 0.434635 0.032407 0.018229
4 0.943981 0.434635 0.032407 0.018229
4 0.879167 0.453125 0.032407 0.018750
4 0.911574 0.453125 0.032407 0.018750
4 0.943981 0.453125 0.032407 0.018750
4 0.911574 0.471875 0.032407 0.018750
4 0.943981 0.471875 0.032407 0.018750
4 0.943981 0.490625 0.032407 0.018750
7 0.500000 0.705208 1.000000 0.338542
4 0.122222 0.604688 0.146296 0.082292
1 0.622222 0.663021 0.755556 0.034375
3 0.374074 0.771875 0.259259 0.145833
1 0.378241 0.580729 0.267593 0.034375
1 0.338889 0.612760 0.188889 0.029687
7 0.500000 0.936979 1.000000 0.126042
4 0.122222 0.942708 0.146296 0.082292
1 0.622222 0.991927 0.755556 0.016146
1 0.449537 0.918750 0.410185 0.034375
1 0.338889 0.950781 0.188889 0.029687