4 0.079630 0.083854 0.159259 0.080208
1 0.579630 0.083854 0.840741 0.080208
7 0.500000 0.441146 1.000000 0.138542
3 0.087963 0.441146 0.064815 0.036458
3 0.755556 0.441146 0.064815 0.036458
1 0.261111 0.421094 0.196296 0.036979
1 0.343519 0.463021 0.361111 0.032292
1 0.915278 0.421094 0.169444 0.036979
1 0.915278 0.463021 0.169444 0.032292
1 0.388889 0.160417 0.185185 0.072917
1 0.574074 0.160417 0.185185 0.072917
1 0.759259 0.160417 0.185185 0.072917
1 0.925926 0.160417 0.148148 0.072917
4 0.076389 0.284115 0.152778 0.085938
2 0.576389 0.239844 0.847222 0.085938
2 0.576389 0.327865 0.847222 0.085938