1 0.529167 0.230729 0.941667 0.106250
7 0.500000 0.401042 1.000000 0.197917
1 0.532407 0.460156 0.935185 0.024479
1 0.954630 0.460156 0.090741 0.024479
1 0.613426 0.314323 0.773148 0.024479
1 0.542130 0.387240 0.915741 0.084896
3 0.129630 0.303646 0.116667 0.003125
7 0.500000 0.612500 1.000000 0.217708
1 0.532407 0.681510 0.935185 0.024479
1 0.954630 0.681510 0.090741 0.024479
1 0.613426 0.549219 0.773148 0.024479
1 0.613426 0.576562 0.773148 0.030208
1 0.542130 0.636719 0.915741 0.028646
3 0.129630 0.567708 0.116667 0.065625
1 0.162037 0.101562 0.259259 0.079167
1 0.516204 0.101302 0.967593 0.043229