6 0.500000 0.094792 1.000000 0.102083
4 0.090741 0.094792 0.181481 0.102083
1 0.525000 0.094531 0.661111 0.048438
4 0.122222 0.167708 0.155556 0.043750
4 0.277778 0.167708 0.155556 0.043750
4 0.433333 0.167708 0.155556 0.043750
4 0.588889 0.167708 0.155556 0.043750
4 0.744444 0.167708 0.155556 0.043750
4 0.900000 0.167708 0.155556 0.043750
3 0.988889 0.167708 0.022222 0.043750
1 0.074074 0.229687 0.070370 0.034375
1 0.671759 0.229427 0.226852 0.070312
1 0.892593 0.229427 0.214815 0.070312
1 0.500000 0.329948 1.000000 0.120313
1 0.439352 0.463542 0.749074 0.073958
1 0.370833 0.520312 0.612037 0.039583
1 0.773148 0.520312 0.081481 0.039583
2 0.704630 0.520312 0.081481 0.039583