3 0.500000 0.162500 1.000000 0.033333
6 0.500000 0.094792 1.000000 0.102083
1 0.394907 0.075260 0.323148 0.048438
4 0.090741 0.094792 0.181481 0.102083
1 0.433333 0.119010 0.400000 0.039062
3 0.500000 0.175000 1.000000 0.021875
8 0.342130 0.476823 0.632407 0.355729
1 0.342130 0.476823 0.612037 0.339062
8 0.837500 0.476823 0.325000 0.355729
1 0.842593 0.476823 0.314815 0.339062
8 0.342130 0.832031 0.632407 0.335938
3 0.342130 0.838021 0.599074 0.323958
8 0.837500 0.832031 0.325000 0.335938
1 0.842593 0.836198 0.314815 0.327604
1 0.572685 0.202344 0.400926 0.053646
3 0.381481 0.296615 0.190741 0.105729
3 0.572222 0.296615 0.190741 0.105729
4 0.762963 0.296615 0.190741 0.105729
1 0.486111 0.394010 0.294444 0.044271
1 0.725926 0.390885 0.159259 0.053646
1 0.501389 0.439844 0.291667 0.044271
1 0.725000 0.439844 0.129630 0.044271