6 0.500000 0.094792 1.000000 0.102083
4 0.090741 0.094792 0.181481 0.102083
3 0.985185 0.094792 0.029630 0.087500
1 0.241204 0.094792 0.119444 0.034375
9 0.500000 0.189583 1.000000 0.087500
3 0.166667 0.189583 0.077778 0.043750
4 0.500000 0.189583 0.077778 0.043750
3 0.833333 0.189583 0.077778 0.043750
1 0.511574 0.273958 0.976852 0.043750
1 0.237500 0.362240 0.428704 0.132812
1 0.666204 0.362240 0.428704 0.132812
1 0.940278 0.362240 0.119444 0.132812
7 0.511574 0.576823 0.976852 0.211979
1 0.276389 0.504687 0.493519 0.053125
1 0.241667 0.597656 0.424074 0.132812
1 0.666204 0.597656 0.425000 0.132812
1 0.994907 0.628125 0.010185 0.053125
7 0.511574 0.788802 0.976852 0.211979
1 0.166204 0.716667 0.273148 0.053125
1 0.241667 0.809635 0.424074 0.132812
1 0.666204 0.809635 0.425000 0.132812
1 0.988426 0.840104 0.023148 0.053125
7 0.511574 0.947396 0.976852 0.105208
1 0.181944 0.928646 0.304630 0.053125
1 0.241667 0.977604 0.424074 0.044792
1 0.666204 0.977604 0.425000 0.044792