6 0.500000 0.189583 1.000000 0.204167
1 0.370370 0.189062 0.533333 0.096875
7 0.500000 0.605208 1.000000 0.262500
5 0.337037 0.605208 0.674074 0.262500
4 0.129630 0.558333 0.155556 0.087500
1 0.427778 0.568229 0.388889 0.107292
1 0.502778 0.657813 0.220370 0.067708
4 0.312963 0.658333 0.159259 0.072917
1 0.811111 0.560937 0.170370 0.048958
1 0.862963 0.629687 0.274074 0.088542
7 0.500000 0.870313 1.000000 0.259375
5 0.337037 0.870313 0.674074 0.259375
3 0.129630 0.825000 0.155556 0.087500
1 0.427778 0.834896 0.388889 0.107292
1 0.502778 0.924479 0.220370 0.067708
1 0.811111 0.827604 0.170370 0.048958
1 0.862963 0.896354 0.274074 0.088542