6 0.500000 0.043750 1.000000 0.087500
4 0.078241 0.043750 0.156481 0.087500
4 0.025926 0.043750 0.051852 0.029167
4 0.091667 0.043750 0.103704 0.058333
4 0.985185 0.043750 0.029630 0.087500
1 0.421296 0.043490 0.529630 0.044271
3 0.500000 0.543750 1.000000 0.912500
4 0.089352 0.703906 0.113889 0.064062
1 0.666667 0.753646 0.350000 0.072917
4 0.089352 0.872135 0.113889 0.064062
4 0.089352 0.992969 0.113889 0.014063
1 0.538426 0.687240 0.719444 0.046354
1 0.538426 0.727344 0.719444 0.033854
1 0.589352 0.854948 0.821296 0.046354
1 0.589352 0.895052 0.821296 0.033854
1 0.459722 0.988802 0.562037 0.022396