6 0.500000 0.043750 1.000000 0.087500
4 0.091667 0.043750 0.129630 0.087500
4 0.091667 0.043750 0.103704 0.058333
4 0.698148 0.043750 0.181481 0.087500
3 0.879630 0.043750 0.181481 0.087500
3 0.985185 0.043750 0.029630 0.087500
1 0.143981 0.153125 0.236111 0.109375
1 0.406019 0.153125 0.236111 0.109375
1 0.667593 0.153125 0.235185 0.109375
1 0.905556 0.153125 0.188889 0.109375
1 0.143981 0.284375 0.236111 0.109375
1 0.406019 0.284375 0.236111 0.109375
1 0.667593 0.284375 0.235185 0.109375
1 0.905556 0.284375 0.188889 0.109375