4 0.170370 0.082292 0.237037 0.133333
3 0.500000 0.192708 1.000000 0.056250
1 0.661111 0.081771 0.677778 0.107292
7 0.500000 0.303646 1.000000 0.165625
4 0.129630 0.303646 0.259259 0.121875
1 0.682407 0.347396 0.635185 0.078125
1 0.613889 0.273958 0.498148 0.068750
7 0.500000 0.473438 1.000000 0.165625
4 0.129630 0.473438 0.259259 0.121875
1 0.682407 0.517188 0.635185 0.078125
1 0.631481 0.443750 0.533333 0.068750
7 0.500000 0.643229 1.000000 0.165625
4 0.129630 0.643229 0.259259 0.121875
1 0.682407 0.686979 0.635185 0.078125
1 0.600926 0.613542 0.472222 0.068750
7 0.500000 0.813021 1.000000 0.165625
4 0.129630 0.813021 0.259259 0.121875
1 0.682407 0.856771 0.635185 0.078125
1 0.575000 0.783333 0.420370 0.068750
7 0.500000 0.950000 1.000000 0.100000
4 0.129630 0.960938 0.259259 0.078125
1 0.682407 0.993750 0.635185 0.012500
1 0.622222 0.953125 0.514815 0.068750