6 0.500000 0.087500 1.000000 0.087500
4 0.091667 0.087500 0.129630 0.087500
4 0.091667 0.087500 0.103704 0.058333
1 0.300000 0.087240 0.287037 0.044271
4 0.985185 0.087500 0.029630 0.087500
4 0.985185 0.087500 0.029630 0.065625
3 0.500000 0.565625 1.000000 0.868750
1 0.372685 0.345052 0.315741 0.044271
1 0.910185 0.345052 0.179630 0.044271
1 0.372685 0.610156 0.415741 0.044271
1 0.860185 0.610156 0.279630 0.044271
1 0.372685 0.875260 0.425000 0.044271
1 0.853704 0.894271 0.292593 0.082292
4 0.372685 0.267188 0.278704 0.104167
4 0.910185 0.267188 0.179630 0.104167
4 0.372685 0.532292 0.278704 0.104167
4 0.910185 0.532292 0.179630 0.104167
4 0.372685 0.797396 0.278704 0.104167
4 0.910185 0.797396 0.179630 0.104167