6 0.500000 0.087500 1.000000 0.087500
4 0.078241 0.087500 0.156481 0.087500
4 0.025926 0.087500 0.051852 0.029167
3 0.091667 0.087500 0.103704 0.058333
1 0.450463 0.087500 0.587963 0.087500
4 0.985185 0.087500 0.029630 0.087500
7 0.500000 0.565625 1.000000 0.868750
7 0.500000 0.205208 1.000000 0.145833
3 0.181481 0.205208 0.259259 0.145833
1 0.668519 0.190365 0.662963 0.064062
1 0.668519 0.237240 0.662963 0.029687
7 0.500000 0.352083 1.000000 0.145833
3 0.181481 0.352083 0.259259 0.145833
1 0.668519 0.337240 0.662963 0.064062
1 0.668519 0.384115 0.662963 0.029687
7 0.500000 0.498958 1.000000 0.145833
3 0.181481 0.498958 0.259259 0.145833
1 0.668519 0.483854 0.662963 0.034375
1 0.668519 0.515885 0.662963 0.029687
7 0.500000 0.645833 1.000000 0.145833
3 0.181481 0.645833 0.259259 0.145833
1 0.668519 0.630990 0.662963 0.064062
1 0.668519 0.677865 0.662963 0.029687
7 0.500000 0.792708 1.000000 0.145833
4 0.181481 0.792708 0.259259 0.145833
1 0.668519 0.777865 0.662963 0.064062
1 0.668519 0.824740 0.662963 0.029687
7 0.500000 0.933333 1.000000 0.133333
3 0.181481 0.933333 0.259259 0.133333
1 0.668519 0.924479 0.662963 0.034375
1 0.668519 0.956510 0.662963 0.029687