6 0.500000 0.094792 1.000000 0.102083
4 0.116667 0.094792 0.129630 0.072917
3 0.590741 0.094792 0.818519 0.080208
3 0.500000 0.153125 1.000000 0.014583
7 0.500000 0.189844 1.000000 0.088021
4 0.078241 0.189844 0.123148 0.069271
1 0.578241 0.189844 0.843519 0.030729
7 0.500000 0.278385 1.000000 0.088021
3 0.078241 0.278385 0.123148 0.069271
1 0.578241 0.278385 0.843519 0.030729
7 0.500000 0.366927 1.000000 0.088021
4 0.078241 0.366927 0.123148 0.069271
1 0.533333 0.366927 0.753704 0.030729
4 0.963426 0.366927 0.073148 0.069271
7 0.500000 0.455469 1.000000 0.088021
4 0.078241 0.455469 0.123148 0.069271
1 0.578241 0.455469 0.843519 0.030729
7 0.500000 0.544010 1.000000 0.088021
4 0.078241 0.544010 0.123148 0.069271
1 0.578241 0.544010 0.843519 0.030729
7 0.500000 0.632552 1.000000 0.088021
4 0.078241 0.632552 0.123148 0.069271
1 0.578241 0.632552 0.843519 0.030729
7 0.500000 0.721094 1.000000 0.088021
3 0.078241 0.721094 0.123148 0.069271
1 0.578241 0.721094 0.843519 0.030729
7 0.500000 0.809635 1.000000 0.088021
3 0.078241 0.809635 0.123148 0.069271
1 0.578241 0.809635 0.843519 0.030729
7 0.500000 0.898177 1.000000 0.088021
4 0.078241 0.898177 0.123148 0.069271
1 0.578241 0.898177 0.843519 0.030729
7 0.500000 0.971354 1.000000 0.057292
4 0.078241 0.976042 0.123148 0.047917
1 0.578241 0.985677 0.843519 0.028646
1 0.333333 0.184115 0.666667 0.076563
1 0.833333 0.184115 0.333333 0.076563
1 0.068519 0.259896 0.059259 0.031250
3 0.166204 0.259635 0.058333 0.018229
7 0.500000 0.433333 1.000000 0.271875
3 0.508333 0.433333 0.983333 0.253125
1 0.524537 0.503646 0.950926 0.029167
7 0.500000 0.705208 1.000000 0.271875
3 0.508333 0.705208 0.983333 0.253125
1 0.524537 0.775521 0.950926 0.029167
7 0.500000 0.920573 1.000000 0.158854
3 0.508333 0.925260 0.983333 0.149479