6 0.500000 0.094792 1.000000 0.102083
4 0.116667 0.094792 0.129630 0.072917
3 0.590741 0.094792 0.818519 0.080208
3 0.500000 0.153125 1.000000 0.014583
1 0.112500 0.176302 0.160185 0.024479
7 0.500000 0.291146 1.000000 0.182292
3 0.252778 0.291146 0.440741 0.145833
1 0.752778 0.250781 0.494444 0.065104
1 0.752778 0.304948 0.494444 0.028646
7 0.500000 0.473438 1.000000 0.182292
3 0.252778 0.473438 0.440741 0.145833
1 0.752778 0.433073 0.494444 0.065104
1 0.752778 0.487240 0.494444 0.028646
7 0.500000 0.655729 1.000000 0.182292
3 0.252778 0.655729 0.440741 0.145833
1 0.752778 0.615365 0.494444 0.065104
1 0.752778 0.669531 0.494444 0.028646
7 0.500000 0.838021 1.000000 0.182292
3 0.252778 0.838021 0.440741 0.145833
1 0.752778 0.797656 0.494444 0.065104
1 0.752778 0.851823 0.494444 0.028646
7 0.500000 0.964583 1.000000 0.070833