6 0.500000 0.087500 1.000000 0.087500
4 0.051852 0.087500 0.103704 0.087500
4 0.051852 0.087500 0.103704 0.058333
1 0.320833 0.087500 0.434259 0.040625
7 0.325000 0.590104 0.650000 0.301042
3 0.325000 0.558333 0.324074 0.182292
3 0.325000 0.558333 0.324074 0.182292
1 0.325000 0.695052 0.453704 0.091146
7 0.841204 0.590104 0.317593 0.301042
3 0.922685 0.558333 0.154630 0.182292
3 0.922685 0.558333 0.154630 0.182292
1 0.890278 0.695052 0.219444 0.091146
7 0.325000 0.879427 0.650000 0.241146
3 0.325000 0.877604 0.324074 0.182292
3 0.325000 0.877604 0.324074 0.182292
1 0.325000 0.984375 0.453704 0.031250
7 0.841204 0.879427 0.317593 0.241146
3 0.922685 0.877604 0.154630 0.182292
3 0.922685 0.877604 0.154630 0.182292
1 0.890278 0.984375 0.219444 0.031250
1 0.907407 0.234635 0.185185 0.031771
1 0.593981 0.277865 0.812037 0.054688
1 0.927315 0.330469 0.145370 0.031771
1 0.592130 0.373698 0.815741 0.054688
1 0.815741 0.189583 0.368519 0.045833