6 0.500000 0.131250 1.000000 0.175000
1 0.145833 0.087500 0.291667 0.087500
1 0.266667 0.175000 0.533333 0.087500
1 0.767593 0.175000 0.464815 0.087500
7 0.500000 0.309896 1.000000 0.182292
3 0.197685 0.300781 0.291667 0.127604
3 0.197685 0.300781 0.291667 0.127604
1 0.587963 0.295052 0.424074 0.042188
1 0.537963 0.330729 0.324074 0.029167
7 0.500000 0.494271 1.000000 0.182292
3 0.197685 0.485156 0.291667 0.127604
3 0.197685 0.485156 0.291667 0.127604
1 0.590741 0.479427 0.429630 0.042188
1 0.537963 0.515104 0.324074 0.029167
7 0.500000 0.678646 1.000000 0.182292
3 0.197685 0.669531 0.291667 0.127604
3 0.197685 0.669531 0.291667 0.127604
1 0.528704 0.663802 0.305556 0.042188
1 0.537963 0.699479 0.324074 0.029167
7 0.500000 0.863021 1.000000 0.182292
3 0.197685 0.853906 0.291667 0.127604
3 0.197685 0.853906 0.291667 0.127604
1 0.536574 0.848177 0.321296 0.042188
1 0.537963 0.883854 0.324074 0.029167
7 0.500000 0.978125 1.000000 0.043750
3 0.197685 0.987240 0.291667 0.025521
4 0.197685 0.987240 0.291667 0.025521