6 0.500000 0.094792 1.000000 0.102083
1 0.354630 0.094531 0.320370 0.048438
4 0.090741 0.094792 0.181481 0.102083
9 0.388889 0.572917 0.777778 0.854167
7 0.388889 0.266146 0.777778 0.240625
1 0.388889 0.331771 0.777778 0.109375
1 0.367593 0.211198 0.268519 0.060937
4 0.116667 0.211458 0.168519 0.094792
7 0.388889 0.429688 0.777778 0.087500
3 0.079630 0.429688 0.081481 0.072917
1 0.367130 0.429688 0.415741 0.087500
7 0.388889 0.516667 0.777778 0.087500
3 0.079630 0.516667 0.081481 0.058333
1 0.384722 0.516667 0.450926 0.087500
7 0.388889 0.603646 0.777778 0.087500
4 0.079630 0.603646 0.081481 0.058333
1 0.397685 0.603646 0.476852 0.087500
7 0.388889 0.690625 0.777778 0.087500
4 0.079630 0.690625 0.081481 0.058333
1 0.370833 0.690625 0.423148 0.087500
7 0.388889 0.777604 0.777778 0.087500
4 0.079630 0.777604 0.081481 0.058333
1 0.356481 0.777604 0.394444 0.087500
7 0.388889 0.864583 0.777778 0.087500
4 0.079630 0.864583 0.081481 0.058333
1 0.319444 0.864583 0.320370 0.087500
7 0.500000 0.543750 1.000000 0.795833
8 0.525926 0.536458 0.948148 0.781250
3 0.525926 0.524740 0.948148 0.438021
1 0.551852 0.244271 0.896296 0.093750
1 0.413889 0.797917 0.620370 0.079167
1 0.907407 0.797917 0.185185 0.063542
1 0.640278 0.890625 0.221296 0.043750
4 0.168519 0.164323 0.129630 0.036979
1 0.512963 0.148438 0.455556 0.005208
1 0.378704 0.165885 0.187037 0.029687
7 0.500000 0.970833 1.000000 0.058333
8 0.525926 0.978125 0.948148 0.043750
3 0.168519 0.992708 0.129630 0.014583
1 0.512963 0.993490 0.455556 0.013021