6 0.500000 0.094792 1.000000 0.102083
1 0.544444 0.094531 0.622222 0.048438
4 0.090741 0.094792 0.181481 0.102083
7 0.500000 0.173958 1.000000 0.056250
1 0.359259 0.159375 0.614815 0.027083
7 0.500000 0.253125 1.000000 0.097917
1 0.368519 0.253125 0.633333 0.039583
1 0.500000 0.335938 1.000000 0.063542
7 0.500000 0.418750 1.000000 0.097917
4 0.098148 0.418750 0.116667 0.065625
1 0.388426 0.418750 0.308333 0.039583
1 0.950000 0.418750 0.100000 0.087500
1 0.500000 0.501563 1.000000 0.063542
7 0.500000 0.601562 1.000000 0.132292
1 0.255556 0.584375 0.407407 0.039583
1 0.098611 0.621354 0.093519 0.034375
1 0.500000 0.701562 1.000000 0.063542
7 0.500000 0.784375 1.000000 0.097917
1 0.216667 0.784375 0.329630 0.039583
1 0.500000 0.867188 1.000000 0.063542
7 0.500000 0.950000 1.000000 0.097917
1 0.311111 0.950000 0.518519 0.039583