6 0.500000 0.094792 1.000000 0.102083
1 0.331019 0.094792 0.273148 0.056250
4 0.090741 0.094792 0.181481 0.102083
1 0.500000 0.214062 1.000000 0.085417
3 0.064815 0.300781 0.129630 0.083854
1 0.270370 0.300781 0.248148 0.083854
1 0.697222 0.303125 0.605556 0.076042
1 0.573148 0.380990 0.853704 0.076563
3 0.064815 0.463281 0.129630 0.083854
1 0.573148 0.463281 0.853704 0.083854
1 0.573148 0.543490 0.853704 0.076563
4 0.064815 0.625781 0.129630 0.083854
1 0.573148 0.625781 0.853704 0.083854
1 0.573148 0.705990 0.853704 0.076563
3 0.064815 0.788281 0.129630 0.083854
1 0.573148 0.788281 0.853704 0.083854
1 0.573148 0.868490 0.853704 0.076563
3 0.064815 0.950781 0.129630 0.083854
1 0.573148 0.950781 0.853704 0.083854
1 0.573148 0.996354 0.853704 0.007292