3 0.500000 0.089323 1.000000 0.091146
1 0.666667 0.089323 0.390741 0.053646
1 0.404630 0.159115 0.111111 0.029687
3 0.980093 0.189583 0.039815 0.109375
1 0.307407 0.226302 0.290741 0.145313
3 0.129630 0.322396 0.064815 0.036458
1 0.293519 0.322396 0.229630 0.039583
1 0.666667 0.459375 0.194444 0.096875
1 0.666204 0.396094 0.236111 0.029687
1 0.516204 0.743490 0.967593 0.064062
1 0.346296 0.816927 0.627778 0.064062
1 0.836574 0.816927 0.326852 0.064062
1 0.500000 0.589583 1.000000 0.048958
1 0.500000 0.656510 1.000000 0.084896