6 0.500000 0.094792 1.000000 0.102083
3 0.090741 0.094792 0.181481 0.102083
1 0.667130 0.094792 0.278704 0.102083
1 0.252315 0.360417 0.413889 0.037500
1 0.666204 0.360417 0.413889 0.037500
1 0.332407 0.168750 0.664815 0.045833
1 0.850463 0.168750 0.299074 0.045833
3 0.139352 0.266667 0.226852 0.116667
1 0.385648 0.266667 0.265741 0.116667
1 0.666204 0.252604 0.295370 0.034375
1 0.666204 0.283594 0.295370 0.027604
1 0.906944 0.266667 0.186111 0.116667
1 0.525926 0.670833 0.948148 0.080208
1 0.525926 0.835417 0.948148 0.080208
1 0.256481 0.915365 0.409259 0.043229
1 0.935648 0.915365 0.128704 0.043229
1 0.258333 0.986979 0.407407 0.026042
1 0.666204 0.986979 0.408333 0.026042
1 0.935185 0.986979 0.129630 0.026042
4 0.164815 0.444792 0.194444 0.072917
1 0.164815 0.495052 0.124074 0.027604
3 0.499074 0.444792 0.194444 0.072917
1 0.499537 0.495052 0.128704 0.027604
4 0.833333 0.444792 0.194444 0.072917
1 0.833333 0.495052 0.150000 0.027604
1 0.605556 0.752865 0.788889 0.042188
3 0.105556 0.753125 0.094444 0.053125
3 0.105556 0.753125 0.064815 0.036458