6 0.500000 0.094792 1.000000 0.102083
3 0.253704 0.094792 0.144444 0.102083
4 0.090741 0.094792 0.181481 0.102083
4 0.991204 0.094792 0.017593 0.087500
1 0.500000 0.283073 1.000000 0.172396
7 0.500000 0.423438 1.000000 0.108333
1 0.339815 0.423958 0.640741 0.087500
1 0.836574 0.423958 0.326852 0.087500
7 0.500000 0.738802 1.000000 0.522396
3 0.339352 0.703906 0.630556 0.425521
1 0.543981 0.844531 0.191667 0.107813
3 0.339352 0.703906 0.630556 0.425521
1 0.339352 0.949479 0.630556 0.038542
3 0.839352 0.703906 0.321296 0.425521
3 0.839352 0.703906 0.321296 0.425521
1 0.839352 0.949479 0.321296 0.038542
1 0.253241 0.985938 0.119444 0.028125
1 0.399074 0.984375 0.172222 0.031250
1 0.907870 0.985938 0.119444 0.028125
1 0.983796 0.984375 0.032407 0.031250
1 0.500000 0.171354 1.000000 0.051042