6 0.500000 0.094792 1.000000 0.102083
1 0.223611 0.094531 0.343519 0.048438
9 0.500000 0.189583 1.000000 0.087500
1 0.120370 0.189583 0.240741 0.034375
1 0.395833 0.189583 0.128704 0.034375
1 0.666667 0.189583 0.229630 0.034375
1 0.929630 0.189583 0.140741 0.034375
8 0.352778 0.492448 0.601852 0.458854
3 0.352315 0.470313 0.241667 0.163542
1 0.352315 0.574219 0.130556 0.044271
8 0.839815 0.492448 0.320370 0.458854
3 0.918981 0.470313 0.162037 0.146875
1 0.946296 0.565885 0.107407 0.044271
8 0.352778 0.868229 0.601852 0.263542
4 0.352315 0.936198 0.241667 0.127604
8 0.839815 0.868229 0.320370 0.263542
4 0.929630 0.936198 0.140741 0.127604