6 0.500000 0.084896 1.000000 0.082292
3 0.081019 0.082031 0.162037 0.076563
3 0.469907 0.080208 0.810185 0.072917
1 0.605093 0.175260 0.789815 0.042188
1 0.145833 0.175000 0.128704 0.042708
7 0.500000 0.061719 1.000000 0.035937
1 0.107870 0.055208 0.215741 0.022917
1 0.285185 0.055208 0.074074 0.022917
7 0.500000 0.200781 1.000000 0.242188
1 0.500000 0.186979 1.000000 0.141667
1 0.107870 0.286979 0.215741 0.043750
1 0.285185 0.286979 0.074074 0.043750
7 0.500000 0.442969 1.000000 0.242188
1 0.500000 0.429167 1.000000 0.141667
1 0.126852 0.529167 0.253704 0.043750
1 0.323148 0.529167 0.074074 0.043750
7 0.500000 0.685156 1.000000 0.242188
1 0.500000 0.671354 1.000000 0.141667
1 0.107870 0.771354 0.215741 0.043750
1 0.318519 0.771354 0.140741 0.043750
7 0.500000 0.903125 1.000000 0.193750
1 0.198611 0.836458 0.397222 0.060417
1 0.500000 0.951562 1.000000 0.096875