6 0.500000 0.094792 1.000000 0.102083
3 0.435185 0.094792 0.403704 0.058333
4 0.090741 0.094792 0.181481 0.102083
4 0.892593 0.094792 0.155556 0.087500
4 0.991667 0.094792 0.016667 0.087500
1 0.181019 0.182552 0.362037 0.073438
1 0.516204 0.277865 0.967593 0.044271
1 0.516204 0.561198 0.967593 0.044271
1 0.516204 0.844531 0.967593 0.044271
1 0.516204 0.363802 0.967593 0.091146
1 0.516204 0.457031 0.967593 0.091146
1 0.516204 0.647135 0.967593 0.091146
1 0.516204 0.740365 0.967593 0.091146
1 0.516204 0.930469 0.967593 0.091146
1 0.516204 0.989062 0.967593 0.021875