6 0.500000 0.094792 1.000000 0.102083
3 0.435185 0.094792 0.403704 0.058333
4 0.090741 0.094792 0.181481 0.102083
4 0.892593 0.094792 0.155556 0.087500
4 0.991667 0.094792 0.016667 0.087500
1 0.297222 0.182552 0.594444 0.073438
7 0.500000 0.263021 1.000000 0.087500
4 0.077778 0.263021 0.103704 0.058333
1 0.564815 0.263021 0.870370 0.087500
7 0.500000 0.350521 1.000000 0.087500
3 0.077778 0.350521 0.103704 0.058333
1 0.564815 0.350521 0.870370 0.087500
7 0.500000 0.438021 1.000000 0.087500
3 0.077778 0.438021 0.103704 0.058333
1 0.564815 0.438021 0.870370 0.087500
7 0.500000 0.525521 1.000000 0.087500
3 0.077778 0.525521 0.103704 0.058333
1 0.564815 0.525521 0.870370 0.087500
7 0.500000 0.613021 1.000000 0.087500
3 0.077778 0.613021 0.103704 0.058333
1 0.564815 0.613021 0.870370 0.087500
7 0.500000 0.700521 1.000000 0.087500
3 0.077778 0.700521 0.103704 0.058333
1 0.564815 0.700521 0.870370 0.087500
7 0.500000 0.788021 1.000000 0.087500
4 0.077778 0.788021 0.103704 0.058333
1 0.564815 0.788021 0.870370 0.087500
7 0.500000 0.875521 1.000000 0.087500
4 0.077778 0.875521 0.103704 0.058333
1 0.564815 0.875521 0.870370 0.087500
7 0.500000 0.959635 1.000000 0.080729
3 0.077778 0.963021 0.103704 0.058333
1 0.564815 0.959635 0.870370 0.080729