9 0.492593 0.500000 0.985185 1.000000
1 0.492593 0.575000 0.985185 0.087500
1 0.492593 0.837500 0.985185 0.087500
1 0.492593 0.925000 0.985185 0.087500
4 0.090741 0.370312 0.077778 0.043750
1 0.557407 0.370312 0.751852 0.044792
4 0.090741 0.457813 0.077778 0.043750
1 0.546759 0.457813 0.730556 0.044792
3 0.922685 0.457552 0.021296 0.011979
4 0.090741 0.662500 0.077778 0.043750
1 0.557407 0.662500 0.751852 0.044792
4 0.090741 0.750000 0.077778 0.043750
1 0.557407 0.750000 0.751852 0.044792
3 0.090741 0.995313 0.077778 0.009375
1 0.557407 0.995052 0.751852 0.009896
3 0.492593 0.155990 0.985185 0.311979
4 0.894444 0.260937 0.077778 0.043750
1 0.215278 0.237500 0.326852 0.044792
1 0.224537 0.286979 0.345370 0.039583
6 0.500000 0.094792 1.000000 0.102083
1 0.361111 0.094792 0.255556 0.056250
4 0.090741 0.094792 0.181481 0.102083
3 0.222222 0.189583 0.077778 0.043750
3 0.666667 0.189583 0.077778 0.043750
1 0.706019 0.166927 0.058333 0.033854
8 0.512963 0.518229 0.974074 0.540625
3 0.512963 0.450521 0.974074 0.405208
1 0.538889 0.697396 0.922222 0.044792
1 0.538889 0.746875 0.922222 0.039583