1 0.500000 0.103906 1.000000 0.207813
3 0.500000 0.363542 1.000000 0.311458
4 0.097222 0.103906 0.129630 0.171354
1 0.532407 0.475000 0.935185 0.088542
4 0.252778 0.619792 0.194444 0.109375
4 0.528704 0.619792 0.194444 0.109375
4 0.804630 0.619792 0.194444 0.109375
4 0.991667 0.619792 0.016667 0.109375
4 0.252778 0.775000 0.194444 0.109375
4 0.528704 0.775000 0.194444 0.109375
4 0.804630 0.775000 0.194444 0.109375
4 0.991667 0.775000 0.016667 0.109375
4 0.252778 0.930208 0.194444 0.109375
4 0.528704 0.930208 0.194444 0.109375
4 0.804630 0.930208 0.194444 0.109375
4 0.991667 0.930208 0.016667 0.109375