6 0.500000 0.094792 1.000000 0.102083
1 0.272685 0.094792 0.441667 0.102083
3 0.218519 0.268750 0.437037 0.245833
3 0.666667 0.268750 0.437037 0.245833
3 0.948148 0.268750 0.103704 0.245833
3 0.218519 0.520833 0.437037 0.245833
3 0.666667 0.520833 0.437037 0.245833
3 0.948148 0.520833 0.103704 0.245833
3 0.218519 0.772917 0.437037 0.245833
3 0.666667 0.772917 0.437037 0.245833
3 0.948148 0.772917 0.103704 0.245833
3 0.218519 0.951042 0.437037 0.097917
3 0.666667 0.951042 0.437037 0.097917
3 0.948148 0.951042 0.103704 0.097917