6 0.500000 0.087500 1.000000 0.087500
1 0.116667 0.087500 0.233333 0.087500
7 0.500000 0.189583 1.000000 0.116667
1 0.525926 0.188542 0.948148 0.048958
7 0.500000 0.307292 1.000000 0.116667
1 0.525926 0.306250 0.948148 0.048958
7 0.500000 0.425000 1.000000 0.116667
1 0.525926 0.423958 0.948148 0.048958
7 0.500000 0.542708 1.000000 0.116667
1 0.525926 0.541667 0.948148 0.048958
7 0.500000 0.660417 1.000000 0.116667
1 0.525926 0.659375 0.948148 0.048958
7 0.500000 0.778125 1.000000 0.116667
1 0.525926 0.777083 0.948148 0.048958
7 0.500000 0.895833 1.000000 0.116667
1 0.525926 0.894792 0.948148 0.048958
7 0.500000 0.977604 1.000000 0.044792
1 0.525926 0.994010 0.948148 0.011979