9 0.453704 0.500000 0.907407 1.000000
1 0.453704 0.215104 0.803704 0.087500
1 0.453704 0.302604 0.803704 0.087500
1 0.453704 0.390104 0.803704 0.087500
1 0.453704 0.477604 0.803704 0.087500
1 0.453704 0.565104 0.803704 0.087500
1 0.453704 0.652604 0.803704 0.087500
1 0.453704 0.740104 0.803704 0.087500
6 0.500000 0.094792 1.000000 0.102083
3 0.090741 0.094792 0.181481 0.102083
1 0.644444 0.094531 0.229630 0.048438
3 0.781944 0.102083 0.045370 0.021875
7 0.500000 0.213281 1.000000 0.120313
1 0.103704 0.239063 0.129630 0.032292
1 0.184722 0.194792 0.291667 0.039583
3 0.831944 0.201042 0.084259 0.036458
1 0.898148 0.203125 0.048148 0.032292
1 0.495370 0.197135 0.129630 0.044271
1 0.637963 0.198437 0.129630 0.039583
7 0.500000 0.335677 1.000000 0.120313
1 0.161111 0.361458 0.244444 0.032292
1 0.095833 0.319531 0.113889 0.044271
1 0.255093 0.319531 0.178704 0.044271
3 0.831944 0.323437 0.084259 0.036458
1 0.898148 0.325521 0.048148 0.032292
1 0.495370 0.319531 0.129630 0.044271
1 0.637963 0.320833 0.129630 0.039583
7 0.500000 0.458073 1.000000 0.120313
1 0.087963 0.483854 0.098148 0.032292
1 0.095833 0.441927 0.113889 0.044271
1 0.255093 0.441927 0.178704 0.044271
3 0.843981 0.445833 0.084259 0.036458
1 0.898148 0.447917 0.024074 0.032292
1 0.501852 0.441927 0.129630 0.044271
1 0.644444 0.443229 0.129630 0.039583
7 0.500000 0.580469 1.000000 0.120313
1 0.123148 0.606250 0.168519 0.032292
1 0.095833 0.564323 0.113889 0.044271
1 0.255093 0.564323 0.178704 0.044271
3 0.843981 0.568229 0.084259 0.036458
1 0.898148 0.570312 0.024074 0.032292
1 0.501852 0.564323 0.129630 0.044271
1 0.644444 0.565625 0.129630 0.039583
7 0.500000 0.702865 1.000000 0.120313
1 0.103704 0.728646 0.129630 0.032292
1 0.095833 0.686719 0.113889 0.044271
1 0.255093 0.686719 0.178704 0.044271
3 0.843981 0.690625 0.084259 0.036458
1 0.898148 0.692708 0.024074 0.032292
1 0.501852 0.686719 0.129630 0.044271
1 0.644444 0.688021 0.129630 0.039583
7 0.500000 0.825260 1.000000 0.120313
1 0.103704 0.851042 0.129630 0.032292
1 0.095833 0.809115 0.113889 0.044271
1 0.255093 0.809115 0.178704 0.044271
3 0.843981 0.813021 0.084259 0.036458
1 0.898148 0.815104 0.024074 0.032292
1 0.501852 0.809115 0.129630 0.044271
1 0.644444 0.810417 0.129630 0.039583
7 0.500000 0.943750 1.000000 0.112500
1 0.123148 0.973437 0.168519 0.032292
1 0.095833 0.931510 0.113889 0.044271
1 0.255093 0.931510 0.178704 0.044271
3 0.843981 0.935417 0.084259 0.036458
1 0.898148 0.937500 0.024074 0.032292
1 0.501852 0.931510 0.129630 0.044271
1 0.644444 0.932813 0.129630 0.039583