6 0.500000 0.087500 1.000000 0.087500
3 0.086111 0.087500 0.092593 0.058333
1 0.249537 0.087240 0.208333 0.044271
3 0.091204 0.163021 0.108333 0.058333
1 0.235185 0.162760 0.179630 0.036979
3 0.091204 0.226562 0.108333 0.058333
1 0.279167 0.226302 0.267593 0.036979
3 0.091204 0.290104 0.108333 0.058333
1 0.289815 0.289844 0.288889 0.036979
4 0.091204 0.353646 0.108333 0.058333
1 0.374074 0.353385 0.457407 0.036979
1 0.532407 0.550781 0.935185 0.330729
3 0.091204 0.747917 0.108333 0.058333
1 0.262500 0.747656 0.234259 0.036979