6 0.500000 0.087500 1.000000 0.087500
4 0.077778 0.087500 0.155556 0.087500
1 0.274537 0.087240 0.212037 0.044271
3 0.073148 0.882812 0.146296 0.038542
3 0.073148 0.981510 0.146296 0.036979
4 0.073148 0.180208 0.146296 0.038542
1 0.597685 0.180208 0.804630 0.039583
4 0.073148 0.280990 0.146296 0.033854
1 0.597685 0.280729 0.804630 0.039583
3 0.073148 0.381510 0.146296 0.041146
1 0.597685 0.381250 0.804630 0.039583
3 0.073148 0.482031 0.146296 0.040104
1 0.597685 0.481771 0.804630 0.039583
4 0.073148 0.582292 0.146296 0.037500
1 0.597685 0.582292 0.804630 0.039583
3 0.073148 0.682813 0.146296 0.046875
1 0.597685 0.682813 0.804630 0.039583
4 0.073148 0.783333 0.146296 0.036458
1 0.597685 0.783333 0.804630 0.039583
1 0.319444 0.882812 0.203704 0.039583
1 0.311574 0.981250 0.187963 0.037500