3 0.500000 0.500000 1.000000 1.000000
6 0.500000 0.087500 1.000000 0.087500
4 0.077778 0.087500 0.155556 0.087500
1 0.254167 0.087240 0.171296 0.044271
7 0.500000 0.277083 1.000000 0.109375
4 0.100926 0.277083 0.155556 0.043750
1 0.206481 0.260677 0.055556 0.036979
1 0.263889 0.295312 0.170370 0.032292
7 0.500000 0.387500 1.000000 0.109375
4 0.100926 0.387500 0.155556 0.043750
1 0.234259 0.371094 0.111111 0.036979
1 0.263889 0.405729 0.170370 0.032292
7 0.500000 0.497917 1.000000 0.109375
4 0.100926 0.497917 0.155556 0.043750
1 0.312037 0.481510 0.266667 0.036979
1 0.263889 0.516146 0.170370 0.032292
7 0.500000 0.608333 1.000000 0.109375
3 0.100926 0.608333 0.155556 0.043750
1 0.234259 0.591927 0.111111 0.036979
1 0.263889 0.626563 0.170370 0.032292
7 0.500000 0.718750 1.000000 0.109375
4 0.100926 0.718750 0.155556 0.043750
1 0.302778 0.702344 0.248148 0.036979
1 0.275926 0.736979 0.194444 0.032292
7 0.500000 0.829167 1.000000 0.109375
3 0.100926 0.829167 0.155556 0.043750
1 0.457870 0.812760 0.558333 0.036979
1 0.263889 0.847396 0.170370 0.032292
7 0.500000 0.939583 1.000000 0.109375
3 0.100926 0.939583 0.155556 0.043750
1 0.336111 0.923177 0.314815 0.036979
1 0.263889 0.957812 0.170370 0.032292
7 0.500000 0.997656 1.000000 0.004687