3 0.500000 0.153125 1.000000 0.218750
1 0.385648 0.158594 0.641667 0.101562
1 0.905093 0.196615 0.189815 0.133854
1 0.075000 0.098177 0.116667 0.066146
3 0.666667 0.098437 0.388889 0.062500
4 0.081481 0.320833 0.064815 0.036458
1 0.229630 0.320833 0.166667 0.041667
4 0.081481 0.398958 0.064815 0.036458
1 0.375463 0.398958 0.458333 0.041667
3 0.081481 0.477083 0.064815 0.036458
1 0.411111 0.477083 0.529630 0.041667
3 0.081481 0.555208 0.064815 0.036458
1 0.263426 0.555208 0.234259 0.041667
3 0.081481 0.673438 0.064815 0.036458
1 0.403704 0.673438 0.514815 0.041667
3 0.081481 0.751563 0.064815 0.036458
1 0.350926 0.751563 0.409259 0.041667
3 0.081481 0.829688 0.064815 0.036458
1 0.397685 0.829688 0.502778 0.041667
1 0.302315 0.962500 0.280556 0.034375
3 0.500000 0.231250 1.000000 0.156250
1 0.513889 0.236458 0.972222 0.145833
1 0.500000 0.619271 1.000000 0.145833
1 0.500000 0.716667 1.000000 0.048958
1 0.357870 0.391406 0.617593 0.091146
1 0.833333 0.391406 0.333333 0.091146