1 0.571759 0.084896 0.856481 0.082292
4 0.071759 0.084115 0.136111 0.076563
1 0.231019 0.258854 0.428704 0.232292
7 0.666204 0.258854 0.428704 0.232292
1 0.667593 0.302604 0.259259 0.051042
3 0.667593 0.233333 0.155556 0.087500
7 0.943519 0.258854 0.112963 0.232292
1 0.986574 0.302604 0.026852 0.051042
7 0.231019 0.491146 0.428704 0.232292
1 0.232407 0.534896 0.259259 0.051042
3 0.232407 0.465625 0.155556 0.087500
7 0.666204 0.491146 0.428704 0.232292
1 0.667593 0.534896 0.259259 0.051042
3 0.667593 0.465625 0.155556 0.087500
1 0.943519 0.491146 0.112963 0.232292
7 0.231019 0.723437 0.428704 0.232292
1 0.232407 0.767188 0.259259 0.051042
3 0.232407 0.697917 0.155556 0.087500
7 0.666204 0.723437 0.428704 0.232292
1 0.667593 0.767188 0.259259 0.051042
3 0.667593 0.697917 0.155556 0.087500
7 0.943519 0.723437 0.112963 0.232292
1 0.986574 0.767188 0.026852 0.051042
7 0.231019 0.919792 0.428704 0.160417
1 0.232407 0.986979 0.259259 0.026042
4 0.232407 0.930208 0.155556 0.087500
1 0.666204 0.919792 0.428704 0.160417
7 0.943519 0.919792 0.112963 0.160417
1 0.986574 0.986979 0.026852 0.026042