6 0.500000 0.094792 1.000000 0.102083
4 0.090741 0.094792 0.181481 0.102083
7 0.500000 0.182552 1.000000 0.073438
1 0.259259 0.175521 0.388889 0.059375
7 0.500000 0.266927 1.000000 0.091146
1 0.166667 0.266667 0.203704 0.063542
7 0.500000 0.360156 1.000000 0.091146
1 0.278704 0.360156 0.427778 0.091146
7 0.500000 0.436979 1.000000 0.058333
7 0.500000 0.527604 1.000000 0.118750
1 0.296296 0.527344 0.462963 0.091146
7 0.500000 0.634635 1.000000 0.091146
1 0.191667 0.634635 0.383333 0.091146
7 0.500000 0.727865 1.000000 0.091146
1 0.105556 0.727865 0.211111 0.091146
7 0.500000 0.821094 1.000000 0.091146
1 0.159259 0.821094 0.318519 0.091146
7 0.500000 0.914323 1.000000 0.091146
1 0.192593 0.914323 0.385185 0.091146
7 0.500000 0.980990 1.000000 0.038021
1 0.261111 0.980990 0.392593 0.038021