6 0.500000 0.087500 1.000000 0.087500
4 0.084259 0.087500 0.103704 0.058333
1 0.368519 0.087240 0.270370 0.044271
7 0.166667 0.228646 0.333333 0.194792
5 0.166667 0.154688 0.320370 0.039583
3 0.169907 0.228646 0.326852 0.187500
7 0.500000 0.228646 0.333333 0.194792
5 0.500000 0.154688 0.320370 0.039583
3 0.503241 0.228646 0.326852 0.187500
7 0.833333 0.228646 0.333333 0.194792
5 0.833333 0.154688 0.320370 0.039583
3 0.836574 0.228646 0.326852 0.187500
7 0.166667 0.423438 0.333333 0.194792
5 0.166667 0.349479 0.320370 0.039583
3 0.169907 0.423438 0.326852 0.187500
7 0.500000 0.423438 0.333333 0.194792
5 0.500000 0.349479 0.320370 0.039583
3 0.503241 0.423438 0.326852 0.187500
7 0.833333 0.423438 0.333333 0.194792
5 0.833333 0.349479 0.320370 0.039583
3 0.836574 0.423438 0.326852 0.187500
7 0.166667 0.618229 0.333333 0.194792
5 0.166667 0.544271 0.320370 0.039583
3 0.169907 0.618229 0.326852 0.187500
7 0.500000 0.618229 0.333333 0.194792
5 0.500000 0.544271 0.320370 0.039583
3 0.503241 0.618229 0.326852 0.187500
7 0.833333 0.618229 0.333333 0.194792
5 0.833333 0.544271 0.320370 0.039583
3 0.836574 0.618229 0.326852 0.187500
7 0.166667 0.813021 0.333333 0.194792
5 0.166667 0.739062 0.320370 0.039583
3 0.169907 0.813021 0.326852 0.187500
7 0.500000 0.813021 0.333333 0.194792
5 0.500000 0.739062 0.320370 0.039583
3 0.503241 0.813021 0.326852 0.187500
7 0.833333 0.813021 0.333333 0.194792
5 0.833333 0.739062 0.320370 0.039583
3 0.836574 0.813021 0.326852 0.187500
7 0.166667 0.955208 0.333333 0.089583
5 0.166667 0.933854 0.320370 0.039583
3 0.169907 0.957031 0.326852 0.085938
7 0.500000 0.955208 0.333333 0.089583
5 0.500000 0.933854 0.320370 0.039583
3 0.503241 0.957031 0.326852 0.085938
7 0.833333 0.955208 0.333333 0.089583
5 0.833333 0.933854 0.320370 0.039583
3 0.836574 0.957031 0.326852 0.085938