6 0.500000 0.087500 1.000000 0.087500
4 0.025926 0.087500 0.051852 0.029167
3 0.139815 0.087760 0.200000 0.042188
1 0.463426 0.087240 0.421296 0.042188
1 0.500000 0.164062 1.000000 0.065625
1 0.516204 0.277604 0.967593 0.088542
1 0.516204 0.375521 0.967593 0.034375
2 0.356481 0.471354 0.648148 0.072917
2 0.356481 0.544271 0.648148 0.072917
1 0.356481 0.617188 0.648148 0.072917
1 0.516204 0.725521 0.967593 0.034375
2 0.356481 0.821354 0.648148 0.072917
2 0.356481 0.894271 0.648148 0.072917
2 0.356481 0.965365 0.648148 0.069271