4 0.063889 0.087500 0.127778 0.072917
1 0.500000 0.083854 1.000000 0.072917
7 0.500000 0.169531 1.000000 0.091146
1 0.103241 0.169271 0.108333 0.039583
7 0.500000 0.261719 1.000000 0.091146
1 0.114815 0.261458 0.131481 0.039583
7 0.500000 0.353906 1.000000 0.091146
1 0.153241 0.353646 0.208333 0.039583
7 0.500000 0.446094 1.000000 0.091146
1 0.165741 0.445833 0.233333 0.039583
3 0.508333 0.971615 0.983333 0.056771
1 0.178241 0.848437 0.291667 0.080208
1 0.662037 0.848177 0.675926 0.027604
0 0.133333 0.914062 0.266667 0.051042
0 0.400000 0.914062 0.266667 0.051042
0 0.666667 0.914062 0.266667 0.051042
0 0.900000 0.914062 0.200000 0.051042