6 0.500000 0.094792 1.000000 0.102083
1 0.367593 0.094531 0.346296 0.048438
4 0.090741 0.094792 0.181481 0.102083
1 0.500000 0.430208 1.000000 0.087500
1 0.738426 0.229948 0.523148 0.044271
2 0.738426 0.287760 0.523148 0.044271
1 0.525926 0.526823 0.948148 0.105729
1 0.525926 0.632552 0.948148 0.105729
1 0.525926 0.844010 0.948148 0.105729
3 0.213889 0.266146 0.324074 0.182292
1 0.525926 0.720573 0.948148 0.045312
1 0.525926 0.760938 0.948148 0.035417
1 0.208796 0.937760 0.313889 0.045312
1 0.322222 0.983073 0.540741 0.033854