1 0.525926 0.369010 0.948148 0.103646
1 0.525926 0.553385 0.948148 0.209896
1 0.160185 0.740365 0.216667 0.091146
6 0.500000 0.094792 1.000000 0.102083
3 0.084722 0.094792 0.169444 0.102083
3 0.229630 0.094792 0.120370 0.102083
1 0.455093 0.094531 0.330556 0.073438
3 0.666667 0.253385 0.038889 0.010937
3 0.084259 0.321094 0.103704 0.076563
7 0.162037 0.196875 0.324074 0.102083
4 0.161574 0.173958 0.097222 0.056250
1 0.161574 0.225000 0.243519 0.045833
7 0.486111 0.196875 0.324074 0.102083
3 0.485648 0.173958 0.097222 0.056250
1 0.485648 0.225000 0.243519 0.045833
7 0.810185 0.196875 0.324074 0.102083
4 0.809722 0.173958 0.097222 0.056250
1 0.809722 0.225000 0.243519 0.045833
7 0.986111 0.196875 0.027778 0.102083
1 0.568056 0.300000 0.863889 0.038542
1 0.568056 0.340365 0.863889 0.042188