6 0.500000 0.094792 1.000000 0.102083
1 0.353241 0.094531 0.239815 0.048438
4 0.090741 0.094792 0.181481 0.102083
1 0.500000 0.177604 1.000000 0.063542
7 0.500000 0.260417 1.000000 0.097917
1 0.183333 0.260417 0.262963 0.039583
7 0.500000 0.377604 1.000000 0.132292
1 0.226389 0.360417 0.349074 0.039583
1 0.277315 0.397396 0.450926 0.034375
7 0.500000 0.494792 1.000000 0.097917
1 0.276389 0.494792 0.449074 0.039583
1 0.500000 0.577604 1.000000 0.063542
7 0.500000 0.677604 1.000000 0.132292
1 0.196296 0.660417 0.288889 0.039583
1 0.258796 0.697396 0.413889 0.034375
7 0.500000 0.811979 1.000000 0.132292
1 0.303704 0.794792 0.503704 0.039583
1 0.349537 0.831771 0.595370 0.034375
7 0.500000 0.940104 1.000000 0.119792
1 0.234722 0.929167 0.365741 0.039583
1 0.433333 0.966146 0.762963 0.034375