6 0.500000 0.094792 1.000000 0.102083
1 0.438426 0.094792 0.332407 0.039583
4 0.129630 0.094792 0.259259 0.102083
1 0.309722 0.462500 0.619444 0.092708
1 0.143981 0.657292 0.287963 0.092708
1 0.500000 0.367708 1.000000 0.092708
4 0.126852 0.754687 0.129630 0.072917
4 0.126852 0.754687 0.129630 0.072917
4 0.126852 0.856771 0.129630 0.072917
4 0.126852 0.856771 0.129630 0.072917
1 0.143981 0.192188 0.184259 0.034375
1 0.525926 0.229167 0.948148 0.039583
4 0.126852 0.559896 0.064815 0.036458
1 0.539815 0.542708 0.572222 0.039583
1 0.506019 0.579688 0.504630 0.034375
1 0.411574 0.737500 0.315741 0.039583
1 0.396296 0.774479 0.285185 0.034375
1 0.411574 0.839583 0.315741 0.039583
1 0.396296 0.876563 0.285185 0.034375