6 0.500000 0.094792 1.000000 0.102083
1 0.411111 0.094531 0.355556 0.048438
4 0.090741 0.094792 0.181481 0.102083
7 0.500000 0.510938 1.000000 0.685417
7 0.500000 0.510938 1.000000 0.685417
8 0.500000 0.614844 1.000000 0.054688
1 0.343056 0.700521 0.634259 0.087500
1 0.836574 0.700521 0.326852 0.087500
1 0.343056 0.795312 0.634259 0.087500
1 0.836574 0.795312 0.326852 0.087500
3 0.500000 0.405208 1.000000 0.473958
1 0.500000 0.550781 1.000000 0.036979
7 0.500000 0.926823 1.000000 0.146354
3 0.500000 0.926823 1.000000 0.146354
1 0.833796 0.822396 0.332407 0.048958
1 0.827315 0.935417 0.345370 0.048958
1 0.600926 0.102604 0.798148 0.072917
4 0.117593 0.102604 0.077778 0.043750