9 0.421296 0.521875 0.842593 0.956250
7 0.421296 0.045833 0.842593 0.004167
1 0.421296 0.045833 0.842593 0.004167
7 0.421296 0.086458 0.842593 0.072917
1 0.421296 0.086458 0.842593 0.072917
7 0.421296 0.161458 0.842593 0.072917
1 0.421296 0.161458 0.842593 0.072917
7 0.421296 0.236458 0.842593 0.072917
1 0.421296 0.236458 0.842593 0.072917
7 0.421296 0.311458 0.842593 0.072917
1 0.421296 0.311458 0.842593 0.072917
7 0.421296 0.386458 0.842593 0.072917
1 0.421296 0.386458 0.842593 0.072917
7 0.421296 0.461458 0.842593 0.072917
1 0.421296 0.461458 0.842593 0.072917
7 0.421296 0.536458 0.842593 0.072917
1 0.421296 0.536458 0.842593 0.072917
7 0.421296 0.629687 0.842593 0.109375
3 0.146296 0.647917 0.064815 0.036458
1 0.510648 0.647917 0.663889 0.072917
7 0.421296 0.722917 0.842593 0.072917
1 0.421296 0.722917 0.842593 0.072917
7 0.421296 0.797917 0.842593 0.072917
1 0.421296 0.797917 0.842593 0.072917
7 0.421296 0.891146 0.842593 0.109375
3 0.146296 0.909375 0.064815 0.036458
1 0.510648 0.909375 0.663889 0.072917
7 0.421296 0.973958 0.842593 0.052083
1 0.421296 0.973958 0.842593 0.052083
6 0.500000 0.094792 1.000000 0.102083
1 0.409722 0.094531 0.352778 0.044271
3 0.090741 0.094792 0.181481 0.102083
7 0.333333 0.424479 0.666667 0.557292
3 0.333333 0.424479 0.666667 0.557292
3 0.073148 0.186979 0.146296 0.082292
7 0.833333 0.424479 0.333333 0.557292
3 0.833333 0.424479 0.333333 0.557292
3 0.739815 0.186979 0.146296 0.082292
7 0.333333 0.851562 0.666667 0.296875
3 0.333333 0.851562 0.666667 0.296875
3 0.073148 0.744271 0.146296 0.082292
7 0.833333 0.851562 0.333333 0.296875
3 0.833333 0.851562 0.333333 0.296875
3 0.739815 0.744271 0.146296 0.082292