1 0.383333 0.509115 0.501852 0.046354
1 0.865741 0.749740 0.268519 0.046354
1 0.383333 0.815625 0.501852 0.073958
1 0.865741 0.829427 0.268519 0.046354
1 0.383333 0.895312 0.501852 0.073958
1 0.865741 0.909115 0.268519 0.046354
0 0.219444 0.255729 0.259259 0.082292
1 0.679630 0.229427 0.640741 0.022396
2 0.865741 0.422656 0.268519 0.046354
2 0.906481 0.508073 0.187037 0.046354
3 0.887037 0.579688 0.129630 0.082292
1 0.975926 0.581250 0.048148 0.079167
1 0.271296 0.417708 0.277778 0.073958
3 0.510648 0.417708 0.162037 0.072917
1 0.221759 0.599219 0.178704 0.046354
3 0.362963 0.589583 0.103704 0.065625
1 0.265741 0.735938 0.266667 0.073958