6 0.500000 0.083854 1.000000 0.080208
1 0.071296 0.083854 0.142593 0.080208
1 0.623148 0.085938 0.753704 0.052083
1 0.181481 0.083854 0.129630 0.080208
1 0.500000 0.237240 1.000000 0.036979
7 0.500000 0.244792 1.000000 0.007292
7 0.500000 0.348438 1.000000 0.200000
1 0.353241 0.411719 0.602778 0.029687
1 0.972222 0.286198 0.055556 0.031771
1 0.121296 0.296615 0.138889 0.051562
1 0.224074 0.296615 0.053704 0.036979
1 0.146296 0.348177 0.188889 0.051562
1 0.274074 0.348177 0.053704 0.036979
7 0.500000 0.548438 1.000000 0.200000
1 0.298148 0.370573 0.492593 0.029687
1 0.972222 0.369010 0.055556 0.031771
1 0.158796 0.496615 0.213889 0.051562
1 0.299074 0.496615 0.053704 0.036979
1 0.137500 0.548177 0.171296 0.051562
1 0.256481 0.548177 0.053704 0.036979
1 0.161111 0.292187 0.257407 0.043750
1 0.622685 0.185938 0.636111 0.034375
1 0.970370 0.186198 0.059259 0.050521
1 0.308796 0.097135 0.141667 0.048438
1 0.308796 0.137500 0.617593 0.032292
1 0.665741 0.098958 0.059259 0.052083
1 0.962500 0.097135 0.075000 0.048438
1 0.857407 0.137500 0.285185 0.032292
1 0.226389 0.364063 0.375000 0.048958
1 0.956944 0.364063 0.086111 0.048958
1 0.226389 0.410938 0.375000 0.043750
1 0.663889 0.411719 0.500000 0.041146
1 0.956944 0.410938 0.086111 0.043750
1 0.226389 0.455208 0.375000 0.043750
1 0.663889 0.455990 0.500000 0.041146
1 0.956944 0.455208 0.086111 0.043750
1 0.226389 0.499479 0.375000 0.043750
1 0.663889 0.500260 0.500000 0.041146
1 0.956944 0.499479 0.086111 0.043750
1 0.226389 0.543750 0.375000 0.043750
1 0.663889 0.544531 0.500000 0.041146
1 0.956944 0.543750 0.086111 0.043750
1 0.226389 0.588021 0.375000 0.043750
1 0.663889 0.588802 0.500000 0.041146
1 0.956944 0.588021 0.086111 0.043750
1 0.226389 0.632292 0.375000 0.043750
1 0.663889 0.633073 0.500000 0.041146
1 0.956944 0.632292 0.086111 0.043750
1 0.226389 0.676562 0.375000 0.043750
1 0.663889 0.677344 0.500000 0.041146
1 0.956944 0.676562 0.086111 0.043750
1 0.226389 0.720833 0.375000 0.043750
1 0.663889 0.721615 0.500000 0.041146
1 0.956944 0.720833 0.086111 0.043750
1 0.226389 0.765104 0.375000 0.043750
1 0.663889 0.765885 0.500000 0.041146
1 0.956944 0.765104 0.086111 0.043750
1 0.226389 0.809375 0.375000 0.043750
1 0.663889 0.810156 0.500000 0.041146
1 0.956944 0.809375 0.086111 0.043750
1 0.226389 0.853646 0.375000 0.043750
1 0.663889 0.854427 0.500000 0.041146
1 0.956944 0.853646 0.086111 0.043750
1 0.226389 0.897917 0.375000 0.043750
1 0.663889 0.898698 0.500000 0.041146
1 0.956944 0.897917 0.086111 0.043750
1 0.226389 0.942187 0.375000 0.043750
1 0.663889 0.942969 0.500000 0.041146
1 0.956944 0.942187 0.086111 0.043750