6 0.500000 0.083854 1.000000 0.080208
1 0.071296 0.083854 0.142593 0.080208
1 0.623148 0.085938 0.753704 0.052083
1 0.181481 0.083854 0.129630 0.080208
1 0.500000 0.235417 1.000000 0.065625
1 0.500000 0.277865 1.000000 0.073438
7 0.500000 0.388542 1.000000 0.147917
1 0.972222 0.352344 0.055556 0.031771
1 0.162037 0.362760 0.220370 0.051562
1 0.305556 0.362760 0.053704 0.036979
1 0.846296 0.362760 0.129630 0.044271
1 0.146296 0.414323 0.188889 0.051562
1 0.274074 0.414323 0.053704 0.036979
1 0.846296 0.414323 0.129630 0.044271
3 0.904630 0.414323 0.012963 0.014063
7 0.500000 0.536458 1.000000 0.147917
1 0.972222 0.500260 0.055556 0.031771
1 0.167130 0.510677 0.230556 0.051562
1 0.315741 0.510677 0.053704 0.036979
1 0.846296 0.510677 0.129630 0.044271
3 0.904630 0.510677 0.012963 0.014063
1 0.216204 0.562240 0.328704 0.051562
1 0.413889 0.562240 0.053704 0.036979
1 0.846296 0.562240 0.129630 0.044271
1 0.500000 0.647135 1.000000 0.073438
7 0.500000 0.783854 1.000000 0.200000
1 0.215278 0.847135 0.326852 0.029687
1 0.972222 0.721615 0.055556 0.031771
1 0.147685 0.732031 0.191667 0.051562
1 0.276852 0.732031 0.053704 0.036979
1 0.176852 0.783594 0.250000 0.051562
1 0.335185 0.783594 0.053704 0.036979
7 0.500000 0.941927 1.000000 0.116146
1 0.972222 0.921615 0.055556 0.031771
1 0.166204 0.932031 0.228704 0.051562
1 0.313889 0.932031 0.053704 0.036979
1 0.162500 0.978906 0.221296 0.042188
1 0.306481 0.982552 0.053704 0.034896
1 0.161111 0.304688 0.257407 0.043750
1 0.666667 0.178125 0.587037 0.034375
1 0.308333 0.097135 0.200000 0.048438
1 0.308796 0.137500 0.617593 0.032292
1 0.665741 0.098958 0.059259 0.052083
1 0.945833 0.097135 0.108333 0.048438
1 0.857407 0.137500 0.285185 0.032292