6 0.500000 0.094792 1.000000 0.102083
1 0.204167 0.094531 0.304630 0.048438
7 0.511574 0.300260 0.976852 0.282813
3 0.144907 0.227344 0.178704 0.100521
1 0.633333 0.195573 0.733333 0.036979
1 0.952315 0.394271 0.095370 0.058333
1 0.633333 0.244271 0.733333 0.060417
7 0.511574 0.595573 0.976852 0.282813
3 0.144907 0.522656 0.178704 0.100521
1 0.633333 0.490885 0.733333 0.036979
1 0.952315 0.689583 0.095370 0.058333
1 0.633333 0.539583 0.733333 0.060417
7 0.511574 0.874740 0.976852 0.250521
3 0.144907 0.817969 0.178704 0.100521
1 0.633333 0.786198 0.733333 0.036979
1 0.952315 0.977865 0.095370 0.044271
1 0.633333 0.820833 0.733333 0.032292