6 0.500000 0.094792 1.000000 0.102083
4 0.090741 0.094792 0.181481 0.102083
4 0.841204 0.094792 0.130556 0.102083
4 0.841204 0.094531 0.130556 0.073438
4 0.953241 0.094531 0.093519 0.073438
3 0.500000 0.151042 1.000000 0.007292
7 0.500000 0.237240 1.000000 0.179688
1 0.525926 0.200781 0.948148 0.048438
1 0.240741 0.268750 0.183333 0.087500
1 0.544907 0.268750 0.373148 0.087500
1 0.100463 0.268490 0.097222 0.054688
1 0.500000 0.358854 1.000000 0.063542
7 0.500000 0.444271 1.000000 0.073958
1 0.297685 0.429427 0.491667 0.029687
1 0.203241 0.459115 0.302778 0.029687
7 0.500000 0.492188 1.000000 0.021875