9 0.667593 0.521875 0.664815 0.956250
3 0.667593 0.299740 0.664815 0.511979
1 0.700000 0.104427 0.600000 0.048438
7 0.667593 0.208854 0.664815 0.087500
1 0.700000 0.208854 0.600000 0.039583
7 0.667593 0.296354 0.664815 0.087500
1 0.674074 0.296354 0.651852 0.039583
1 0.555093 0.116667 0.284259 0.058333
1 0.706481 0.235156 0.587037 0.091146
1 0.520370 0.370312 0.214815 0.087500
6 0.500000 0.094792 1.000000 0.102083
4 0.197685 0.094792 0.084259 0.053125
3 0.775926 0.094792 0.155556 0.087500
3 0.926852 0.094792 0.146296 0.087500
1 0.103704 0.094792 0.103704 0.058333
1 0.188426 0.184635 0.273148 0.048438
1 0.165278 0.223698 0.226852 0.029687
3 0.304630 0.223698 0.051852 0.011979
3 0.500000 0.267708 1.000000 0.007292
2 0.500000 0.313021 1.000000 0.097917
7 0.500000 0.412240 1.000000 0.096354
1 0.525926 0.425000 0.948148 0.034375
7 0.500000 0.504167 1.000000 0.087500
1 0.153241 0.504167 0.202778 0.039583