9 0.667593 0.521875 0.664815 0.956250
1 0.700000 0.104427 0.600000 0.048438
7 0.667593 0.216146 0.664815 0.102083
1 0.700000 0.201042 0.600000 0.039583
1 0.700000 0.235677 0.600000 0.029687
7 0.667593 0.318229 0.664815 0.102083
1 0.700000 0.303125 0.600000 0.039583
1 0.700000 0.337760 0.600000 0.029687
6 0.500000 0.094792 1.000000 0.102083
4 0.197685 0.094792 0.084259 0.053125
3 0.775926 0.094792 0.155556 0.087500
3 0.926852 0.094792 0.146296 0.087500
1 0.103704 0.094792 0.103704 0.058333
1 0.387500 0.184635 0.671296 0.048438
1 0.217130 0.223698 0.330556 0.029687
1 0.500000 0.298438 1.000000 0.068750
3 0.500000 0.340625 1.000000 0.007292
7 0.558333 0.668490 0.883333 0.663021
1 0.359259 0.388281 0.420370 0.044271
3 0.614815 0.388281 0.090741 0.041146
7 0.558333 0.485156 0.883333 0.091146
8 0.574537 0.480729 0.850926 0.078125
2 0.574537 0.480729 0.850926 0.078125
5 0.558333 0.609896 0.883333 0.158333
8 0.574537 0.609896 0.850926 0.136458
1 0.277778 0.580729 0.179630 0.034375
1 0.226852 0.634375 0.077778 0.043750
7 0.558333 0.740104 0.883333 0.102083