6 0.500000 0.087500 1.000000 0.087500
4 0.091667 0.087500 0.129630 0.087500
3 0.091667 0.087500 0.103704 0.058333
4 0.985185 0.087500 0.029630 0.087500
1 0.424074 0.087240 0.535185 0.044271
7 0.500000 0.312500 1.000000 0.362500
1 0.500000 0.157292 1.000000 0.052083
1 0.500000 0.203125 1.000000 0.039583
3 0.120370 0.290625 0.240741 0.135417
3 0.120370 0.426042 0.240741 0.135417
4 0.357407 0.284896 0.220370 0.123958
1 0.575926 0.249740 0.216667 0.053646
1 0.574074 0.320052 0.212963 0.053646
4 0.894907 0.284896 0.210185 0.123958
3 0.357407 0.420312 0.220370 0.123958
1 0.575926 0.385156 0.216667 0.053646
1 0.574074 0.455469 0.212963 0.053646
3 0.894907 0.420312 0.210185 0.123958
7 0.500000 0.685417 1.000000 0.368750
1 0.500000 0.530208 1.000000 0.058333
1 0.500000 0.579167 1.000000 0.039583
3 0.120370 0.666667 0.240741 0.135417
3 0.120370 0.802083 0.240741 0.135417
4 0.357407 0.660937 0.220370 0.123958
1 0.559259 0.625781 0.183333 0.053646
1 0.574074 0.696094 0.212963 0.053646
4 0.894907 0.660937 0.210185 0.123958
3 0.357407 0.796354 0.220370 0.123958
1 0.544444 0.761198 0.153704 0.053646
1 0.574074 0.831510 0.212963 0.053646
3 0.894907 0.796354 0.210185 0.123958
7 0.500000 0.938542 1.000000 0.122917
1 0.500000 0.906250 1.000000 0.058333
1 0.500000 0.955208 1.000000 0.039583
4 0.120370 0.987500 0.240741 0.025000
3 0.357407 0.987500 0.220370 0.025000
1 0.575926 0.987500 0.216667 0.025000
3 0.894907 0.987500 0.210185 0.025000