6 0.500000 0.094792 1.000000 0.102083
1 0.320833 0.094531 0.175000 0.048438
4 0.090741 0.094792 0.181481 0.102083
4 0.952778 0.094792 0.094444 0.102083
4 0.972222 0.086198 0.055556 0.032813
1 0.966204 0.122135 0.067593 0.024479
1 0.666204 0.447917 0.562037 0.034375
3 0.666204 0.621094 0.175000 0.224479
3 0.666204 0.694010 0.175000 0.092188
1 0.222222 0.189583 0.444444 0.087500
1 0.666667 0.189583 0.444444 0.087500
1 0.944444 0.189583 0.111111 0.087500
7 0.500000 0.477604 1.000000 0.488542
1 0.181481 0.284375 0.285185 0.072917
7 0.395370 0.521354 0.712963 0.401042
1 0.233333 0.637760 0.311111 0.029687
4 0.110185 0.681771 0.064815 0.036458
1 0.196759 0.681510 0.082407 0.027604
3 0.683796 0.683594 0.136111 0.076563
3 0.683796 0.683594 0.136111 0.076563
3 0.395370 0.521354 0.712963 0.401042
7 0.888889 0.521354 0.222222 0.401042
1 0.907870 0.637760 0.182407 0.029687
3 0.849074 0.681771 0.064815 0.036458
1 0.932870 0.681510 0.076852 0.027604
3 0.888889 0.521354 0.222222 0.401042
1 0.500000 0.772917 1.000000 0.072917
7 0.333333 0.906510 0.666667 0.186979
1 0.606944 0.838802 0.119444 0.051562
3 0.333333 0.906510 0.666667 0.186979
7 0.836574 0.906510 0.326852 0.186979
3 0.836574 0.906510 0.326852 0.186979