6 0.500000 0.094792 1.000000 0.102083
1 0.381019 0.094531 0.373148 0.048438
4 0.090741 0.094792 0.181481 0.102083
7 0.500000 0.222135 1.000000 0.142187
4 0.139352 0.222135 0.175000 0.098437
1 0.431944 0.204687 0.306481 0.039583
1 0.630093 0.241667 0.702778 0.034375
7 0.500000 0.364323 1.000000 0.142187
4 0.139352 0.364323 0.175000 0.098437
1 0.431944 0.346875 0.306481 0.039583
1 0.630093 0.383854 0.702778 0.034375
7 0.500000 0.506510 1.000000 0.142187
3 0.139352 0.506510 0.175000 0.098437
3 0.202778 0.542188 0.035185 0.019792
1 0.429630 0.489063 0.301852 0.039583
1 0.593981 0.526042 0.630556 0.034375
7 0.500000 0.648698 1.000000 0.142187
3 0.139352 0.648698 0.175000 0.098437
3 0.202778 0.684375 0.035185 0.019792
1 0.429630 0.631250 0.301852 0.039583
1 0.639352 0.668229 0.721296 0.034375
7 0.500000 0.790885 1.000000 0.142187
4 0.139352 0.790885 0.175000 0.098437
1 0.639352 0.790625 0.721296 0.073958
7 0.500000 0.930990 1.000000 0.138021
4 0.139352 0.933073 0.175000 0.098437
3 0.202778 0.968750 0.035185 0.019792
1 0.443981 0.915625 0.330556 0.039583
1 0.622222 0.952604 0.687037 0.034375