6 0.500000 0.087500 1.000000 0.087500
4 0.025926 0.087500 0.051852 0.029167
3 0.091667 0.087500 0.103704 0.058333
1 0.426852 0.087240 0.540741 0.044271
7 0.500000 0.213021 1.000000 0.163542
1 0.330093 0.213021 0.660185 0.163542
1 0.830093 0.178646 0.339815 0.094792
7 0.500000 0.360417 1.000000 0.129167
1 0.330093 0.360417 0.660185 0.129167
1 0.830093 0.343229 0.339815 0.094792
7 0.500000 0.473438 1.000000 0.094792
1 0.330093 0.473438 0.660185 0.094792
1 0.830093 0.473438 0.339815 0.094792
7 0.500000 0.586458 1.000000 0.129167
1 0.330093 0.586458 0.660185 0.129167
1 0.830093 0.569271 0.339815 0.094792