9 0.500000 0.500000 1.000000 1.000000
7 0.500000 0.489323 1.000000 0.891146
1 0.512963 0.613281 0.974074 0.044271
1 0.512963 0.912760 0.974074 0.029687
1 0.506481 0.080469 0.987037 0.058854
1 0.135185 0.832031 0.218519 0.044271
1 0.273611 0.832031 0.032407 0.044271
1 0.314815 0.832031 0.024074 0.044271
1 0.669907 0.836198 0.660185 0.029687
1 0.106019 0.664844 0.160185 0.029687
1 0.106019 0.701823 0.160185 0.044271
4 0.106019 0.750521 0.147222 0.038542
1 0.292130 0.664844 0.160185 0.029687
1 0.292130 0.701823 0.160185 0.044271
4 0.292130 0.750521 0.147222 0.038542
1 0.478704 0.664844 0.161111 0.029687
1 0.478704 0.701823 0.161111 0.044271
4 0.478704 0.750521 0.148148 0.038542
1 0.665741 0.664844 0.161111 0.029687
1 0.665741 0.701823 0.161111 0.044271
4 0.665741 0.750521 0.148148 0.038542
1 0.852778 0.664844 0.161111 0.029687
1 0.852778 0.701823 0.161111 0.044271
4 0.852778 0.750521 0.148148 0.038542
1 0.979630 0.664844 0.040741 0.029687
1 0.979630 0.701823 0.040741 0.044271
4 0.982870 0.750521 0.034259 0.038542
3 0.339815 0.204687 0.524074 0.175000
1 0.339815 0.299219 0.627778 0.044271
3 0.865741 0.204687 0.268519 0.175000
1 0.839815 0.299219 0.320370 0.044271
3 0.339815 0.423438 0.524074 0.175000
1 0.339815 0.517969 0.627778 0.044271
3 0.865741 0.423438 0.268519 0.175000
1 0.839815 0.517969 0.320370 0.044271