1 0.666204 0.076563 0.597222 0.057292
3 0.268519 0.223958 0.272222 0.153125
1 0.702315 0.174219 0.595370 0.053646
1 0.702315 0.218229 0.595370 0.034375
8 0.550463 0.285156 0.291667 0.042188
1 0.981019 0.274740 0.037963 0.051562
3 0.268519 0.445833 0.272222 0.153125
1 0.702315 0.396094 0.595370 0.053646
1 0.702315 0.440104 0.595370 0.034375
8 0.550463 0.507031 0.291667 0.042188
1 0.981019 0.496615 0.037963 0.051562
3 0.268519 0.667708 0.272222 0.153125
1 0.702315 0.617969 0.595370 0.053646
1 0.702315 0.661979 0.595370 0.034375
8 0.550463 0.728906 0.291667 0.042188
1 0.981019 0.718490 0.037963 0.051562
3 0.268519 0.889583 0.272222 0.153125
1 0.702315 0.839844 0.595370 0.053646
1 0.702315 0.883854 0.595370 0.034375
8 0.550463 0.950781 0.291667 0.042188
1 0.981019 0.940365 0.037963 0.051562