6 0.500000 0.094792 1.000000 0.102083
4 0.090741 0.094792 0.181481 0.102083
1 0.334722 0.094792 0.306481 0.102083
9 0.500000 0.189583 1.000000 0.087500
1 0.166204 0.189583 0.119444 0.034375
1 0.499537 0.189583 0.143519 0.034375
1 0.832870 0.189583 0.160185 0.034375
3 0.666667 0.620833 0.064815 0.036458
8 0.348148 0.332031 0.598148 0.142187
1 0.348148 0.302604 0.598148 0.039583
1 0.264352 0.342187 0.026852 0.039583
1 0.361111 0.342187 0.166667 0.039583
8 0.843056 0.332031 0.313889 0.142187
1 0.843056 0.302604 0.313889 0.039583
1 0.819907 0.342187 0.026852 0.039583
1 0.916667 0.342187 0.166667 0.039583
8 0.348148 0.511198 0.598148 0.142187
1 0.348148 0.487500 0.598148 0.039583
1 0.197685 0.527083 0.026852 0.039583
1 0.361574 0.527083 0.300926 0.039583
8 0.843056 0.511198 0.313889 0.142187
1 0.843056 0.487500 0.313889 0.039583
1 0.916204 0.527083 0.026852 0.039583
1 0.964815 0.527083 0.070370 0.039583
1 0.193056 0.658854 0.223148 0.039583
1 0.540741 0.824479 0.918519 0.087500
3 0.540741 0.729688 0.918519 0.087500