1 0.323148 0.089323 0.322222 0.091146
4 0.091667 0.194271 0.085185 0.047917
2 0.567130 0.194271 0.865741 0.063542
4 0.072222 0.089323 0.064815 0.091146
7 0.500000 0.284115 1.000000 0.060937
1 0.500000 0.279427 1.000000 0.051562
7 0.500000 0.345052 1.000000 0.060937
1 0.500000 0.340365 1.000000 0.051562
7 0.500000 0.405990 1.000000 0.060937
1 0.500000 0.401302 1.000000 0.051562
7 0.500000 0.466927 1.000000 0.060937
1 0.500000 0.462240 1.000000 0.051562
7 0.500000 0.527865 1.000000 0.060937
1 0.500000 0.523177 1.000000 0.051562
7 0.500000 0.588802 1.000000 0.060937
1 0.500000 0.584115 1.000000 0.051562
7 0.500000 0.649740 1.000000 0.060937
1 0.500000 0.645052 1.000000 0.051562
7 0.500000 0.710677 1.000000 0.060937
1 0.500000 0.705990 1.000000 0.051562
7 0.500000 0.771615 1.000000 0.060937
1 0.500000 0.766927 1.000000 0.051562
7 0.500000 0.832552 1.000000 0.060937
1 0.500000 0.827865 1.000000 0.051562
7 0.500000 0.893490 1.000000 0.060937
1 0.500000 0.888802 1.000000 0.051562
7 0.500000 0.954427 1.000000 0.060937
1 0.500000 0.949740 1.000000 0.051562
7 0.500000 0.992448 1.000000 0.015104
1 0.500000 0.992448 1.000000 0.015104