6 0.500000 0.094792 1.000000 0.102083
1 0.352778 0.094531 0.316667 0.048438
4 0.090741 0.094792 0.181481 0.102083
7 0.500000 0.217969 1.000000 0.144271
3 0.178704 0.222396 0.194444 0.109375
1 0.637963 0.217969 0.724074 0.070312
7 0.500000 0.337500 1.000000 0.094792
1 0.500000 0.337500 1.000000 0.094792
7 0.500000 0.432292 1.000000 0.094792
1 0.500000 0.432292 1.000000 0.094792
7 0.500000 0.527083 1.000000 0.094792
1 0.500000 0.527083 1.000000 0.094792
7 0.500000 0.621875 1.000000 0.094792
1 0.500000 0.621875 1.000000 0.094792
7 0.500000 0.716667 1.000000 0.094792
1 0.500000 0.716667 1.000000 0.094792
7 0.500000 0.811458 1.000000 0.094792
1 0.500000 0.811458 1.000000 0.094792
7 0.500000 0.906250 1.000000 0.094792
1 0.500000 0.906250 1.000000 0.094792
7 0.500000 0.976823 1.000000 0.046354
1 0.500000 0.976823 1.000000 0.046354