6 0.500000 0.094792 1.000000 0.102083
4 0.090741 0.094792 0.181481 0.102083
1 0.590741 0.094792 0.818519 0.102083
7 0.500000 0.195052 1.000000 0.098437
1 0.222222 0.194792 0.307407 0.034375
1 0.493519 0.194792 0.183333 0.034375
7 0.500000 0.295573 1.000000 0.098437
1 0.298611 0.295312 0.460185 0.034375
1 0.633333 0.295312 0.157407 0.034375
7 0.500000 0.396094 1.000000 0.098437
1 0.198611 0.395833 0.260185 0.034375
1 0.433333 0.395833 0.157407 0.034375
7 0.500000 0.496615 1.000000 0.098437
1 0.234259 0.496354 0.331481 0.034375
1 0.517593 0.496354 0.183333 0.034375
7 0.500000 0.597135 1.000000 0.098437
1 0.477778 0.596875 0.818519 0.034375
1 0.956481 0.596875 0.087037 0.034375
7 0.500000 0.697656 1.000000 0.098437
1 0.216667 0.697396 0.296296 0.034375
1 0.417593 0.697396 0.053704 0.034375
7 0.500000 0.798177 1.000000 0.098437
1 0.227315 0.797917 0.317593 0.034375
1 0.490741 0.797917 0.157407 0.034375
7 0.500000 0.898698 1.000000 0.098437
1 0.200463 0.898438 0.263889 0.034375
1 0.437037 0.898438 0.157407 0.034375
7 0.500000 0.975000 1.000000 0.050000
1 0.293981 0.990885 0.450926 0.018229
1 0.624074 0.990885 0.157407 0.018229