7 0.409722 0.103125 0.819444 0.118750
1 0.409722 0.103125 0.819444 0.118750
7 0.409722 0.207813 0.819444 0.087500
1 0.409722 0.207813 0.819444 0.087500
7 0.409722 0.297396 0.819444 0.087500
3 0.133796 0.297135 0.060185 0.033854
1 0.319907 0.297135 0.187963 0.039062
7 0.409722 0.386979 0.819444 0.087500
3 0.131481 0.386979 0.055556 0.031250
1 0.361574 0.386719 0.280556 0.039062
7 0.409722 0.476562 0.819444 0.087500
1 0.409722 0.476562 0.819444 0.087500
7 0.409722 0.566146 0.819444 0.087500
1 0.409722 0.566146 0.819444 0.087500
7 0.409722 0.632031 0.819444 0.040104
7 0.409722 0.696875 0.819444 0.089583
1 0.409722 0.697917 0.819444 0.085417
7 0.409722 0.870833 0.819444 0.258333
1 0.455093 0.887240 0.728704 0.035937
1 0.312500 0.932292 0.443519 0.054167
1 0.253704 0.984375 0.325926 0.031250
6 0.909722 0.085677 0.180556 0.083854
1 0.909722 0.085677 0.180556 0.083854
3 0.908796 0.085677 0.113889 0.083854
7 0.925463 0.189583 0.149074 0.087500
7 0.921759 0.333594 0.156481 0.182812