4 0.068519 0.036458 0.103704 0.072917
3 0.863889 0.036458 0.103704 0.072917
1 0.957870 0.036198 0.084259 0.029687
4 0.079630 0.118750 0.125926 0.072917
4 0.182407 0.118750 0.072222 0.072917
1 0.548148 0.118750 0.296296 0.072917
1 0.779630 0.118750 0.166667 0.072917
1 0.898148 0.118750 0.070370 0.072917
3 0.565741 0.532813 0.868519 0.602083
1 0.624074 0.198698 0.751852 0.029687
1 0.606481 0.865365 0.216667 0.044271
3 0.783333 0.864323 0.103704 0.060937
1 0.399537 0.923438 0.284259 0.039583
1 0.770833 0.923438 0.458333 0.039583
1 0.399537 0.963021 0.284259 0.039583
1 0.770833 0.963021 0.458333 0.039583
1 0.399537 0.991406 0.284259 0.017188
1 0.770833 0.991406 0.458333 0.017188