1 0.071296 0.089323 0.142593 0.091146
1 0.666204 0.089323 0.152778 0.031771
7 0.500463 0.389844 0.999074 0.509896
1 0.500463 0.387240 0.999074 0.067187
1 0.500463 0.445052 0.999074 0.048438
3 0.666667 0.244271 0.259259 0.145833
1 0.867130 0.489323 0.087963 0.028646
7 0.500463 0.817969 0.999074 0.364063
1 0.532870 0.688281 0.934259 0.031771
1 0.532870 0.800260 0.934259 0.031771
3 0.255093 0.907292 0.378704 0.109375
1 0.741667 0.907031 0.516667 0.031771
1 0.330556 0.589844 0.300000 0.091146
1 0.660185 0.589844 0.351852 0.091146
1 0.919907 0.589844 0.160185 0.091146