3 0.162963 0.142187 0.325926 0.196875
3 0.667130 0.142187 0.665741 0.196875
3 0.500000 0.303906 1.000000 0.117188
3 0.105556 0.303646 0.100000 0.056250
7 0.500000 0.423438 1.000000 0.112500
3 0.104630 0.426042 0.177778 0.100000
3 0.771296 0.426042 0.177778 0.100000
1 0.424537 0.423177 0.417593 0.025521
1 0.941204 0.423177 0.117593 0.025521
7 0.500000 0.535937 1.000000 0.112500
3 0.104630 0.538542 0.177778 0.100000
3 0.771296 0.538542 0.177778 0.100000
1 0.424537 0.535677 0.417593 0.025521
1 0.941204 0.535677 0.117593 0.050521
7 0.500000 0.648438 1.000000 0.112500
4 0.104630 0.651042 0.177778 0.100000
3 0.771296 0.651042 0.177778 0.100000
1 0.424537 0.648177 0.417593 0.050521
1 0.941204 0.648177 0.117593 0.025521
7 0.500000 0.760938 1.000000 0.112500
3 0.104630 0.763542 0.177778 0.100000
3 0.771296 0.763542 0.177778 0.100000
1 0.424537 0.760677 0.417593 0.025521
1 0.941204 0.760677 0.117593 0.025521
7 0.500000 0.873437 1.000000 0.112500
3 0.104630 0.876042 0.177778 0.100000
3 0.771296 0.876042 0.177778 0.100000
7 0.500000 0.964844 1.000000 0.070312
3 0.104630 0.969271 0.177778 0.061458
3 0.771296 0.969271 0.177778 0.061458
1 0.605556 0.303646 0.788889 0.098958