6 0.500000 0.087500 1.000000 0.087500
1 0.531019 0.087500 0.749074 0.087500
4 0.985185 0.087500 0.029630 0.087500
4 0.025926 0.087500 0.051852 0.029167
3 0.091667 0.087500 0.103704 0.058333
7 0.500000 0.565625 1.000000 0.868750
3 0.181481 0.205208 0.259259 0.145833
3 0.181481 0.352083 0.259259 0.145833
3 0.181481 0.498958 0.259259 0.145833
3 0.181481 0.645833 0.259259 0.145833
3 0.181481 0.792708 0.259259 0.145833
3 0.181481 0.933333 0.259259 0.133333
1 0.668519 0.190365 0.662963 0.064062
1 0.668519 0.237240 0.662963 0.029687
1 0.668519 0.336979 0.662963 0.034375
1 0.668519 0.369010 0.662963 0.029687
1 0.668519 0.483854 0.662963 0.034375
1 0.668519 0.515885 0.662963 0.029687
1 0.668519 0.630729 0.662963 0.034375
1 0.668519 0.662760 0.662963 0.029687
1 0.668519 0.777865 0.662963 0.064062
1 0.668519 0.824740 0.662963 0.029687
1 0.668519 0.924479 0.662963 0.034375
1 0.668519 0.956510 0.662963 0.029687