6 0.500000 0.051042 1.000000 0.102083
4 0.090741 0.051042 0.181481 0.102083
1 0.406944 0.050781 0.450926 0.085938
1 0.516204 0.991146 0.967593 0.017708
4 0.194444 0.230208 0.259259 0.145833
1 0.532407 0.461719 0.935185 0.050521
1 0.532407 0.517708 0.935185 0.042708
4 0.105556 0.607812 0.081481 0.045833
1 0.443981 0.607812 0.530556 0.036458
3 0.105556 0.709375 0.081481 0.045833
1 0.480556 0.709375 0.603704 0.036458
4 0.105556 0.810937 0.081481 0.045833
1 0.432870 0.810937 0.508333 0.036458
1 0.441667 0.369792 0.248148 0.060417
1 0.782870 0.374479 0.434259 0.051042
1 0.594907 0.903385 0.408333 0.079687
4 0.870370 0.903385 0.142593 0.079687
1 0.406019 0.182552 0.099074 0.049479
1 0.727778 0.182552 0.544444 0.049479
1 0.460185 0.257552 0.207407 0.048438
3 0.655556 0.257812 0.183333 0.081250