1 0.581481 0.090104 0.837037 0.056250
7 0.542593 0.202865 0.914815 0.140104
1 0.568519 0.165885 0.862963 0.044271
1 0.568519 0.228646 0.862963 0.073958
7 0.542593 0.342969 0.914815 0.140104
1 0.568519 0.305990 0.862963 0.044271
1 0.568519 0.368750 0.862963 0.073958
7 0.542593 0.483073 0.914815 0.140104
1 0.568519 0.446094 0.862963 0.044271
1 0.568519 0.508854 0.862963 0.073958
7 0.542593 0.623177 0.914815 0.140104
1 0.568519 0.586198 0.862963 0.044271
1 0.568519 0.648958 0.862963 0.073958
7 0.542593 0.763281 0.914815 0.140104
1 0.568519 0.726302 0.862963 0.044271
1 0.568519 0.789062 0.862963 0.073958
7 0.542593 0.903385 0.914815 0.140104
1 0.568519 0.866406 0.862963 0.044271
1 0.568519 0.929167 0.862963 0.073958
7 0.542593 0.986719 0.914815 0.026562
1 0.568519 0.992188 0.862963 0.015625