6 0.500000 0.094792 1.000000 0.102083
1 0.438426 0.094531 0.487963 0.048438
4 0.090741 0.094792 0.181481 0.102083
7 0.500000 0.211458 1.000000 0.131250
4 0.116667 0.211458 0.129630 0.072917
1 0.588889 0.194271 0.711111 0.034375
3 0.248148 0.228646 0.029630 0.034375
1 0.382870 0.228646 0.187963 0.034375
7 0.500000 0.343229 1.000000 0.131250
4 0.116667 0.343229 0.129630 0.072917
1 0.588889 0.326042 0.711111 0.034375
3 0.248148 0.360417 0.029630 0.034375
1 0.381944 0.360417 0.186111 0.034375
7 0.500000 0.475000 1.000000 0.131250
4 0.116667 0.475000 0.129630 0.072917
1 0.588889 0.457813 0.711111 0.034375
3 0.248148 0.492188 0.029630 0.034375
1 0.382870 0.492188 0.187963 0.034375
7 0.500000 0.606771 1.000000 0.131250
4 0.116667 0.606771 0.129630 0.072917
1 0.588889 0.589583 0.711111 0.034375
3 0.248148 0.623958 0.029630 0.034375
1 0.382870 0.623958 0.187963 0.034375