9 0.500000 0.500000 1.000000 1.000000
7 0.500000 0.008073 1.000000 0.016146
3 0.090741 0.008073 0.077778 0.016146
7 0.500000 0.059896 1.000000 0.087500
3 0.090741 0.059896 0.077778 0.087500
1 0.609259 0.059896 0.751852 0.034375
7 0.500000 0.147396 1.000000 0.087500
4 0.090741 0.147396 0.077778 0.087500
1 0.609259 0.147396 0.751852 0.034375
7 0.500000 0.234896 1.000000 0.087500
3 0.090741 0.234896 0.077778 0.087500
1 0.609259 0.234896 0.751852 0.034375
7 0.500000 0.322396 1.000000 0.087500
3 0.090741 0.322396 0.077778 0.087500
1 0.609259 0.322396 0.751852 0.034375
7 0.500000 0.409896 1.000000 0.087500
4 0.090741 0.409896 0.077778 0.087500
1 0.609259 0.409896 0.751852 0.034375
7 0.500000 0.497396 1.000000 0.087500
3 0.090741 0.497396 0.077778 0.087500
1 0.609259 0.497396 0.751852 0.034375
7 0.500000 0.584896 1.000000 0.087500
3 0.090741 0.584896 0.077778 0.087500
1 0.609259 0.584896 0.751852 0.034375
7 0.500000 0.672396 1.000000 0.087500
3 0.090741 0.672396 0.077778 0.087500
1 0.609259 0.672396 0.751852 0.034375
7 0.500000 0.759896 1.000000 0.087500
3 0.090741 0.759896 0.077778 0.087500
1 0.609259 0.759896 0.751852 0.034375
7 0.500000 0.847396 1.000000 0.087500
4 0.090741 0.847396 0.077778 0.087500
1 0.609259 0.847396 0.751852 0.034375
7 0.500000 0.934896 1.000000 0.087500
3 0.090741 0.934896 0.077778 0.087500
1 0.609259 0.934896 0.751852 0.034375
7 0.500000 0.989323 1.000000 0.021354
3 0.090741 0.989323 0.077778 0.021354
6 0.500000 0.094792 1.000000 0.102083
1 0.595370 0.094531 0.801852 0.048438
4 0.090741 0.094792 0.181481 0.102083