6 0.500000 0.083854 1.000000 0.080208
1 0.071296 0.083854 0.142593 0.080208
1 0.623148 0.085677 0.753704 0.071354
1 0.181481 0.083854 0.129630 0.080208
7 0.500000 0.127604 1.000000 0.007292
7 0.500000 0.205208 1.000000 0.147917
1 0.972222 0.181771 0.055556 0.057292
1 0.130556 0.179427 0.157407 0.051562
1 0.263889 0.179427 0.096296 0.036979
1 0.846296 0.179427 0.129630 0.044271
4 0.904630 0.179427 0.012963 0.014063
1 0.118981 0.230990 0.134259 0.051562
1 0.240741 0.230990 0.096296 0.036979
1 0.846296 0.230990 0.129630 0.044271
7 0.500000 0.353125 1.000000 0.147917
1 0.972222 0.329688 0.055556 0.057292
1 0.146296 0.327344 0.188889 0.051562
1 0.295370 0.327344 0.096296 0.036979
1 0.862500 0.327344 0.097222 0.044271
4 0.904630 0.327344 0.012963 0.014063
1 0.130556 0.378906 0.157407 0.051562
1 0.263889 0.378906 0.096296 0.036979
1 0.862500 0.378906 0.097222 0.044271
7 0.500000 0.519531 1.000000 0.184896
1 0.512963 0.519531 0.974074 0.170313
7 0.500000 0.711979 1.000000 0.200000
1 0.187037 0.775260 0.270370 0.029687
1 0.972222 0.662500 0.055556 0.057292
1 0.130556 0.660156 0.157407 0.051562
1 0.263889 0.660156 0.096296 0.036979
1 0.176852 0.711719 0.250000 0.051562
1 0.356481 0.711719 0.096296 0.036979
1 0.831019 0.711719 0.160185 0.044271
7 0.500000 0.905990 1.000000 0.188021
1 0.247685 0.975260 0.391667 0.029687
1 0.972222 0.862500 0.055556 0.057292
1 0.130556 0.860156 0.157407 0.051562
1 0.263889 0.860156 0.096296 0.036979
1 0.158796 0.911719 0.213889 0.051562
1 0.320370 0.911719 0.096296 0.036979