5 0.517130 0.088542 0.965741 0.089583
1 0.609722 0.088281 0.780556 0.050521
7 0.199537 0.252083 0.312037 0.206250
3 0.199537 0.238802 0.312037 0.179688
3 0.200926 0.235156 0.227778 0.152604
1 0.301852 0.299219 0.025926 0.024479
1 0.199537 0.341927 0.312037 0.026562
7 0.511574 0.252083 0.312037 0.206250
3 0.511574 0.238802 0.312037 0.179688
3 0.512963 0.235156 0.227778 0.152604
1 0.613889 0.299219 0.025926 0.024479
1 0.511574 0.341927 0.312037 0.026562
7 0.823611 0.252083 0.312037 0.206250
3 0.823611 0.238802 0.312037 0.179688
3 0.825000 0.235156 0.227778 0.152604
1 0.925926 0.299219 0.025926 0.024479
1 0.823611 0.341927 0.312037 0.026562
7 0.989815 0.252083 0.020370 0.206250
3 0.989815 0.238802 0.020370 0.179688
1 0.989815 0.341927 0.020370 0.026562
7 0.199537 0.483854 0.312037 0.206250
3 0.199537 0.470573 0.312037 0.179688
3 0.200926 0.466927 0.227778 0.152604
1 0.301852 0.530990 0.025926 0.024479
1 0.199537 0.573698 0.312037 0.026562
7 0.511574 0.483854 0.312037 0.206250
3 0.511574 0.470573 0.312037 0.179688
3 0.512963 0.466927 0.227778 0.152604
1 0.613889 0.530990 0.025926 0.024479
1 0.511574 0.573698 0.312037 0.026562
7 0.823611 0.483854 0.312037 0.206250
3 0.823611 0.470573 0.312037 0.179688
3 0.825000 0.466927 0.227778 0.152604
1 0.925926 0.530990 0.025926 0.024479
1 0.823611 0.573698 0.312037 0.026562
7 0.989815 0.483854 0.020370 0.206250
3 0.989815 0.470573 0.020370 0.179688
1 0.989815 0.573698 0.020370 0.026562
7 0.199537 0.715625 0.312037 0.206250
3 0.199537 0.702344 0.312037 0.179688
3 0.200926 0.698698 0.227778 0.152604
1 0.301852 0.762760 0.025926 0.024479
1 0.199537 0.805469 0.312037 0.026562
7 0.511574 0.715625 0.312037 0.206250
3 0.511574 0.702344 0.312037 0.179688
3 0.512963 0.698698 0.227778 0.152604
1 0.613889 0.762760 0.025926 0.024479
1 0.511574 0.805469 0.312037 0.026562
7 0.823611 0.715625 0.312037 0.206250
3 0.823611 0.702344 0.312037 0.179688
3 0.825000 0.698698 0.227778 0.152604
1 0.925926 0.762760 0.025926 0.024479
1 0.823611 0.805469 0.312037 0.026562
7 0.989815 0.715625 0.020370 0.206250
3 0.989815 0.702344 0.020370 0.179688
1 0.989815 0.805469 0.020370 0.026562
7 0.199537 0.922135 0.312037 0.155729
3 0.199537 0.922135 0.312037 0.155729
3 0.200926 0.927083 0.227778 0.145833
1 0.301852 0.991146 0.025926 0.017708
7 0.511574 0.922135 0.312037 0.155729
3 0.511574 0.922135 0.312037 0.155729
3 0.512963 0.927083 0.227778 0.145833
1 0.613889 0.991146 0.025926 0.017708
7 0.823611 0.922135 0.312037 0.155729
3 0.823611 0.922135 0.312037 0.155729
3 0.825000 0.927083 0.227778 0.145833
1 0.925926 0.991146 0.025926 0.017708
7 0.989815 0.922135 0.020370 0.155729
3 0.989815 0.922135 0.020370 0.155729