9 0.500000 0.500000 1.000000 1.000000
1 0.500000 0.700000 1.000000 0.175000
1 0.500000 0.875000 1.000000 0.175000
1 0.500000 0.981250 1.000000 0.037500
3 0.500000 0.291667 1.000000 0.583333
3 0.500000 0.291667 1.000000 0.583333
1 0.551852 0.485417 0.896296 0.079167
4 0.311111 0.285417 0.414815 0.233333
6 0.500000 0.189583 1.000000 0.204167
1 0.733333 0.189062 0.533333 0.096875
4 0.181481 0.189583 0.362963 0.204167
7 0.500000 0.487500 1.000000 0.391667
7 0.500000 0.841667 1.000000 0.316667
1 0.708333 0.790104 0.583333 0.096875
3 0.722222 0.965104 0.555556 0.069792