3 0.500000 0.521875 1.000000 0.956250
3 0.500000 0.521875 1.000000 0.956250
3 0.500000 0.592448 1.000000 0.815104
1 0.287963 0.973698 0.238889 0.052604
3 0.268519 0.505990 0.187037 0.080729
3 0.987500 0.506510 0.025000 0.088021
1 0.967593 0.973698 0.064815 0.052604
3 0.666667 0.996615 0.127778 0.006771
4 0.657407 0.115104 0.111111 0.060417
4 0.796296 0.115104 0.111111 0.060417
1 0.258333 0.227344 0.042593 0.060937
1 0.362037 0.228125 0.142593 0.056250
1 0.483333 0.228906 0.100000 0.045312
1 0.758796 0.228125 0.225000 0.056250
1 0.946296 0.232031 0.107407 0.060937
3 0.642130 0.186198 0.715741 0.036979
1 0.666667 0.303125 0.475926 0.043750
3 0.642130 0.733854 0.715741 0.421875
3 0.666204 0.733854 0.625000 0.351042
3 0.666204 0.733854 0.258333 0.144792
3 0.941667 0.114583 0.116667 0.042708
1 0.956019 0.114844 0.087963 0.034896
3 0.666204 0.733854 0.502778 0.031250
3 0.184259 0.370833 0.162963 0.091667
1 0.383796 0.370833 0.236111 0.043750
3 0.648148 0.370833 0.162963 0.091667
1 0.864815 0.370833 0.270370 0.043750
1 0.518981 0.988802 0.962037 0.022396
1 0.229167 0.574479 0.375000 0.043750
1 0.229167 0.689583 0.375000 0.043750
1 0.229167 0.804688 0.375000 0.043750
1 0.229167 0.919792 0.375000 0.043750
3 0.151389 0.467969 0.097222 0.054688
1 0.262037 0.467969 0.124074 0.029687
3 0.734722 0.467969 0.097222 0.054688
1 0.857870 0.467969 0.149074 0.029687
1 0.485648 0.574740 0.125000 0.103646
1 0.912500 0.574740 0.125000 0.103646
1 0.485648 0.689844 0.125000 0.103646
1 0.912500 0.689844 0.125000 0.103646
1 0.993981 0.804948 0.012037 0.103646
1 0.993981 0.920052 0.012037 0.103646
3 0.699074 0.574740 0.275926 0.103646
1 0.698611 0.574740 0.213889 0.058854
3 0.699074 0.689844 0.275926 0.103646
1 0.699074 0.689844 0.105556 0.058854
1 0.485648 0.804948 0.125000 0.103646
1 0.912500 0.804948 0.125000 0.103646
1 0.485648 0.920052 0.125000 0.103646
1 0.912500 0.920052 0.125000 0.103646
3 0.699074 0.804948 0.275926 0.103646
1 0.699074 0.804948 0.105556 0.058854
3 0.699074 0.920052 0.275926 0.103646
1 0.698611 0.920052 0.158333 0.058854