3 0.062500 0.521875 0.125000 0.956250
3 0.500000 0.521875 1.000000 0.956250
3 0.041667 0.554688 0.083333 0.106250
3 0.562500 0.732292 0.875000 0.535417
4 0.655093 0.080469 0.134259 0.073438
4 0.823611 0.080469 0.134259 0.073438
1 0.172222 0.216667 0.051852 0.073958
1 0.297685 0.217448 0.173148 0.068229
1 0.444444 0.218490 0.120370 0.054688
1 0.778241 0.217448 0.273148 0.068229
1 0.969907 0.222396 0.060185 0.073958
3 0.601852 0.166667 0.796296 0.044792
3 0.695370 0.516146 0.609259 0.080208
1 0.729167 0.516146 0.286111 0.066667
3 0.931019 0.515885 0.117593 0.030729
4 0.308796 0.516406 0.163889 0.092188
4 0.308796 0.516406 0.113889 0.064062
3 0.964352 0.079948 0.071296 0.051562
1 0.981944 0.079948 0.036111 0.042188
7 0.566667 0.637500 0.866667 0.139583
1 0.173611 0.637240 0.080556 0.073438
1 0.312037 0.637500 0.196296 0.071875
1 0.464815 0.602604 0.109259 0.069792
1 0.705093 0.672396 0.589815 0.069792
7 0.566667 0.779167 0.866667 0.139583
1 0.173611 0.778906 0.080556 0.073438
1 0.304630 0.779167 0.181481 0.071875
1 0.450000 0.744271 0.109259 0.069792
1 0.697685 0.814063 0.604630 0.069792
7 0.566667 0.920833 0.866667 0.139583
1 0.173611 0.920573 0.080556 0.073438
1 0.312037 0.920833 0.196296 0.071875
1 0.464815 0.885938 0.109259 0.069792
1 0.654630 0.955729 0.488889 0.069792
7 0.566667 0.996354 0.866667 0.007292
1 0.464815 0.996354 0.109259 0.007292