9 0.486111 0.521875 0.972222 0.956250
7 0.486111 0.183333 0.972222 0.279167
3 0.486111 0.180469 0.972222 0.273438
7 0.486111 0.366667 0.972222 0.087500
3 0.077778 0.366667 0.155556 0.087500
1 0.356944 0.366667 0.402778 0.039583
7 0.486111 0.454167 0.972222 0.087500
4 0.077778 0.454167 0.155556 0.087500
1 0.321759 0.454167 0.332407 0.039583
7 0.486111 0.541667 0.972222 0.087500
3 0.077778 0.541667 0.155556 0.087500
1 0.301852 0.541667 0.292593 0.039583
7 0.486111 0.629167 0.972222 0.087500
4 0.077778 0.629167 0.155556 0.087500
1 0.270833 0.629167 0.230556 0.039583
7 0.486111 0.716667 0.972222 0.087500
4 0.077778 0.716667 0.155556 0.087500
1 0.237963 0.716667 0.164815 0.039583
7 0.486111 0.804167 0.972222 0.087500
4 0.077778 0.804167 0.155556 0.087500
1 0.270833 0.804167 0.230556 0.039583
7 0.486111 0.891667 0.972222 0.087500
4 0.077778 0.891667 0.155556 0.087500
1 0.286111 0.891667 0.261111 0.039583
4 0.071296 0.091667 0.142593 0.080208
3 0.540741 0.691146 0.918519 0.109375
1 0.540741 0.877083 0.918519 0.153125
3 0.219444 0.982812 0.311111 0.034375
3 0.659259 0.982812 0.350000 0.034375
3 0.971759 0.982812 0.056481 0.034375
2 0.540741 0.517188 0.918519 0.082292