8 0.516204 0.494531 0.967593 0.697396
1 0.516204 0.802865 0.967593 0.080729
3 0.516204 0.203906 0.967593 0.116146
1 0.534259 0.148958 0.931481 0.006250
1 0.534259 0.193229 0.931481 0.082292
3 0.968981 0.352344 0.062037 0.136979
3 0.968981 0.511198 0.062037 0.136979
3 0.968981 0.670052 0.062037 0.136979
1 0.485185 0.315885 0.827778 0.064062
1 0.485185 0.380729 0.827778 0.054167
1 0.484259 0.459896 0.825926 0.034375
1 0.485185 0.522656 0.827778 0.079687
1 0.485185 0.633594 0.827778 0.064062
1 0.485185 0.698438 0.827778 0.054167
8 0.516204 0.930469 0.967593 0.139063
1 0.500463 0.901302 0.936111 0.080729
1 0.984259 0.901302 0.031481 0.080729
1 0.186111 0.988281 0.209259 0.023438
1 0.531019 0.988281 0.082407 0.023438
1 0.689815 0.988281 0.075926 0.023438
1 0.849074 0.988281 0.055556 0.023438
1 0.987037 0.988281 0.025926 0.023438
6 0.500000 0.094792 1.000000 0.102083
3 0.516204 0.094792 0.967593 0.065625