6 0.500000 0.089323 1.000000 0.091146
1 0.400463 0.089323 0.412037 0.048438
4 0.090741 0.089323 0.181481 0.091146
1 0.333333 0.180469 0.368519 0.091146
1 0.953704 0.180469 0.092593 0.091146
7 0.500000 0.399479 1.000000 0.346875
3 0.130093 0.499740 0.226852 0.127604
3 0.213889 0.452604 0.051852 0.029167
3 0.312037 0.533854 0.038889 0.021875
1 0.413426 0.534115 0.130556 0.029687
4 0.764815 0.533854 0.038889 0.021875
1 0.832407 0.534115 0.062963 0.029687
7 0.500000 0.646094 1.000000 0.146354
3 0.130093 0.646094 0.226852 0.127604
3 0.213889 0.598958 0.051852 0.029167
3 0.312037 0.680208 0.038889 0.021875
1 0.413426 0.680469 0.130556 0.029687
4 0.771296 0.680208 0.038889 0.021875
1 0.832407 0.680469 0.050000 0.029687
7 0.500000 0.792448 1.000000 0.146354
3 0.130093 0.792448 0.226852 0.127604
3 0.213889 0.745313 0.051852 0.029167
4 0.312037 0.826562 0.038889 0.021875
1 0.413426 0.826823 0.130556 0.029687
4 0.771296 0.826562 0.038889 0.021875
1 0.832407 0.826823 0.050000 0.029687
7 0.500000 0.932813 1.000000 0.134375
4 0.130093 0.937500 0.226852 0.125000
3 0.213889 0.891667 0.051852 0.029167
3 0.312037 0.972917 0.038889 0.021875
1 0.413426 0.973177 0.130556 0.029687
4 0.771296 0.972917 0.038889 0.021875
1 0.832407 0.973177 0.050000 0.029687
3 0.113889 0.397135 0.194444 0.040104