6 0.500000 0.087500 1.000000 0.087500
3 0.091667 0.087500 0.103704 0.058333
4 0.665278 0.087240 0.113889 0.064062
4 0.861574 0.087240 0.113889 0.064062
4 0.477778 0.087500 0.181481 0.087500
9 0.500463 0.565625 0.999074 0.868750
7 0.228704 0.189583 0.455556 0.116667
1 0.228241 0.189583 0.139815 0.036458
7 0.228704 0.306771 0.455556 0.116667
1 0.228241 0.306771 0.184259 0.036458
7 0.228704 0.423958 0.455556 0.116667
1 0.228241 0.423958 0.217593 0.036458
7 0.228704 0.541146 0.455556 0.116667
1 0.228241 0.541146 0.121296 0.036458
7 0.228704 0.658333 0.455556 0.116667
1 0.228704 0.658333 0.172222 0.036458
7 0.730093 0.189583 0.539815 0.116667
1 0.756019 0.189583 0.487963 0.036458
7 0.730093 0.306771 0.539815 0.116667
1 0.756019 0.306771 0.487963 0.036458
7 0.730093 0.423958 0.539815 0.116667
1 0.756019 0.423958 0.487963 0.036458
7 0.730093 0.501042 0.539815 0.036458
7 0.730093 0.578125 0.539815 0.116667
1 0.756019 0.578125 0.487963 0.036458
7 0.730093 0.695312 0.539815 0.116667
1 0.756019 0.695312 0.487963 0.036458
7 0.730093 0.812500 0.539815 0.116667
1 0.756019 0.812500 0.487963 0.036458
7 0.730093 0.929688 0.539815 0.116667
1 0.756019 0.929688 0.487963 0.036458
7 0.730093 0.994271 0.539815 0.011458
7 0.501852 0.232813 0.996296 0.052083
7 0.501852 0.464323 0.996296 0.406771
1 0.272222 0.294010 0.512963 0.052604
1 0.794444 0.394792 0.411111 0.121875
1 0.794444 0.482552 0.411111 0.053646
1 0.794444 0.535677 0.411111 0.052604
1 0.794444 0.588802 0.411111 0.053646
3 0.290278 0.488281 0.525000 0.295312
7 0.501852 0.834896 0.996296 0.330208
1 0.794444 0.782292 0.411111 0.121875
1 0.794444 0.870052 0.411111 0.053646
1 0.794444 0.923177 0.411111 0.052604
1 0.794444 0.972135 0.411111 0.045312
3 0.290278 0.864062 0.525000 0.271875
1 0.162037 0.167969 0.324074 0.073438
1 0.580093 0.167969 0.512037 0.073438
3 0.856481 0.167708 0.040741 0.041667
3 0.914815 0.167708 0.009259 0.041667