6 0.500000 0.094792 1.000000 0.102083
1 0.373611 0.094531 0.280556 0.048438
4 0.090741 0.094792 0.181481 0.102083
7 0.500000 0.488542 1.000000 0.685417
7 0.500000 0.488542 1.000000 0.685417
8 0.500000 0.592448 1.000000 0.054688
1 0.343056 0.678125 0.634259 0.087500
1 0.836574 0.678125 0.326852 0.087500
1 0.343056 0.772917 0.634259 0.087500
1 0.836574 0.772917 0.326852 0.087500
3 0.500000 0.382812 1.000000 0.473958
1 0.500000 0.528385 1.000000 0.036979
7 0.500000 0.915625 1.000000 0.168750
3 0.500000 0.915625 1.000000 0.168750
7 0.336574 0.191927 0.660185 0.092188
8 0.336574 0.188281 0.632407 0.084896
1 0.576389 0.179167 0.119444 0.066667
1 0.285185 0.160938 0.462963 0.030208
1 0.285185 0.194271 0.462963 0.036458
7 0.833333 0.191927 0.333333 0.092188
8 0.840278 0.188281 0.319444 0.084896
1 0.856944 0.160938 0.286111 0.030208
7 0.336574 0.518750 0.660185 0.561458
8 0.336574 0.518750 0.632407 0.546875
3 0.336574 0.427604 0.632407 0.364583
1 0.336574 0.655469 0.567593 0.091146
1 0.576389 0.737500 0.119444 0.072917
1 0.285185 0.719271 0.462963 0.036458
7 0.833333 0.518750 0.333333 0.561458
8 0.840278 0.518750 0.319444 0.546875
3 0.840278 0.427604 0.319444 0.364583
1 0.856481 0.655469 0.287037 0.091146
1 0.856944 0.719271 0.286111 0.036458
1 0.856944 0.755729 0.286111 0.036458
7 0.336574 0.899740 0.660185 0.200521
8 0.336574 0.903385 0.632407 0.193229
3 0.336574 0.903385 0.632407 0.193229
7 0.833333 0.899740 0.333333 0.200521
8 0.840278 0.903385 0.319444 0.193229
3 0.840278 0.903385 0.319444 0.193229