3 0.500000 0.148698 1.000000 0.005729
4 0.090741 0.094792 0.181481 0.102083
1 0.345370 0.094531 0.262963 0.048438
1 0.538889 0.967969 0.922222 0.064062
3 0.304630 0.791406 0.453704 0.127604
2 0.765741 0.791146 0.468519 0.081250
1 0.187963 0.875260 0.220370 0.024479
1 0.325000 0.233854 0.494444 0.034375
2 0.786111 0.234115 0.427778 0.091146
1 0.325000 0.325521 0.494444 0.034375
2 0.786111 0.325781 0.427778 0.091146
1 0.325000 0.417187 0.494444 0.034375
2 0.786111 0.417448 0.427778 0.091146
1 0.325000 0.508854 0.494444 0.034375
1 0.325000 0.600521 0.494444 0.034375
1 0.786111 0.600521 0.427778 0.043750
0 0.538889 0.914062 0.922222 0.171875
0 0.878241 0.508854 0.106481 0.053125