9 0.453704 0.521875 0.907407 0.956250
1 0.453704 0.094792 0.907407 0.102083
7 0.453704 0.186979 0.907407 0.082292
1 0.453704 0.186979 0.777778 0.044792
7 0.453704 0.238802 0.907407 0.021354
3 0.453704 0.238802 0.777778 0.002604
7 0.453704 0.290625 0.907407 0.082292
1 0.424074 0.290625 0.718519 0.044792
3 0.821296 0.290365 0.042593 0.040104
7 0.453704 0.342448 0.907407 0.021354
3 0.453704 0.342448 0.777778 0.002604
7 0.453704 0.394271 0.907407 0.082292
1 0.453704 0.394271 0.777778 0.044792
7 0.453704 0.476562 0.907407 0.082292
1 0.453704 0.476562 0.777778 0.044792
7 0.453704 0.558854 0.907407 0.082292
1 0.453704 0.558854 0.777778 0.044792
7 0.453704 0.641146 0.907407 0.082292
1 0.453704 0.641146 0.777778 0.044792
7 0.453704 0.723437 0.907407 0.082292
1 0.453704 0.723437 0.777778 0.044792
7 0.453704 0.805729 0.907407 0.082292
1 0.453704 0.805729 0.777778 0.044792
7 0.453704 0.857552 0.907407 0.021354
3 0.453704 0.857552 0.777778 0.002604
7 0.453704 0.894010 0.907407 0.051562
1 0.453704 0.894010 0.777778 0.032813
7 0.453704 0.945573 0.907407 0.051562
1 0.453704 0.945573 0.777778 0.032813
6 0.500000 0.094792 1.000000 0.102083
3 0.116667 0.094792 0.129630 0.072917
1 0.500000 0.094792 1.000000 0.044792
3 0.525926 0.233333 0.948148 0.102083
3 0.525926 0.340104 0.948148 0.102083
1 0.542130 0.233073 0.915741 0.036979
1 0.542130 0.339844 0.915741 0.036979