6 0.500000 0.094792 1.000000 0.102083
4 0.090741 0.094792 0.181481 0.102083
3 0.500000 0.317188 1.000000 0.546875
4 0.666204 0.265885 0.226852 0.127604
9 0.500000 0.448437 1.000000 0.087500
1 0.333333 0.448437 0.666667 0.087500
1 0.833333 0.448437 0.333333 0.087500
7 0.500000 0.576823 1.000000 0.176563
8 0.525926 0.585938 0.948148 0.158333
1 0.525926 0.585938 0.948148 0.158333
8 0.354167 0.830990 0.604630 0.309896
3 0.354167 0.830990 0.604630 0.309896
8 0.837963 0.830990 0.324074 0.309896
3 0.837963 0.830990 0.324074 0.309896
8 0.354167 0.998437 0.604630 0.003125
3 0.354167 0.998437 0.604630 0.003125
8 0.837963 0.998437 0.324074 0.003125
3 0.837963 0.998437 0.324074 0.003125