3 0.500000 0.543750 1.000000 0.912500
3 0.150926 0.178646 0.172222 0.096875
1 0.975000 0.178125 0.050000 0.095833
7 0.500000 0.384375 1.000000 0.220833
4 0.196296 0.384375 0.259259 0.145833
1 0.696296 0.384375 0.607407 0.091667
7 0.500000 0.607292 1.000000 0.220833
4 0.196296 0.607292 0.259259 0.145833
1 0.696296 0.607292 0.607407 0.091667
7 0.500000 0.830208 1.000000 0.220833
4 0.196296 0.830208 0.259259 0.145833
1 0.696296 0.830208 0.607407 0.091667
7 0.500000 0.971354 1.000000 0.057292
3 0.196296 0.990104 0.259259 0.019792