6 0.500000 0.094792 1.000000 0.102083
4 0.090741 0.094792 0.181481 0.102083
3 0.170833 0.232552 0.269444 0.151562
1 0.663889 0.188542 0.672222 0.041667
7 0.500000 0.388542 1.000000 0.116667
3 0.102778 0.388542 0.120370 0.067708
3 0.102778 0.388542 0.120370 0.067708
1 0.102778 0.388281 0.070370 0.029687
1 0.593056 0.388542 0.813889 0.032292
7 0.500000 0.505208 1.000000 0.116667
3 0.102778 0.505208 0.120370 0.067708
3 0.102778 0.505208 0.120370 0.067708
1 0.102778 0.504948 0.070370 0.029687
1 0.593056 0.505208 0.813889 0.032292
7 0.500000 0.621875 1.000000 0.116667
3 0.102778 0.621875 0.120370 0.067708
3 0.102778 0.621875 0.120370 0.067708
1 0.102778 0.621615 0.070370 0.029687
1 0.593056 0.621875 0.813889 0.032292
7 0.500000 0.738542 1.000000 0.116667
3 0.102778 0.738542 0.120370 0.067708
3 0.102778 0.738542 0.120370 0.067708
1 0.102778 0.738281 0.070370 0.029687
1 0.593056 0.738542 0.813889 0.032292
7 0.500000 0.855208 1.000000 0.116667
3 0.102778 0.855208 0.120370 0.067708
3 0.102778 0.855208 0.120370 0.067708
1 0.102778 0.854948 0.070370 0.029687
1 0.593056 0.855208 0.813889 0.032292
7 0.500000 0.956771 1.000000 0.086458
3 0.102778 0.969010 0.120370 0.061979
3 0.102778 0.969010 0.120370 0.061979
1 0.102778 0.971615 0.070370 0.029687
1 0.593056 0.971875 0.813889 0.032292
3 0.392593 0.264583 0.103704 0.058333
3 0.392593 0.264583 0.103704 0.058333
1 0.392593 0.264323 0.070370 0.029687
3 0.165741 0.273177 0.194444 0.040104