6 0.500000 0.087500 1.000000 0.087500
4 0.985185 0.087500 0.029630 0.087500
4 0.985185 0.087500 0.029630 0.087500
4 0.025926 0.087500 0.051852 0.029167
3 0.091667 0.087500 0.103704 0.058333
1 0.255093 0.087240 0.197222 0.044271
7 0.333333 0.318750 0.666667 0.375000
3 0.333333 0.318750 0.653704 0.367708
3 0.333333 0.318750 0.659259 0.370833
4 0.598611 0.467969 0.136111 0.076563
1 0.265278 0.467969 0.530556 0.076563
7 0.833333 0.318750 0.333333 0.375000
3 0.836574 0.318750 0.326852 0.367708
3 0.835185 0.318750 0.329630 0.370833
1 0.833333 0.467969 0.333333 0.076563
7 0.333333 0.693750 0.666667 0.375000
3 0.333333 0.693750 0.653704 0.367708
3 0.333333 0.693750 0.659259 0.370833
4 0.598611 0.842969 0.136111 0.076563
1 0.265278 0.842969 0.530556 0.076563
7 0.833333 0.693750 0.333333 0.375000
3 0.836574 0.693750 0.326852 0.367708
3 0.835185 0.693750 0.329630 0.370833
1 0.833333 0.842969 0.333333 0.076563
7 0.333333 0.940625 0.666667 0.118750
3 0.333333 0.942448 0.653704 0.115104
3 0.333333 0.941667 0.659259 0.116667
7 0.833333 0.940625 0.333333 0.118750
3 0.836574 0.942448 0.326852 0.115104
3 0.835185 0.941667 0.329630 0.116667