6 0.500000 0.089323 1.000000 0.091146
1 0.318519 0.089063 0.170370 0.039583
4 0.090741 0.089323 0.181481 0.091146
9 0.500000 0.173437 1.000000 0.077083
4 0.166667 0.173437 0.333333 0.077083
3 0.500000 0.173437 0.333333 0.077083
4 0.833333 0.173437 0.333333 0.077083
7 0.500000 0.831771 1.000000 0.100000
1 0.500000 0.809635 1.000000 0.055729
1 0.500000 0.859635 1.000000 0.044271
7 0.500000 0.932292 1.000000 0.100000
1 0.500000 0.910156 1.000000 0.055729
1 0.500000 0.960156 1.000000 0.044271
7 0.500000 0.991406 1.000000 0.017188
1 0.500000 0.991406 1.000000 0.017188