6 0.500000 0.084896 1.000000 0.082292
4 0.090741 0.084896 0.077778 0.043750
3 0.221296 0.084635 0.103704 0.027604
2 0.636574 0.084896 0.726852 0.065625
1 0.508333 0.192708 0.983333 0.105208
1 0.266667 0.169792 0.468519 0.087500
1 0.784259 0.169792 0.431481 0.087500
8 0.512963 0.303125 0.974074 0.145833
3 0.213889 0.303125 0.375926 0.145833
1 0.339352 0.259896 0.086111 0.037500
1 0.710648 0.274219 0.578704 0.064062
1 0.710648 0.323437 0.578704 0.034375
1 0.581944 0.352865 0.321296 0.024479
8 0.512963 0.463542 0.974074 0.145833
3 0.213889 0.463542 0.375926 0.145833
1 0.339352 0.420312 0.086111 0.037500
1 0.710648 0.434635 0.578704 0.064062
1 0.710648 0.483854 0.578704 0.034375
1 0.581944 0.513281 0.321296 0.024479
8 0.512963 0.623958 0.974074 0.145833
3 0.213889 0.623958 0.375926 0.145833
1 0.710648 0.595052 0.578704 0.064062
1 0.710648 0.644271 0.578704 0.034375
1 0.581944 0.673698 0.321296 0.024479
8 0.512963 0.784375 0.974074 0.145833
3 0.213889 0.784375 0.375926 0.145833
1 0.339352 0.741146 0.086111 0.037500
1 0.710648 0.755469 0.578704 0.064062
1 0.710648 0.804688 0.578704 0.034375
1 0.581944 0.834115 0.321296 0.024479
8 0.512963 0.935937 0.974074 0.128125
3 0.213889 0.935937 0.375926 0.128125
1 0.710648 0.915885 0.578704 0.064062
1 0.710648 0.965104 0.578704 0.034375
1 0.581944 0.991146 0.321296 0.017708