1 0.666204 0.089323 0.410185 0.068229
1 0.500000 0.180469 1.000000 0.090104
1 0.500000 0.270573 1.000000 0.090104
1 0.500000 0.360677 1.000000 0.090104
1 0.500000 0.450781 1.000000 0.090104
1 0.500000 0.540885 1.000000 0.090104
1 0.500000 0.630990 1.000000 0.090104
1 0.666204 0.721615 0.458333 0.053646
1 0.666204 0.813281 0.367593 0.053646
1 0.641667 0.904948 0.716667 0.053646
1 0.646759 0.984896 0.706481 0.030208
3 0.179167 0.721875 0.325000 0.072917
3 0.179167 0.813542 0.325000 0.072917
3 0.179167 0.905208 0.325000 0.072917
4 0.179167 0.980208 0.325000 0.039583