6 0.500000 0.072917 1.000000 0.145833
1 0.359259 0.094792 0.355556 0.031250
4 0.090741 0.094792 0.181481 0.102083
8 0.512963 0.262500 0.974074 0.204167
4 0.207407 0.262500 0.259259 0.145833
1 0.694444 0.241927 0.611111 0.049479
1 0.694444 0.287240 0.611111 0.041146
8 0.512963 0.527604 0.974074 0.267708
3 0.142593 0.459375 0.129630 0.072917
1 0.616667 0.459375 0.766667 0.031250
3 0.142593 0.546875 0.129630 0.072917
1 0.616667 0.546875 0.766667 0.031250
8 0.512963 0.830729 0.974074 0.280208
3 0.129630 0.748958 0.103704 0.058333
1 0.616667 0.744531 0.766667 0.049479
1 0.616667 0.855469 0.766667 0.172396