7 0.519444 0.197917 0.961111 0.308333
1 0.352778 0.258333 0.524074 0.073958
1 0.859259 0.258333 0.281481 0.073958
3 0.352778 0.118750 0.524074 0.150000
4 0.352778 0.074219 0.207407 0.060937
3 0.859259 0.118750 0.281481 0.150000
7 0.519444 0.578646 0.961111 0.453125
1 0.352778 0.711458 0.524074 0.073958
1 0.859259 0.711458 0.281481 0.073958
3 0.352778 0.499479 0.524074 0.294792
3 0.859259 0.499479 0.281481 0.294792
7 0.519444 0.902604 0.961111 0.194792
3 0.352778 0.902604 0.524074 0.194792
3 0.859259 0.902604 0.281481 0.194792