6 0.500000 0.094792 1.000000 0.102083
1 0.267130 0.094531 0.145370 0.048438
4 0.090741 0.094792 0.181481 0.102083
1 0.222222 0.191406 0.444444 0.091146
1 0.666667 0.191406 0.444444 0.091146
1 0.944444 0.191406 0.111111 0.091146
7 0.500000 0.282552 1.000000 0.091146
1 0.455556 0.282552 0.388889 0.054688
1 0.841667 0.282552 0.316667 0.054688
7 0.337500 0.668750 0.641667 0.662500
3 0.337500 0.668750 0.641667 0.662500
1 0.265278 0.987240 0.497222 0.025521
1 0.586111 0.987240 0.144444 0.025521
7 0.837500 0.593229 0.325000 0.511458
3 0.837500 0.593229 0.325000 0.511458
1 0.837500 0.825781 0.325000 0.046354
7 0.837500 0.929167 0.325000 0.141667
3 0.837500 0.929167 0.325000 0.141667