1 0.525926 0.205990 0.948148 0.091146
1 0.222222 0.087500 0.366667 0.087500
1 0.666667 0.087500 0.366667 0.087500
1 0.963889 0.087500 0.072222 0.087500
3 0.090741 0.094792 0.129630 0.072917
1 0.529167 0.778125 0.941667 0.036458
7 0.525926 0.905469 0.948148 0.189062
4 0.142593 0.876563 0.077778 0.043750
1 0.603704 0.892708 0.792593 0.076042
1 0.525926 0.819531 0.948148 0.041146
1 0.525926 0.302604 0.948148 0.036458
1 0.500000 0.678125 1.000000 0.090625
4 0.110185 0.198958 0.116667 0.065625
1 0.525926 0.502604 0.948148 0.505208
7 0.259259 0.479687 0.414815 0.273958
3 0.259259 0.437500 0.259259 0.145833
1 0.258796 0.538802 0.130556 0.027604
1 0.259259 0.580990 0.111111 0.027604
7 0.700000 0.479687 0.414815 0.273958
3 0.700000 0.437500 0.259259 0.145833
1 0.699537 0.538802 0.265741 0.027604
1 0.700000 0.580990 0.066667 0.027604
7 0.966667 0.479687 0.066667 0.273958
1 0.308333 0.188802 0.201852 0.027604
1 0.405556 0.213281 0.396296 0.027604
1 0.525926 0.983073 0.948148 0.033854
3 0.090741 0.929688 0.077778 0.043750
1 0.260648 0.929427 0.210185 0.042188
1 0.379167 0.929427 0.013889 0.027604
1 0.696296 0.929427 0.607407 0.042188