6 0.500000 0.175000 1.000000 0.175000
4 0.051852 0.175000 0.103704 0.058333
1 0.319444 0.145313 0.431481 0.088542
1 0.283333 0.213542 0.359259 0.068750
3 0.500000 0.631250 1.000000 0.737500
7 0.500000 0.611458 1.000000 0.466667
3 0.181481 0.570833 0.259259 0.145833
2 0.717593 0.661458 0.564815 0.239583
3 0.333333 0.335417 0.155556 0.087500
3 0.961111 0.335417 0.077778 0.087500
7 0.500000 0.535937 1.000000 0.255208
3 0.247222 0.535937 0.350000 0.196875
1 0.750000 0.535937 0.500000 0.088542
7 0.500000 0.793229 1.000000 0.255208
3 0.247222 0.793229 0.350000 0.196875
1 0.715741 0.744271 0.431481 0.088542
1 0.750000 0.846875 0.500000 0.079167
7 0.500000 0.961458 1.000000 0.077083
3 0.247222 0.976042 0.350000 0.047917