6 0.500000 0.094792 1.000000 0.102083
3 0.666667 0.094792 0.220370 0.102083
4 0.090741 0.094792 0.181481 0.102083
1 0.352778 0.094531 0.316667 0.048438
9 0.500000 0.189583 1.000000 0.087500
1 0.833333 0.189583 0.333333 0.087500
1 0.332870 0.189583 0.265741 0.034375
9 0.388889 0.616667 0.777778 0.766667
1 0.388889 0.268750 0.777778 0.070833
1 0.388889 0.339062 0.777778 0.070833
1 0.388889 0.409375 0.777778 0.070833
1 0.388889 0.479687 0.777778 0.070833
1 0.388889 0.550000 0.777778 0.070833
1 0.388889 0.620313 0.777778 0.070833
1 0.388889 0.690625 0.777778 0.070833
1 0.388889 0.760938 0.777778 0.070833
1 0.388889 0.831250 0.777778 0.070833
1 0.388889 0.901563 0.777778 0.070833
1 0.388889 0.968229 0.777778 0.063542
1 0.666667 0.706250 0.285185 0.087500
2 0.516204 0.312500 0.967593 0.082292
2 0.516204 0.527083 0.967593 0.234375