1 0.085185 0.089323 0.131481 0.069271
7 0.500000 0.284635 1.000000 0.117188
1 0.284259 0.284635 0.535185 0.098437
7 0.500000 0.401823 1.000000 0.117188
7 0.500000 0.519010 1.000000 0.117188
1 0.207407 0.519010 0.381481 0.098437
7 0.500000 0.636198 1.000000 0.117188
1 0.931481 0.636198 0.137037 0.098437
7 0.500000 0.753385 1.000000 0.117188
1 0.327315 0.753385 0.621296 0.098437
7 0.500000 0.870573 1.000000 0.117188
1 0.955093 0.870573 0.089815 0.098437
7 0.500000 0.964583 1.000000 0.070833
1 0.215741 0.969271 0.398148 0.061458