7 0.500000 0.521875 1.000000 0.956250
3 0.500000 0.077344 1.000000 0.067187
1 0.563426 0.077344 0.873148 0.067187
3 0.500000 0.181250 1.000000 0.140625
1 0.563426 0.181250 0.873148 0.140625
3 0.500000 0.321875 1.000000 0.140625
1 0.563426 0.321875 0.873148 0.140625
3 0.500000 0.525521 1.000000 0.140625
1 0.563426 0.525521 0.873148 0.140625
1 0.500000 0.423698 1.000000 0.063021
3 0.500000 0.666146 1.000000 0.140625
1 0.563426 0.666146 0.873148 0.140625
4 0.077778 0.666146 0.155556 0.116667
3 0.500000 0.806771 1.000000 0.140625
1 0.563426 0.806771 0.873148 0.140625
3 0.500000 0.938542 1.000000 0.122917
1 0.563426 0.938542 0.873148 0.122917
7 0.500000 0.075260 1.000000 0.063021
1 0.500000 0.075260 1.000000 0.063021