6 0.500000 0.087500 1.000000 0.087500
1 0.215278 0.087500 0.430556 0.087500
1 0.974074 0.087500 0.051852 0.087500
1 0.117593 0.181771 0.201852 0.082292
1 0.165741 0.287500 0.298148 0.193750
1 0.362500 0.253646 0.095370 0.096875
1 0.396759 0.343229 0.156481 0.082292
1 0.769444 0.240104 0.461111 0.034375
4 0.587500 0.181771 0.097222 0.082292
1 0.201389 0.728385 0.369444 0.064062
1 0.514352 0.742708 0.256481 0.089583
1 0.818056 0.742708 0.256481 0.089583
1 0.973148 0.728385 0.053704 0.064062
4 0.113426 0.897656 0.226852 0.165104
3 0.113426 0.994792 0.226852 0.010417
1 0.818056 0.163542 0.363889 0.045833
1 0.818056 0.204687 0.363889 0.036458
1 0.411574 0.883073 0.369444 0.053646
1 0.411574 0.921875 0.369444 0.034375
1 0.780556 0.883073 0.368519 0.053646
1 0.780556 0.921875 0.368519 0.034375
1 0.982407 0.883073 0.035185 0.053646
1 0.982407 0.921875 0.035185 0.034375