6 0.500000 0.138542 1.000000 0.189583
1 0.252778 0.094531 0.401852 0.044271
1 0.176852 0.189583 0.353704 0.087500
1 0.534259 0.189583 0.353704 0.087500
1 0.857407 0.189583 0.285185 0.087500
8 0.500000 0.726042 1.000000 0.043750
1 0.236111 0.786458 0.472222 0.077083
7 0.233333 0.912500 0.466667 0.175000
3 0.233333 0.921094 0.324074 0.157812
7 0.700000 0.912500 0.466667 0.175000
3 0.700000 0.921094 0.324074 0.157812
7 0.966667 0.912500 0.066667 0.175000
3 0.500000 0.467708 1.000000 0.468750
3 0.129630 0.629167 0.259259 0.145833
1 0.447685 0.606771 0.247222 0.034375
1 0.500463 0.646094 0.352778 0.044271