6 0.500000 0.094792 1.000000 0.102083
3 0.261111 0.094792 0.237037 0.080208
4 0.071296 0.094792 0.142593 0.102083
3 0.538426 0.094271 0.317593 0.080208
9 0.500000 0.572917 1.000000 0.854167
3 0.500000 0.150521 1.000000 0.009375
7 0.500000 0.572917 1.000000 0.854167
7 0.500000 0.572917 1.000000 0.854167
3 0.500000 0.572917 1.000000 0.854167
4 0.593056 0.510156 0.097222 0.053646
1 0.260648 0.200781 0.430556 0.044271
1 0.224537 0.247656 0.358333 0.029687
4 0.126389 0.337240 0.162037 0.091146
1 0.192593 0.430729 0.294444 0.175000
1 0.288426 0.522917 0.486111 0.048958
1 0.248148 0.603906 0.405556 0.061979
1 0.197685 0.691406 0.304630 0.061979
1 0.168519 0.778906 0.246296 0.061979