6 0.500000 0.094792 1.000000 0.102083
1 0.364352 0.094531 0.625000 0.048438
4 0.946296 0.094792 0.107407 0.087500
9 0.500000 0.189844 1.000000 0.088021
1 0.222222 0.189844 0.444444 0.088021
1 0.666667 0.189844 0.444444 0.088021
1 0.944444 0.189844 0.111111 0.088021
1 0.500000 0.532292 1.000000 0.087500
1 0.500000 0.859896 1.000000 0.087500
1 0.226389 0.368490 0.426852 0.240104
1 0.666204 0.368490 0.426852 0.240104
1 0.946296 0.368490 0.107407 0.240104
1 0.226389 0.696094 0.426852 0.240104
1 0.666204 0.696094 0.426852 0.240104
1 0.946296 0.696094 0.107407 0.240104
1 0.226389 0.951823 0.426852 0.096354
1 0.666204 0.951823 0.426852 0.096354
1 0.946296 0.951823 0.107407 0.096354