6 0.500000 0.094792 1.000000 0.102083
1 0.545833 0.094531 0.625000 0.048438
4 0.090741 0.094792 0.181481 0.102083
4 0.946296 0.094792 0.107407 0.087500
1 0.500000 0.177604 1.000000 0.063542
7 0.500000 0.260417 1.000000 0.097917
1 0.186111 0.260417 0.268519 0.039583
7 0.500000 0.377604 1.000000 0.132292
1 0.249537 0.360417 0.395370 0.039583
1 0.525926 0.397396 0.948148 0.034375
1 0.500000 0.477604 1.000000 0.063542
7 0.500000 0.577604 1.000000 0.132292
1 0.261574 0.560417 0.419444 0.039583
1 0.450000 0.597396 0.796296 0.034375
7 0.500000 0.694792 1.000000 0.097917
1 0.154167 0.694792 0.204630 0.039583
7 0.500000 0.794792 1.000000 0.097917
1 0.209722 0.794792 0.315741 0.039583
7 0.500000 0.894792 1.000000 0.097917
1 0.297685 0.894792 0.491667 0.039583
7 0.500000 0.972917 1.000000 0.054167
1 0.215741 0.987500 0.327778 0.025000