6 0.500000 0.094792 1.000000 0.102083
1 0.452778 0.094531 0.438889 0.048438
3 0.090741 0.094792 0.181481 0.102083
2 0.500000 0.186198 1.000000 0.080729
7 0.500000 0.315885 1.000000 0.167187
1 0.317593 0.279687 0.537037 0.039583
1 0.144444 0.355729 0.190741 0.032292
4 0.063426 0.317448 0.028704 0.022396
1 0.350463 0.317708 0.532407 0.032292
7 0.500000 0.485156 1.000000 0.167187
1 0.281019 0.448958 0.463889 0.039583
1 0.393981 0.525000 0.689815 0.032292
4 0.063426 0.486719 0.028704 0.022396
1 0.350463 0.486979 0.532407 0.032292
7 0.500000 0.654427 1.000000 0.167187
1 0.331019 0.618229 0.563889 0.039583
1 0.262037 0.694271 0.425926 0.032292
4 0.063426 0.655990 0.028704 0.022396
1 0.350463 0.656250 0.532407 0.032292
7 0.500000 0.823698 1.000000 0.167187
1 0.269907 0.787500 0.441667 0.039583
1 0.232407 0.863542 0.366667 0.032292
4 0.063426 0.825260 0.028704 0.022396
1 0.350463 0.825521 0.532407 0.032292
7 0.500000 0.954688 1.000000 0.090625
1 0.273611 0.956771 0.449074 0.039583
4 0.063426 0.991667 0.028704 0.016667
1 0.350463 0.989323 0.532407 0.021354