6 0.500000 0.094792 1.000000 0.102083
4 0.090741 0.094792 0.181481 0.102083
1 0.379167 0.094531 0.369444 0.048438
7 0.500000 0.226823 1.000000 0.161979
1 0.271296 0.194792 0.438889 0.039583
1 0.525926 0.246615 0.948148 0.064062
1 0.500000 0.341667 1.000000 0.063542
7 0.500000 0.572656 1.000000 0.394271
1 0.153241 0.408594 0.202778 0.044271
7 0.500000 0.830208 1.000000 0.116667
1 0.258796 0.812760 0.310185 0.044271
1 0.184722 0.852083 0.162037 0.034375
7 0.500000 0.945312 1.000000 0.109375
1 0.364815 0.931510 0.522222 0.044271
1 0.184722 0.970833 0.162037 0.034375