9 0.388889 0.567448 0.777778 0.865104
7 0.388889 0.170313 0.777778 0.070833
1 0.113889 0.168490 0.162963 0.048438
7 0.388889 0.243490 0.777778 0.076563
3 0.016204 0.243229 0.032407 0.072917
4 0.084259 0.252604 0.103704 0.058333
1 0.331481 0.243490 0.261111 0.044271
7 0.388889 0.319531 0.777778 0.076563
3 0.016204 0.319271 0.032407 0.072917
4 0.084259 0.328646 0.103704 0.058333
1 0.305093 0.319531 0.208333 0.044271
7 0.388889 0.395573 0.777778 0.076563
3 0.016204 0.395313 0.032407 0.072917
4 0.084259 0.404687 0.103704 0.058333
1 0.308333 0.395573 0.214815 0.044271
7 0.388889 0.471615 0.777778 0.076563
3 0.016204 0.471354 0.032407 0.072917
4 0.084259 0.480729 0.103704 0.058333
1 0.312037 0.471615 0.222222 0.044271
7 0.388889 0.547656 0.777778 0.076563
3 0.016204 0.547396 0.032407 0.072917
4 0.084259 0.556771 0.103704 0.058333
1 0.418519 0.547656 0.435185 0.044271
7 0.388889 0.623698 0.777778 0.076563
3 0.016204 0.623437 0.032407 0.072917
4 0.084259 0.632812 0.103704 0.058333
1 0.363889 0.623698 0.325926 0.044271
7 0.388889 0.699740 0.777778 0.076563
3 0.016204 0.699479 0.032407 0.072917
4 0.084259 0.708854 0.103704 0.058333
1 0.352778 0.699740 0.303704 0.044271
7 0.388889 0.775781 0.777778 0.076563
3 0.016204 0.775521 0.032407 0.072917
4 0.084259 0.784896 0.103704 0.058333
1 0.459259 0.775781 0.516667 0.044271
7 0.388889 0.851823 0.777778 0.076563
3 0.016204 0.851562 0.032407 0.072917
4 0.084259 0.860938 0.103704 0.058333
1 0.332870 0.851823 0.263889 0.044271
7 0.388889 0.927865 0.777778 0.076563
3 0.016204 0.927604 0.032407 0.072917
4 0.084259 0.936979 0.103704 0.058333
1 0.279630 0.927865 0.157407 0.044271
7 0.388889 0.982812 0.777778 0.034375
3 0.071296 0.089323 0.142593 0.054688
2 0.585185 0.085417 0.829630 0.072917
3 0.983333 0.089323 0.033333 0.054688
3 0.905093 0.088542 0.084259 0.045833