6 0.500000 0.094792 1.000000 0.102083
1 0.331481 0.094531 0.196296 0.048438
4 0.090741 0.094792 0.181481 0.102083
7 0.500000 0.207813 1.000000 0.105208
1 0.129630 0.206771 0.259259 0.103125
1 0.655556 0.206771 0.688889 0.044792
7 0.500000 0.313021 1.000000 0.105208
1 0.129630 0.311979 0.259259 0.103125
1 0.480093 0.311979 0.337963 0.044792
7 0.500000 0.418229 1.000000 0.105208
1 0.129630 0.417187 0.259259 0.103125
1 0.655556 0.417187 0.688889 0.044792
7 0.500000 0.523438 1.000000 0.105208
1 0.129630 0.522396 0.259259 0.103125
1 0.631019 0.522396 0.639815 0.044792
7 0.500000 0.648177 1.000000 0.144271
1 0.129630 0.647135 0.259259 0.142187
1 0.655556 0.647135 0.688889 0.083854
7 0.500000 0.772917 1.000000 0.105208
1 0.129630 0.771875 0.259259 0.103125
1 0.655556 0.771875 0.688889 0.044792
7 0.500000 0.897656 1.000000 0.144271
1 0.129630 0.896615 0.259259 0.142187
1 0.655556 0.896615 0.688889 0.083854
7 0.500000 0.984896 1.000000 0.030208
1 0.129630 0.984896 0.259259 0.030208