9 0.500000 0.521875 1.000000 0.956250
1 0.500000 0.087500 1.000000 0.087500
1 0.500000 0.189583 1.000000 0.087500
1 0.500000 0.277083 1.000000 0.087500
1 0.500000 0.364583 1.000000 0.087500
1 0.500000 0.483333 1.000000 0.087500
1 0.500000 0.570833 1.000000 0.087500
1 0.500000 0.658333 1.000000 0.087500
1 0.500000 0.745833 1.000000 0.087500
1 0.500000 0.833333 1.000000 0.087500
1 0.500000 0.952083 1.000000 0.087500
1 0.500000 0.997917 1.000000 0.004167
6 0.500000 0.094792 1.000000 0.102083
1 0.524074 0.094531 0.581481 0.048438
3 0.090741 0.094792 0.181481 0.102083
4 0.962500 0.094792 0.075000 0.065625
1 0.986574 0.078906 0.026852 0.033854
1 0.133796 0.185677 0.163889 0.036979
3 0.666667 0.672917 0.207407 0.116667
1 0.666204 0.748437 0.160185 0.034375
1 0.954167 0.185677 0.091667 0.048438