6 0.500000 0.094792 1.000000 0.102083
1 0.422222 0.075260 0.377778 0.048438
4 0.090741 0.094792 0.181481 0.102083
1 0.429630 0.119271 0.392593 0.039583
1 0.241204 0.185677 0.378704 0.036979
1 0.166667 0.269792 0.077778 0.043750
1 0.500000 0.269792 0.077778 0.043750
1 0.833333 0.269792 0.077778 0.043750
7 0.500000 0.364583 1.000000 0.072917
1 0.131019 0.350260 0.158333 0.044271
1 0.524537 0.350260 0.628704 0.044271
1 0.919444 0.350260 0.161111 0.044271
7 0.500000 0.473958 1.000000 0.145833
1 0.116667 0.452083 0.129630 0.072917
1 0.616667 0.472396 0.766667 0.034375
1 0.616667 0.510938 0.766667 0.042708
1 0.574537 0.435417 0.682407 0.039583
1 0.957870 0.432812 0.084259 0.034375
1 0.954167 0.185677 0.091667 0.048438