6 0.500000 0.094792 1.000000 0.102083
1 0.465741 0.094531 0.464815 0.048438
4 0.090741 0.094792 0.181481 0.102083
1 0.255093 0.232031 0.412037 0.061979
2 0.730556 0.232031 0.538889 0.061979
1 0.524537 0.312760 0.950926 0.044271
1 0.255093 0.410156 0.412037 0.061979
1 0.730556 0.410156 0.538889 0.061979
1 0.255093 0.499740 0.412037 0.061979
1 0.730556 0.499740 0.538889 0.061979
1 0.255093 0.589323 0.412037 0.061979
2 0.730556 0.589323 0.538889 0.061979
1 0.255093 0.678906 0.412037 0.061979
2 0.730556 0.678906 0.538889 0.061979