6 0.500000 0.087500 1.000000 0.087500
4 0.091667 0.087500 0.129630 0.087500
3 0.091667 0.087500 0.103704 0.058333
1 0.314352 0.087240 0.315741 0.044271
3 0.500000 0.566667 1.000000 0.866667
3 0.500000 0.500000 1.000000 1.000000
7 0.071296 0.881250 0.142593 0.080208
7 0.213889 0.881250 0.142593 0.080208
7 0.356481 0.881250 0.142593 0.080208
7 0.499074 0.881250 0.142593 0.080208
7 0.641667 0.881250 0.142593 0.080208
7 0.784259 0.881250 0.142593 0.080208
7 0.926852 0.881250 0.142593 0.080208
7 0.129630 0.960677 0.259259 0.078646
4 0.129630 0.960677 0.259259 0.078646
7 0.388889 0.960677 0.259259 0.078646
4 0.388889 0.960677 0.259259 0.078646
4 0.388889 0.960677 0.259259 0.078646
7 0.648148 0.960677 0.259259 0.078646
3 0.648148 0.960677 0.259259 0.078646
3 0.648148 0.960677 0.259259 0.078646
7 0.888889 0.960677 0.222222 0.078646
3 0.888889 0.960677 0.222222 0.078646