6 0.500000 0.094792 1.000000 0.102083
1 0.362963 0.094531 0.259259 0.048438
4 0.090741 0.094792 0.181481 0.102083
1 0.525926 0.192188 0.948148 0.092708
7 0.500000 0.304167 1.000000 0.131250
1 0.500000 0.272917 1.000000 0.068750
1 0.500000 0.338542 1.000000 0.062500
7 0.500000 0.435417 1.000000 0.131250
1 0.500000 0.404167 1.000000 0.068750
1 0.500000 0.469792 1.000000 0.062500
7 0.500000 0.566667 1.000000 0.131250
1 0.500000 0.535417 1.000000 0.068750
1 0.500000 0.601042 1.000000 0.062500
7 0.500000 0.697917 1.000000 0.131250
1 0.500000 0.666667 1.000000 0.068750
1 0.500000 0.732292 1.000000 0.062500
7 0.500000 0.829167 1.000000 0.131250
1 0.500000 0.797917 1.000000 0.068750
1 0.500000 0.863542 1.000000 0.062500
7 0.500000 0.947396 1.000000 0.105208
1 0.500000 0.929167 1.000000 0.068750
1 0.500000 0.981771 1.000000 0.036458