6 0.500000 0.094792 1.000000 0.102083
1 0.399074 0.094531 0.331481 0.048438
4 0.090741 0.094792 0.181481 0.102083
7 0.500000 0.166146 1.000000 0.040625
1 0.415741 0.151562 0.727778 0.011458
1 0.500000 0.220312 1.000000 0.063542
7 0.500000 0.320312 1.000000 0.132292
1 0.244907 0.303125 0.386111 0.039583
1 0.221296 0.340104 0.338889 0.034375
7 0.500000 0.454688 1.000000 0.132292
1 0.203704 0.437500 0.303704 0.039583
1 0.112037 0.474479 0.120370 0.034375
7 0.500000 0.589063 1.000000 0.132292
1 0.199537 0.571875 0.295370 0.039583
1 0.077315 0.608854 0.050926 0.034375
7 0.500000 0.723437 1.000000 0.132292
1 0.281481 0.706250 0.459259 0.039583
1 0.135185 0.743229 0.166667 0.034375
1 0.500000 0.823438 1.000000 0.063542
7 0.500000 0.906250 1.000000 0.097917
1 0.128241 0.906250 0.152778 0.039583
7 0.500000 0.978646 1.000000 0.042708
1 0.126389 0.993229 0.149074 0.013542