7 0.538889 0.282031 0.922222 0.476562
1 0.551852 0.102083 0.896296 0.102083
1 0.551852 0.381510 0.896296 0.048438
1 0.551852 0.456771 0.896296 0.039583
3 0.538889 0.251563 0.922222 0.182292
7 0.359259 0.709896 0.588889 0.364583
3 0.359259 0.709896 0.588889 0.364583
1 0.359259 0.837500 0.588889 0.109375
4 0.168519 0.585938 0.155556 0.087500
7 0.839815 0.709896 0.320370 0.364583
3 0.839815 0.709896 0.320370 0.364583
3 0.839815 0.709896 0.320370 0.364583
1 0.839815 0.837500 0.320370 0.109375
7 0.359259 0.953385 0.588889 0.093229
3 0.359259 0.953385 0.588889 0.093229
4 0.168519 0.960677 0.155556 0.078646
7 0.839815 0.953385 0.320370 0.093229
3 0.839815 0.953385 0.320370 0.093229
4 0.783333 0.960677 0.155556 0.078646