4 0.063426 0.094531 0.126852 0.042188
1 0.576389 0.094792 0.847222 0.037500
3 0.113426 0.094792 0.226852 0.102083
1 0.563426 0.094792 0.873148 0.102083
7 0.563426 0.243750 0.873148 0.191667
1 0.455093 0.319271 0.099074 0.040625
1 0.591667 0.319271 0.122222 0.040625
3 0.256481 0.243750 0.259259 0.145833
1 0.702778 0.190104 0.594444 0.062500
7 0.563426 0.437500 0.873148 0.191667
1 0.455093 0.513021 0.099074 0.040625
1 0.591667 0.513021 0.122222 0.040625
3 0.256481 0.437500 0.259259 0.145833
1 0.702778 0.383854 0.594444 0.062500
1 0.832870 0.970833 0.104630 0.032292
1 0.881944 0.993490 0.236111 0.013021
1 0.477778 0.895312 0.022222 0.029167
1 0.090278 0.984115 0.076852 0.031771
1 0.525926 0.713802 0.948148 0.067187
1 0.125000 0.772917 0.146296 0.036458
1 0.302315 0.969531 0.145370 0.029687
1 0.337500 0.992188 0.215741 0.015625
1 0.564352 0.969531 0.121296 0.029687
1 0.553241 0.992188 0.099074 0.015625
3 0.655093 0.461458 0.689815 0.401042