7 0.442593 0.163281 0.885185 0.064062
4 0.058333 0.163021 0.051852 0.029167
1 0.298148 0.163281 0.362963 0.044271
7 0.442593 0.227865 0.885185 0.064062
4 0.058333 0.227604 0.051852 0.029167
1 0.283333 0.227865 0.333333 0.044271
7 0.442593 0.292448 0.885185 0.064062
4 0.058333 0.292187 0.051852 0.029167
1 0.411111 0.292448 0.588889 0.044271
7 0.442593 0.357031 0.885185 0.064062
4 0.058333 0.356771 0.051852 0.029167
1 0.439352 0.357031 0.645370 0.044271
7 0.442593 0.421615 0.885185 0.064062
4 0.810185 0.421354 0.051852 0.029167
4 0.058333 0.421354 0.051852 0.029167
1 0.217593 0.421615 0.201852 0.044271
7 0.442593 0.486198 0.885185 0.064062
3 0.058333 0.485938 0.051852 0.029167
1 0.299074 0.486198 0.364815 0.044271
7 0.442593 0.550781 0.885185 0.064062
4 0.058333 0.550521 0.051852 0.029167
1 0.413426 0.550781 0.593519 0.044271
7 0.442593 0.615365 0.885185 0.064062
4 0.810185 0.615104 0.051852 0.029167
4 0.058333 0.615104 0.051852 0.029167
1 0.196759 0.615365 0.160185 0.044271
7 0.442593 0.679948 0.885185 0.064062
4 0.058333 0.679688 0.051852 0.029167
1 0.381944 0.679948 0.530556 0.044271
7 0.442593 0.744531 0.885185 0.064062
4 0.810185 0.744271 0.051852 0.029167
3 0.058333 0.744271 0.051852 0.029167
1 0.249537 0.744531 0.265741 0.044271
7 0.442593 0.809115 0.885185 0.064062
4 0.810185 0.808854 0.051852 0.029167
3 0.058333 0.808854 0.051852 0.029167
1 0.227778 0.809115 0.222222 0.044271
7 0.442593 0.873698 0.885185 0.064062
4 0.058333 0.873437 0.051852 0.029167
1 0.407407 0.873698 0.581481 0.044271
7 0.442593 0.938281 0.885185 0.064062
3 0.058333 0.938021 0.051852 0.029167
1 0.467593 0.938281 0.701852 0.044271
7 0.442593 0.985417 0.885185 0.029167
4 0.058333 0.994010 0.051852 0.011979
1 0.264352 0.990365 0.295370 0.019271
4 0.942593 0.087500 0.114815 0.087500
7 0.942593 0.376563 0.114815 0.421875
3 0.942593 0.376563 0.114815 0.421875
1 0.958796 0.558333 0.082407 0.039583
7 0.942593 0.670312 0.114815 0.165625
1 0.967130 0.655208 0.065741 0.073958
1 0.967130 0.707031 0.065741 0.029687
7 0.942593 0.835938 0.114815 0.165625
1 0.967130 0.820833 0.065741 0.073958
1 0.967130 0.872656 0.065741 0.029687
7 0.942593 0.959375 0.114815 0.081250
1 0.967130 0.974740 0.065741 0.050521
1 0.442593 0.087240 0.885185 0.044271
4 0.807407 0.087500 0.155556 0.087500