6 0.500000 0.083854 1.000000 0.080208
4 0.106481 0.083854 0.122222 0.062500
1 0.666667 0.083594 0.498148 0.044271
1 0.149537 0.069531 0.058333 0.032813
1 0.133333 0.162240 0.266667 0.076563
1 0.400000 0.162240 0.266667 0.076563
1 0.666667 0.162240 0.266667 0.076563
1 0.900000 0.162240 0.200000 0.076563
7 0.500000 0.227083 1.000000 0.045833
1 0.115741 0.227083 0.231481 0.045833
7 0.500000 0.314323 1.000000 0.127604
4 0.065278 0.312760 0.110185 0.061979
1 0.321296 0.275781 0.314815 0.050521
1 0.330556 0.320833 0.333333 0.039583
1 0.231481 0.359115 0.135185 0.036979
7 0.500000 0.442448 1.000000 0.127604
4 0.065278 0.440885 0.110185 0.061979
1 0.439815 0.403906 0.551852 0.050521
1 0.308796 0.448958 0.289815 0.039583
1 0.231481 0.487240 0.135185 0.036979