7 0.597222 0.080208 0.805556 0.072917
1 0.597222 0.080208 0.805556 0.072917
7 0.597222 0.153125 0.805556 0.072917
1 0.597222 0.153125 0.805556 0.072917
7 0.597222 0.226042 0.805556 0.072917
1 0.597222 0.226042 0.805556 0.072917
7 0.597222 0.298958 0.805556 0.072917
1 0.597222 0.298958 0.805556 0.072917
7 0.597222 0.380990 0.805556 0.091146
3 0.281944 0.380990 0.097222 0.054688
3 0.525000 0.380729 0.311111 0.029167
7 0.597222 0.464583 0.805556 0.072917
1 0.597222 0.464583 0.805556 0.072917
7 0.597222 0.537500 0.805556 0.072917
1 0.597222 0.537500 0.805556 0.072917
7 0.597222 0.612240 0.805556 0.076563
1 0.597222 0.610417 0.805556 0.072917
7 0.597222 0.686979 0.805556 0.072917
1 0.597222 0.686979 0.805556 0.072917
7 0.597222 0.761719 0.805556 0.076563
1 0.597222 0.759896 0.805556 0.072917
7 0.597222 0.836458 0.805556 0.072917
1 0.597222 0.836458 0.805556 0.072917
7 0.597222 0.909375 0.805556 0.072917
1 0.597222 0.909375 0.805556 0.072917
7 0.597222 0.972917 0.805556 0.054167
1 0.597222 0.972917 0.805556 0.054167
4 0.097222 0.083854 0.194444 0.080208
4 0.096759 0.083594 0.104630 0.058854
1 0.097222 0.162240 0.194444 0.076563
7 0.097222 0.227083 0.194444 0.045833
7 0.097222 0.314323 0.194444 0.127604
1 0.119907 0.314323 0.149074 0.127604
1 0.006481 0.275781 0.012963 0.050521
1 0.006481 0.320833 0.012963 0.039583