6 0.500000 0.095833 1.000000 0.104167
4 0.090741 0.094792 0.155556 0.087500
1 0.345370 0.094792 0.327778 0.087500
1 0.500000 0.188281 1.000000 0.080729
1 0.500000 0.634375 1.000000 0.034375
1 0.274074 0.720833 0.392593 0.109375
1 0.666667 0.720833 0.392593 0.109375
1 0.931481 0.720833 0.137037 0.109375
1 0.274074 0.830208 0.392593 0.109375
1 0.666667 0.830208 0.392593 0.109375
1 0.931481 0.830208 0.137037 0.109375
1 0.274074 0.939583 0.392593 0.109375
1 0.666667 0.939583 0.392593 0.109375
1 0.931481 0.939583 0.137037 0.109375
1 0.666667 0.997135 0.392593 0.005729
3 0.931481 0.997135 0.137037 0.005729
4 0.092593 0.286979 0.081481 0.045833
4 0.181944 0.283333 0.032407 0.009375
1 0.310648 0.273438 0.121296 0.072917
2 0.658796 0.273438 0.575000 0.072917