3 0.500000 0.500000 1.000000 1.000000
3 0.512963 0.089323 0.974074 0.061979
4 0.081019 0.088802 0.058333 0.032813
1 0.325463 0.089063 0.404630 0.034375
7 0.500000 0.346094 1.000000 0.422396
1 0.355093 0.175260 0.645370 0.044271
7 0.016204 0.386458 0.032407 0.341667
1 0.016204 0.527083 0.032407 0.060417
3 0.012963 0.359635 0.025926 0.288021
7 0.210648 0.386458 0.356481 0.341667
1 0.135185 0.527083 0.205556 0.060417
3 0.213889 0.359635 0.337037 0.288021
3 0.103704 0.255729 0.142593 0.080208
7 0.567130 0.386458 0.356481 0.341667
1 0.490278 0.527083 0.202778 0.060417
3 0.570370 0.359635 0.337037 0.288021
4 0.460185 0.255729 0.142593 0.080208
7 0.872685 0.386458 0.254630 0.341667
1 0.872685 0.527083 0.254630 0.060417
3 0.879167 0.359635 0.241667 0.288021
3 0.816667 0.255729 0.142593 0.080208
7 0.500000 0.597656 1.000000 0.080729
1 0.255093 0.597656 0.445370 0.044271
7 0.500000 0.819010 1.000000 0.361979
3 0.346296 0.821875 0.607407 0.356250
3 0.844907 0.821875 0.310185 0.356250
3 0.116667 0.685417 0.168519 0.094792
1 0.372222 0.685417 0.290741 0.050000
3 0.346296 0.959896 0.159259 0.080208
1 0.395370 0.931771 0.061111 0.023958
3 0.763889 0.685417 0.168519 0.094792
1 0.937037 0.685417 0.125926 0.050000
4 0.956944 0.960156 0.086111 0.079687