4 0.081481 0.082031 0.129630 0.057813
1 0.511574 0.359896 0.976852 0.142708
1 0.511574 0.520833 0.976852 0.142708
1 0.511574 0.655729 0.976852 0.108333
1 0.511574 0.790625 0.976852 0.142708
1 0.511574 0.908333 0.976852 0.073958
1 0.509722 0.153125 0.319444 0.039583
1 0.834722 0.153125 0.297222 0.039583
1 0.598611 0.192708 0.193519 0.039583
1 0.771296 0.192708 0.118519 0.039583
1 0.534722 0.232292 0.173148 0.039583
1 0.761574 0.232292 0.247222 0.039583
4 0.314815 0.983854 0.129630 0.032292
4 0.490741 0.983854 0.129630 0.032292
3 0.666667 0.983854 0.129630 0.032292
4 0.842593 0.983854 0.129630 0.032292
3 0.976852 0.983854 0.046296 0.032292
1 0.666204 0.082031 0.395370 0.057813