1 0.568519 0.257031 0.862963 0.053646
7 0.542593 0.361458 0.914815 0.084375
4 0.160185 0.361458 0.116667 0.065625
1 0.625926 0.361458 0.748148 0.084375
7 0.542593 0.446875 0.914815 0.084375
4 0.160185 0.446875 0.116667 0.065625
1 0.625926 0.446875 0.748148 0.084375
7 0.542593 0.532292 0.914815 0.084375
4 0.160185 0.532292 0.116667 0.065625
1 0.625926 0.532292 0.748148 0.084375
7 0.542593 0.617708 0.914815 0.084375
3 0.160185 0.617708 0.116667 0.065625
1 0.625926 0.617708 0.748148 0.084375
7 0.542593 0.703125 0.914815 0.084375
3 0.160185 0.703125 0.116667 0.065625
1 0.625926 0.703125 0.748148 0.084375
7 0.542593 0.788542 0.914815 0.084375
4 0.160185 0.788542 0.116667 0.065625
1 0.625926 0.788542 0.748148 0.084375
7 0.542593 0.873958 0.914815 0.084375
4 0.160185 0.873958 0.116667 0.065625
1 0.625926 0.873958 0.748148 0.084375
7 0.542593 0.958594 0.914815 0.082812
3 0.160185 0.959375 0.116667 0.065625
1 0.625926 0.958594 0.748148 0.082812