1 0.500000 0.089323 1.000000 0.091146
2 0.508333 0.171354 0.983333 0.054167
7 0.500000 0.300260 1.000000 0.145313
1 0.516667 0.265365 0.966667 0.031771
1 0.516667 0.303646 0.966667 0.026042
7 0.500000 0.447656 1.000000 0.145313
1 0.516667 0.412760 0.966667 0.031771
1 0.516667 0.451042 0.966667 0.026042
7 0.500000 0.595052 1.000000 0.145313
1 0.516667 0.560156 0.966667 0.031771
1 0.516667 0.598437 0.966667 0.026042
7 0.500000 0.742448 1.000000 0.145313
1 0.516667 0.707552 0.966667 0.031771
1 0.516667 0.745833 0.966667 0.026042