6 0.500000 0.092188 1.000000 0.096875
4 0.086111 0.089323 0.172222 0.091146
1 0.604167 0.072396 0.791667 0.033333
1 0.319444 0.105729 0.222222 0.033333
3 0.221296 0.182552 0.442593 0.083854
4 0.667130 0.182552 0.441667 0.083854
3 0.945833 0.182552 0.108333 0.083854
1 0.445370 0.293490 0.348148 0.064062
1 0.784722 0.293490 0.330556 0.064062
1 0.975000 0.293490 0.050000 0.064062
1 0.081019 0.420052 0.097222 0.030729
1 0.105556 0.450781 0.146296 0.030729
4 0.445370 0.420052 0.348148 0.054688
1 0.445370 0.462760 0.348148 0.030729
4 0.784722 0.420052 0.330556 0.054688
1 0.784722 0.462760 0.330556 0.030729
4 0.975000 0.420052 0.050000 0.054688
1 0.975000 0.462760 0.050000 0.030729
1 0.072685 0.563802 0.080556 0.030729
1 0.105556 0.594531 0.146296 0.030729
3 0.445370 0.563802 0.348148 0.054688
1 0.445370 0.606510 0.348148 0.030729
4 0.784722 0.563802 0.330556 0.054688
1 0.784722 0.606510 0.330556 0.030729
3 0.975000 0.563802 0.050000 0.054688
1 0.975000 0.606510 0.050000 0.030729
1 0.059259 0.708073 0.053704 0.030729
1 0.105556 0.738802 0.146296 0.030729
3 0.445370 0.708073 0.348148 0.054688
1 0.445370 0.750781 0.348148 0.030729
3 0.784722 0.708073 0.330556 0.054688
1 0.784722 0.750781 0.330556 0.030729
4 0.975000 0.708073 0.050000 0.054688
1 0.975000 0.750781 0.050000 0.030729
1 0.066204 0.852344 0.067593 0.030729
1 0.105556 0.883073 0.146296 0.030729
3 0.445370 0.852344 0.348148 0.054688
1 0.445370 0.895052 0.348148 0.030729
3 0.784722 0.852344 0.330556 0.054688
1 0.784722 0.895052 0.330556 0.030729
3 0.975000 0.852344 0.050000 0.054688
1 0.975000 0.895052 0.050000 0.030729
1 0.072685 0.990625 0.080556 0.018750
3 0.445370 0.984635 0.348148 0.030729
3 0.784722 0.984635 0.330556 0.030729
3 0.975000 0.984635 0.050000 0.030729