9 0.500000 0.500000 1.000000 1.000000
7 0.500000 0.087500 1.000000 0.175000
3 0.500000 0.087500 1.000000 0.175000
7 0.500000 0.218750 1.000000 0.087500
3 0.090741 0.218750 0.077778 0.087500
1 0.959259 0.218750 0.051852 0.087500
1 0.570370 0.218750 0.674074 0.034375
7 0.500000 0.306250 1.000000 0.087500
3 0.090741 0.306250 0.077778 0.087500
1 0.596296 0.306250 0.725926 0.034375
7 0.500000 0.393750 1.000000 0.087500
3 0.090741 0.393750 0.077778 0.087500
1 0.959259 0.393750 0.051852 0.087500
1 0.570370 0.393750 0.674074 0.034375
7 0.500000 0.481250 1.000000 0.087500
4 0.090741 0.481250 0.077778 0.087500
1 0.959259 0.481250 0.051852 0.087500
1 0.570370 0.481250 0.674074 0.034375
7 0.500000 0.568750 1.000000 0.087500
3 0.090741 0.568750 0.077778 0.087500
1 0.596296 0.568750 0.725926 0.034375
7 0.500000 0.628125 1.000000 0.031250
7 0.500000 0.687500 1.000000 0.087500
4 0.090741 0.687500 0.077778 0.087500
1 0.596296 0.687500 0.725926 0.034375
7 0.500000 0.746875 1.000000 0.031250
7 0.500000 0.806250 1.000000 0.087500
3 0.090741 0.806250 0.077778 0.087500
1 0.972222 0.806250 0.025926 0.087500
1 0.583333 0.806250 0.700000 0.034375
7 0.500000 0.893750 1.000000 0.087500
4 0.090741 0.893750 0.077778 0.087500
1 0.596296 0.893750 0.725926 0.034375
7 0.500000 0.968750 1.000000 0.062500
3 0.090741 0.968750 0.077778 0.062500
1 0.596296 0.981250 0.725926 0.034375
6 0.500000 0.094792 1.000000 0.102083
1 0.359722 0.094531 0.330556 0.048438
3 0.090741 0.094792 0.181481 0.102083