6 0.500000 0.087500 1.000000 0.087500
4 0.090741 0.087500 0.181481 0.087500
3 0.666667 0.087240 0.635185 0.047396
9 0.453704 0.565625 0.907407 0.868750
3 0.453704 0.133073 0.907407 0.003646
7 0.453704 0.164844 0.907407 0.059896
1 0.224074 0.164583 0.383333 0.034375
7 0.453704 0.239583 0.907407 0.087500
1 0.453704 0.239583 0.907407 0.087500
7 0.453704 0.328125 0.907407 0.087500
1 0.114815 0.330729 0.229630 0.039583
7 0.453704 0.416667 0.907407 0.087500
1 0.131944 0.419271 0.263889 0.039583
7 0.453704 0.505208 0.907407 0.087500
1 0.111574 0.507812 0.223148 0.039583
7 0.453704 0.593750 0.907407 0.087500
1 0.057870 0.596354 0.115741 0.039583
7 0.453704 0.682292 0.907407 0.087500
1 0.188889 0.684896 0.377778 0.039583
7 0.453704 0.770833 0.907407 0.087500
1 0.101389 0.773438 0.202778 0.039583
7 0.453704 0.859375 0.907407 0.087500
1 0.453704 0.859375 0.907407 0.087500
7 0.453704 0.947917 0.907407 0.087500
1 0.140741 0.950521 0.281481 0.039583
7 0.453704 0.996354 0.907407 0.007292
7 0.500000 0.365625 1.000000 0.468750
3 0.500000 0.361719 1.000000 0.460938
1 0.519444 0.465104 0.961111 0.103125
1 0.559259 0.556250 0.100000 0.071875
1 0.618519 0.556250 0.018519 0.028125
1 0.725463 0.556250 0.195370 0.071875
7 0.500000 0.698958 1.000000 0.197917
1 0.513889 0.641927 0.972222 0.068229
1 0.077778 0.773438 0.100000 0.028125
1 0.147222 0.770312 0.038889 0.039583
1 0.264352 0.773438 0.195370 0.028125
7 0.500000 0.896875 1.000000 0.197917
1 0.397685 0.855990 0.739815 0.100521
3 0.909722 0.896875 0.180556 0.182292
1 0.077778 0.971354 0.100000 0.028125
1 0.147222 0.968229 0.038889 0.039583
1 0.274537 0.971354 0.215741 0.028125
7 0.500000 0.997917 1.000000 0.004167