9 0.453704 0.500000 0.907407 1.000000
1 0.453704 0.386458 0.907407 0.087500
1 0.453704 0.473958 0.907407 0.087500
1 0.453704 0.561458 0.907407 0.087500
1 0.453704 0.648958 0.907407 0.087500
1 0.453704 0.736458 0.907407 0.087500
1 0.453704 0.855208 0.907407 0.087500
1 0.453704 0.942708 0.907407 0.087500
1 0.453704 0.993229 0.907407 0.013542
3 0.453704 0.160417 0.842593 0.123958
1 0.453704 0.273177 0.816667 0.036979
3 0.810185 0.273438 0.103704 0.058333
6 0.500000 0.094792 1.000000 0.102083
3 0.090741 0.094792 0.181481 0.102083
1 0.373148 0.094531 0.357407 0.048438
9 0.500000 0.189583 1.000000 0.087500
1 0.418519 0.189583 0.233333 0.087500
1 0.150926 0.189583 0.224074 0.034375
1 0.684722 0.189583 0.221296 0.034375
1 0.936574 0.189583 0.126852 0.034375
7 0.630556 0.440104 0.738889 0.413542
1 0.666204 0.257812 0.350926 0.048958
3 0.630556 0.464583 0.738889 0.364583