6 0.500000 0.087500 1.000000 0.087500
3 0.025926 0.087500 0.051852 0.029167
3 0.091667 0.087500 0.103704 0.058333
1 0.343519 0.087240 0.374074 0.044271
9 0.388889 0.565625 0.777778 0.868750
7 0.388889 0.175521 0.777778 0.088542
4 0.079630 0.175000 0.081481 0.043750
1 0.450926 0.175000 0.575926 0.087500
7 0.388889 0.264062 0.777778 0.088542
3 0.079630 0.263281 0.081481 0.042188
1 0.450926 0.263542 0.575926 0.087500
7 0.388889 0.352604 0.777778 0.088542
4 0.079630 0.352083 0.081481 0.052083
1 0.450926 0.352083 0.575926 0.087500
7 0.388889 0.441146 0.777778 0.088542
4 0.079630 0.440365 0.081481 0.042188
1 0.450926 0.440625 0.575926 0.087500
7 0.388889 0.529687 0.777778 0.088542
4 0.079630 0.528906 0.081481 0.042188
1 0.450926 0.529167 0.575926 0.087500
7 0.388889 0.618229 0.777778 0.088542
4 0.079630 0.617708 0.081481 0.044792
1 0.450926 0.617708 0.575926 0.087500
7 0.388889 0.706771 0.777778 0.088542
4 0.079630 0.705990 0.081481 0.024479
1 0.450926 0.706250 0.575926 0.087500
7 0.500000 0.194271 1.000000 0.126042
1 0.500000 0.155990 1.000000 0.049479
1 0.500000 0.197656 1.000000 0.033854
1 0.500000 0.233854 1.000000 0.044792
7 0.500000 0.338802 1.000000 0.163021
1 0.500000 0.300521 1.000000 0.086458
1 0.500000 0.360677 1.000000 0.033854
1 0.500000 0.396875 1.000000 0.044792
7 0.500000 0.483333 1.000000 0.126042
1 0.500000 0.445052 1.000000 0.049479
1 0.500000 0.486719 1.000000 0.033854
1 0.500000 0.522917 1.000000 0.044792
7 0.500000 0.627865 1.000000 0.163021
1 0.500000 0.589583 1.000000 0.086458
1 0.500000 0.649740 1.000000 0.033854
1 0.500000 0.685937 1.000000 0.044792
7 0.500000 0.790885 1.000000 0.163021
1 0.500000 0.752604 1.000000 0.086458
1 0.500000 0.812760 1.000000 0.033854
1 0.500000 0.848958 1.000000 0.044792
7 0.500000 0.935417 1.000000 0.126042
1 0.500000 0.897135 1.000000 0.049479
1 0.500000 0.938802 1.000000 0.033854
1 0.500000 0.975000 1.000000 0.044792