6 0.500000 0.087500 1.000000 0.087500
4 0.879630 0.087500 0.181481 0.087500
4 0.985185 0.087500 0.029630 0.087500
4 0.025926 0.087500 0.051852 0.029167
3 0.088426 0.087500 0.097222 0.053125
1 0.311111 0.087240 0.322222 0.044271
1 0.543981 0.215365 0.912037 0.083854
1 0.543981 0.315365 0.912037 0.116146
4 0.047222 0.573438 0.094444 0.055208
3 0.111574 0.402604 0.047222 0.039583
1 0.356019 0.402604 0.441667 0.039583
3 0.111574 0.442188 0.047222 0.039583
1 0.292130 0.442188 0.313889 0.039583
4 0.111574 0.481771 0.047222 0.039583
1 0.482407 0.481771 0.694444 0.039583