6 0.500000 0.094792 1.000000 0.102083
1 0.333333 0.094531 0.200000 0.048438
1 0.888889 0.094792 0.222222 0.102083
4 0.090741 0.094792 0.181481 0.102083
7 0.500000 0.325521 1.000000 0.102083
4 0.090741 0.325521 0.181481 0.102083
1 0.616667 0.308333 0.766667 0.039583
1 0.361111 0.345313 0.255556 0.034375
7 0.500000 0.429688 1.000000 0.102083
4 0.090741 0.429688 0.181481 0.102083
1 0.616667 0.412500 0.766667 0.039583
1 0.361111 0.449479 0.255556 0.034375
7 0.500000 0.533854 1.000000 0.102083
4 0.090741 0.533854 0.181481 0.102083
1 0.616667 0.516667 0.766667 0.039583
1 0.361111 0.553646 0.255556 0.034375
7 0.500000 0.638021 1.000000 0.102083
4 0.090741 0.638021 0.181481 0.102083
1 0.616667 0.620833 0.766667 0.039583
1 0.361111 0.657813 0.255556 0.034375
7 0.500000 0.742188 1.000000 0.102083
4 0.090741 0.742188 0.181481 0.102083
1 0.616667 0.725000 0.766667 0.039583
1 0.375463 0.761979 0.284259 0.034375
7 0.500000 0.846354 1.000000 0.102083
4 0.090741 0.846354 0.181481 0.102083
1 0.616667 0.829167 0.766667 0.039583
1 0.375463 0.866146 0.284259 0.034375
1 0.132870 0.176563 0.213889 0.032292
1 0.319444 0.226302 0.587037 0.067187
1 0.849537 0.176563 0.258333 0.032292
1 0.860185 0.226302 0.279630 0.067187