6 0.500000 0.094792 1.000000 0.102083
1 0.440741 0.094531 0.401852 0.048438
4 0.097222 0.094792 0.181481 0.102083
3 0.500000 0.521875 1.000000 0.956250
3 0.500000 0.572917 1.000000 0.854167
1 0.064815 0.306250 0.129630 0.131250
4 0.194444 0.306250 0.129630 0.072917
1 0.464352 0.289583 0.306481 0.039583
1 0.337037 0.323437 0.051852 0.034375
1 0.064815 0.437500 0.129630 0.131250
4 0.194444 0.437500 0.129630 0.072917
1 0.485185 0.420833 0.348148 0.039583
1 0.337037 0.454688 0.051852 0.034375
1 0.064815 0.568750 0.129630 0.131250
3 0.194444 0.568750 0.129630 0.072917
1 0.436574 0.552083 0.250926 0.039583
1 0.337037 0.585938 0.051852 0.034375
1 0.064815 0.700000 0.129630 0.131250
4 0.194444 0.700000 0.129630 0.072917
1 0.430556 0.683333 0.238889 0.039583
1 0.337037 0.717187 0.051852 0.034375
1 0.064815 0.831250 0.129630 0.131250
4 0.194444 0.831250 0.129630 0.072917
1 0.472222 0.814583 0.322222 0.039583
1 0.337037 0.848437 0.051852 0.034375
1 0.064815 0.995833 0.129630 0.008333
4 0.092593 0.189583 0.081481 0.045833
1 0.363426 0.189583 0.356481 0.034375
4 0.092593 0.940625 0.081481 0.045833
1 0.387037 0.940625 0.403704 0.034375