9 0.500000 0.500000 1.000000 1.000000
7 0.500000 0.344271 1.000000 0.688542
4 0.304630 0.335938 0.401852 0.226042
1 0.391667 0.512500 0.472222 0.068750
1 0.577778 0.595833 0.844444 0.068750
7 0.500000 0.779687 1.000000 0.182292
4 0.226852 0.779687 0.194444 0.109375
1 0.538889 0.779167 0.429630 0.068750
7 0.500000 0.935417 1.000000 0.129167
3 0.226852 0.953646 0.194444 0.092708
1 0.620370 0.961458 0.592593 0.068750
6 0.500000 0.189583 1.000000 0.204167
1 0.733333 0.189062 0.533333 0.088542
3 0.181481 0.189583 0.362963 0.204167
7 0.525926 0.645833 0.948148 0.708333
8 0.525926 0.640104 0.948148 0.659375
1 0.577778 0.887500 0.844444 0.164583
1 0.525000 0.456250 0.738889 0.116667
1 0.577778 0.648958 0.844444 0.210417