6 0.500000 0.087500 1.000000 0.087500
1 0.169444 0.087500 0.338889 0.087500
1 0.626389 0.204167 0.747222 0.072917
7 0.500000 0.389323 1.000000 0.115104
1 0.500000 0.389323 1.000000 0.115104
7 0.500000 0.504427 1.000000 0.115104
1 0.500000 0.504427 1.000000 0.115104
7 0.500000 0.596094 1.000000 0.068229
1 0.500000 0.596094 1.000000 0.068229
7 0.500000 0.687760 1.000000 0.115104
1 0.500000 0.687760 1.000000 0.115104
7 0.500000 0.779427 1.000000 0.068229
1 0.500000 0.779427 1.000000 0.068229
7 0.500000 0.847656 1.000000 0.068229
1 0.500000 0.847656 1.000000 0.068229
7 0.500000 0.915885 1.000000 0.068229
1 0.500000 0.915885 1.000000 0.068229
7 0.500000 0.975000 1.000000 0.050000
1 0.500000 0.975000 1.000000 0.050000