9 0.453704 0.500000 0.907407 1.000000
1 0.453704 0.441146 0.907407 0.087500
1 0.453704 0.528646 0.907407 0.087500
1 0.453704 0.616146 0.907407 0.087500
1 0.453704 0.703646 0.907407 0.087500
1 0.453704 0.791146 0.907407 0.087500
1 0.453704 0.878646 0.907407 0.087500
1 0.453704 0.969531 0.907407 0.060937
3 0.453704 0.191406 0.907407 0.382812
6 0.500000 0.094792 1.000000 0.102083
1 0.535648 0.094531 0.682407 0.048438
3 0.090741 0.094792 0.181481 0.102083
7 0.500000 0.572917 1.000000 0.854167
8 0.506481 0.519271 0.987037 0.732292
1 0.506481 0.195573 0.987037 0.084896
3 0.512963 0.404427 0.974074 0.303646
1 0.514815 0.638542 0.970370 0.145833
1 0.514815 0.803125 0.970370 0.145833