6 0.500000 0.094792 1.000000 0.102083
1 0.321296 0.094531 0.175926 0.048438
4 0.090741 0.094792 0.181481 0.102083
1 0.500000 0.990885 1.000000 0.018229
3 0.196296 0.148698 0.103704 0.005729
3 0.900926 0.148698 0.103704 0.005729
4 0.158333 0.205729 0.103704 0.058333
1 0.385185 0.205990 0.350000 0.034896
4 0.886111 0.205729 0.103704 0.058333
1 0.968981 0.205990 0.062037 0.034896
1 0.218981 0.322656 0.099074 0.059896
1 0.219444 0.373958 0.059259 0.042708
1 0.527778 0.322917 0.140741 0.064583
1 0.527315 0.376563 0.062037 0.042708
1 0.836111 0.322917 0.112963 0.064583
1 0.836111 0.376563 0.153704 0.042708
1 0.218981 0.459115 0.099074 0.059896
1 0.218981 0.510417 0.121296 0.042708
1 0.527315 0.459375 0.132407 0.064583
1 0.527778 0.513021 0.124074 0.042708
1 0.836111 0.459375 0.133333 0.064583
1 0.836111 0.513021 0.144444 0.042708
1 0.255556 0.613021 0.446296 0.072917
1 0.574537 0.613021 0.171296 0.072917
1 0.745833 0.613021 0.171296 0.072917
1 0.915741 0.613021 0.168519 0.072917
1 0.255556 0.681510 0.446296 0.064062
1 0.255556 0.745573 0.446296 0.064062
1 0.255556 0.811979 0.446296 0.068750
1 0.255556 0.878385 0.446296 0.064062
1 0.574537 0.681510 0.171296 0.064062
1 0.745833 0.681510 0.171296 0.064062
1 0.915741 0.681510 0.168519 0.064062
1 0.574537 0.745573 0.171296 0.064062
1 0.745833 0.745573 0.171296 0.064062
1 0.915741 0.745573 0.168519 0.064062
1 0.574537 0.811979 0.171296 0.068750
1 0.745833 0.811979 0.171296 0.068750
1 0.915741 0.811979 0.168519 0.068750
1 0.574537 0.878385 0.171296 0.064062
1 0.745833 0.878385 0.171296 0.064062
1 0.915741 0.878385 0.168519 0.064062