6 0.500000 0.094792 1.000000 0.102083
1 0.385185 0.094531 0.303704 0.048438
4 0.090741 0.094792 0.181481 0.102083
1 0.162037 0.170573 0.324074 0.049479
1 0.124074 0.395052 0.248148 0.049479
1 0.511111 0.459115 0.957407 0.030729
1 0.994907 0.459375 0.010185 0.058333
1 0.184259 0.523698 0.368519 0.049479
1 0.507407 0.238802 0.950000 0.030729
1 0.991204 0.238802 0.017593 0.054688
1 0.507407 0.326302 0.950000 0.030729
1 0.991204 0.326302 0.017593 0.054688
1 0.501852 0.576302 0.938889 0.030729
1 0.985648 0.577604 0.028704 0.058333
1 0.501852 0.663802 0.938889 0.030729
1 0.985648 0.665104 0.028704 0.058333
1 0.501852 0.751302 0.938889 0.030729
1 0.985648 0.752604 0.028704 0.058333
1 0.501852 0.838802 0.938889 0.030729
1 0.985648 0.840104 0.028704 0.058333
1 0.501852 0.926302 0.938889 0.030729
1 0.985648 0.927604 0.028704 0.058333
1 0.985648 0.992969 0.028704 0.014063