1 0.254630 0.973958 0.261111 0.052083
1 0.850463 0.973958 0.250926 0.052083
1 0.987963 0.973958 0.024074 0.052083
1 0.581481 0.889583 0.837037 0.058333
1 0.233796 0.333854 0.141667 0.066667
1 0.543519 0.316146 0.444444 0.087500
1 0.239815 0.410938 0.153704 0.087500
1 0.340278 0.504427 0.354630 0.075521
1 0.639815 0.483854 0.211111 0.058333
1 0.308796 0.598437 0.291667 0.081250
1 0.735648 0.573438 0.528704 0.043750
1 0.325463 0.704688 0.291667 0.081250
1 0.667130 0.679688 0.358333 0.043750
1 0.325463 0.792188 0.291667 0.081250
1 0.691667 0.767188 0.407407 0.043750