6 0.500000 0.094792 1.000000 0.102083
4 0.090741 0.094792 0.181481 0.102083
4 0.946296 0.094792 0.107407 0.087500
7 0.500000 0.572917 1.000000 0.854167
1 0.516204 0.160417 0.967593 0.029167
1 0.516204 0.192188 0.967593 0.034375
1 0.090741 0.355469 0.116667 0.044271
1 0.516204 0.394792 0.967593 0.034375
1 0.169907 0.271094 0.184259 0.044271
1 0.090741 0.472656 0.116667 0.044271
1 0.516204 0.511979 0.967593 0.034375
1 0.090741 0.589844 0.116667 0.044271
1 0.516204 0.629167 0.967593 0.034375
1 0.090741 0.707031 0.116667 0.044271
1 0.516204 0.761198 0.967593 0.064062
1 0.090741 0.853906 0.116667 0.044271
1 0.516204 0.893229 0.967593 0.034375
1 0.090741 0.971094 0.116667 0.044271
1 0.516204 0.996615 0.967593 0.006771
7 0.500000 0.186719 1.000000 0.081771
1 0.212963 0.183594 0.270370 0.044271