3 0.500000 0.500000 1.000000 1.000000
1 0.500000 0.147396 1.000000 0.088542
3 0.956944 0.072135 0.086111 0.144271
7 0.500000 0.274219 1.000000 0.165104
4 0.152315 0.274219 0.180556 0.101562
1 0.643056 0.248438 0.713889 0.034375
1 0.643056 0.291406 0.713889 0.051562
7 0.500000 0.438802 1.000000 0.165104
4 0.152315 0.438802 0.180556 0.101562
1 0.643056 0.425000 0.713889 0.034375
1 0.643056 0.455990 0.713889 0.027604
7 0.500000 0.603385 1.000000 0.165104
3 0.152315 0.603385 0.180556 0.101562
1 0.643056 0.577604 0.713889 0.034375
1 0.643056 0.620573 0.713889 0.051562
7 0.500000 0.767969 1.000000 0.165104
3 0.152315 0.767969 0.180556 0.101562
1 0.643056 0.742188 0.713889 0.034375
1 0.643056 0.785156 0.713889 0.051562
1 0.578704 0.043490 0.842593 0.053646