6 0.500000 0.094792 1.000000 0.102083
4 0.090741 0.094792 0.181481 0.102083
4 0.666667 0.094792 0.222222 0.102083
4 0.666667 0.094792 0.222222 0.102083
7 0.500000 0.572917 1.000000 0.854167
1 0.159722 0.181510 0.267593 0.071354
1 0.206481 0.734115 0.361111 0.071354
1 0.166204 0.798177 0.228704 0.027604
1 0.525926 0.836719 0.948148 0.049479
1 0.216667 0.919010 0.329630 0.027604
1 0.525926 0.957552 0.948148 0.049479
1 0.127315 0.245312 0.163889 0.034375
1 0.666204 0.422656 0.413889 0.027604
1 0.740741 0.493229 0.188889 0.034375
1 0.993981 0.493229 0.012037 0.034375
1 0.776852 0.676823 0.261111 0.040104
1 0.150000 0.493229 0.209259 0.034375
1 0.466204 0.493229 0.204630 0.034375
1 0.306944 0.602865 0.523148 0.136979
3 0.090741 0.304688 0.103704 0.058333
1 0.587500 0.300260 0.825000 0.049479
3 0.090741 0.363021 0.103704 0.051042
1 0.587500 0.362240 0.825000 0.049479
3 0.691667 0.552604 0.103704 0.058333
1 0.887963 0.548177 0.224074 0.049479
3 0.691667 0.610938 0.103704 0.051042
1 0.887963 0.610156 0.224074 0.049479