9 0.453704 0.500000 0.907407 1.000000
1 0.453704 0.386458 0.907407 0.087500
1 0.453704 0.490625 0.907407 0.087500
1 0.453704 0.578125 0.907407 0.087500
1 0.453704 0.665625 0.907407 0.087500
1 0.453704 0.753125 0.907407 0.087500
1 0.453704 0.871875 0.907407 0.087500
1 0.453704 0.957812 0.907407 0.084375
3 0.453241 0.137240 0.058333 0.032813
1 0.453704 0.180208 0.342593 0.053125
6 0.500000 0.094792 1.000000 0.102083
1 0.404630 0.094792 0.342593 0.053125
3 0.090741 0.094792 0.181481 0.102083
7 0.500000 0.532813 1.000000 0.540625
8 0.525926 0.532813 0.948148 0.540625
3 0.532407 0.463542 0.935185 0.380208
1 0.550000 0.708594 0.866667 0.036979
1 0.550000 0.746875 0.866667 0.032292
7 0.500000 0.901563 1.000000 0.196875
8 0.525926 0.901563 0.948148 0.196875
3 0.532407 0.907031 0.935185 0.185938
1 0.666204 0.189583 0.387963 0.034375