9 0.453704 0.500000 0.907407 1.000000
1 0.453704 0.386458 0.907407 0.087500
1 0.453704 0.473958 0.907407 0.087500
1 0.453704 0.561458 0.907407 0.087500
1 0.453704 0.648958 0.907407 0.087500
1 0.453704 0.736458 0.907407 0.087500
1 0.453704 0.823958 0.907407 0.087500
1 0.453704 0.911458 0.907407 0.087500
1 0.453704 0.993229 0.907407 0.013542
3 0.453704 0.164062 0.907407 0.328125
4 0.155556 0.135417 0.207407 0.116667
1 0.168981 0.240104 0.234259 0.034375
1 0.325926 0.278125 0.548148 0.041667
1 0.753704 0.281771 0.307407 0.092708
6 0.500000 0.094792 1.000000 0.102083
3 0.090741 0.094792 0.181481 0.102083
1 0.370833 0.094531 0.352778 0.048438
9 0.500000 0.189583 1.000000 0.087500
1 0.833333 0.189583 0.333333 0.087500
1 0.333333 0.189583 0.142593 0.034375
3 0.106944 0.293490 0.162037 0.091146
1 0.606944 0.279687 0.786111 0.034375
1 0.273611 0.309115 0.119444 0.024479
1 0.666667 0.382812 0.531481 0.087500
7 0.500000 0.472917 1.000000 0.063542
1 0.500000 0.472917 1.000000 0.063542
7 0.500000 0.556250 1.000000 0.102083
4 0.090741 0.556250 0.129630 0.072917
1 0.588889 0.541146 0.814815 0.034375
1 0.316204 0.573177 0.269444 0.029687