6 0.500000 0.094792 1.000000 0.102083
4 0.090741 0.094792 0.181481 0.102083
1 0.322222 0.094531 0.255556 0.048438
1 0.500000 0.177604 1.000000 0.063542
7 0.501852 0.255990 0.996296 0.093229
1 0.116667 0.241146 0.174074 0.034375
1 0.399074 0.273177 0.738889 0.029687
7 0.501852 0.349219 0.996296 0.093229
1 0.143056 0.334375 0.226852 0.034375
1 0.514815 0.366406 0.970370 0.029687
7 0.501852 0.455208 0.996296 0.118750
1 0.120833 0.427604 0.182407 0.034375
1 0.514815 0.472396 0.970370 0.055208
7 0.501852 0.573958 0.996296 0.118750
1 0.110185 0.546354 0.161111 0.034375
1 0.514815 0.591146 0.970370 0.055208
7 0.501852 0.679948 0.996296 0.093229
1 0.066204 0.665104 0.073148 0.034375
1 0.479167 0.697135 0.899074 0.029687
7 0.501852 0.773177 0.996296 0.093229
1 0.074537 0.758333 0.089815 0.034375
1 0.514815 0.790365 0.970370 0.029687
7 0.501852 0.866406 0.996296 0.093229
1 0.059722 0.851562 0.060185 0.034375
1 0.514815 0.883594 0.970370 0.029687
7 0.501852 0.956510 0.996296 0.086979
1 0.072685 0.944792 0.086111 0.034375
1 0.256019 0.976823 0.452778 0.029687