6 0.500000 0.094792 1.000000 0.102083
3 0.616667 0.094792 0.766667 0.102083
4 0.090741 0.094792 0.181481 0.102083
9 0.500000 0.189583 1.000000 0.087500
1 0.068056 0.189583 0.136111 0.032292
1 0.334722 0.189583 0.241667 0.032292
1 0.676852 0.189583 0.287037 0.032292
1 0.949074 0.189583 0.101852 0.032292
7 0.500000 0.616667 1.000000 0.766667
3 0.116667 0.298958 0.181481 0.102083
1 0.366204 0.268490 0.265741 0.041146
1 0.749537 0.267448 0.500926 0.039062
1 0.616667 0.323437 0.766667 0.068750
1 0.616667 0.379948 0.766667 0.044271
3 0.616667 0.698698 0.766667 0.593229