1 0.594444 0.108854 0.811111 0.093750
3 0.284259 0.203125 0.087037 0.048958
1 0.663889 0.203385 0.672222 0.091146
4 0.284259 0.294271 0.087037 0.048958
1 0.663889 0.294531 0.672222 0.091146
3 0.284259 0.385417 0.087037 0.048958
1 0.663889 0.385677 0.672222 0.091146
3 0.284259 0.476562 0.087037 0.048958
1 0.663889 0.476823 0.672222 0.091146
3 0.284259 0.567708 0.087037 0.048958
1 0.663889 0.567969 0.672222 0.091146
4 0.284259 0.658854 0.087037 0.048958
1 0.663889 0.659115 0.672222 0.091146
3 0.284259 0.750000 0.087037 0.048958
1 0.663889 0.750260 0.672222 0.091146
3 0.284259 0.841146 0.087037 0.048958
1 0.663889 0.841406 0.672222 0.091146
4 0.284259 0.932292 0.087037 0.048958
1 0.663889 0.932552 0.672222 0.091146
1 0.663889 0.989062 0.672222 0.021875