3 0.500000 0.521875 1.000000 0.956250
3 0.071296 0.089063 0.077778 0.043750
1 0.555093 0.089323 0.889815 0.091146
1 0.500000 0.170313 1.000000 0.066667
1 0.500000 0.272396 1.000000 0.118750
1 0.500000 0.391146 1.000000 0.118750
1 0.500000 0.485938 1.000000 0.066667
1 0.500000 0.588021 1.000000 0.118750
1 0.500000 0.706771 1.000000 0.118750
1 0.500000 0.827865 1.000000 0.123438
1 0.500000 0.944792 1.000000 0.110417
3 0.117130 0.121875 0.130556 0.086458
4 0.108796 0.121875 0.113889 0.045833
3 0.617130 0.104948 0.765741 0.064062
1 0.577778 0.154167 0.844444 0.034375