3 0.500000 0.521875 1.000000 0.956250
3 0.117130 0.121875 0.130556 0.086458
3 0.108796 0.121875 0.113889 0.045833
3 0.617130 0.104948 0.765741 0.064062
1 0.577778 0.154167 0.844444 0.034375
1 0.500000 0.255208 1.000000 0.109375
7 0.500000 0.422135 1.000000 0.223438
1 0.111111 0.365104 0.157407 0.109375
3 0.238426 0.365104 0.097222 0.072917
1 0.509259 0.364844 0.379630 0.039062
1 0.826389 0.365104 0.189815 0.072917
1 0.960648 0.365104 0.078704 0.072917
1 0.684722 0.439583 0.630556 0.032292
1 0.271759 0.499479 0.163889 0.068750
3 0.402315 0.499479 0.097222 0.068750
1 0.725463 0.499479 0.549074 0.068750
7 0.500000 0.607031 1.000000 0.145313
1 0.111111 0.589063 0.157407 0.109375
3 0.238426 0.589063 0.097222 0.072917
1 0.509259 0.588802 0.379630 0.039062
1 0.826389 0.589063 0.189815 0.072917
1 0.960648 0.589063 0.078704 0.072917
1 0.684722 0.663542 0.630556 0.032292
7 0.500000 0.752865 1.000000 0.145313
1 0.111111 0.734896 0.157407 0.109375
3 0.238426 0.734896 0.097222 0.072917
1 0.509259 0.734635 0.379630 0.039062
1 0.826389 0.734896 0.189815 0.072917
1 0.960648 0.734896 0.078704 0.072917
1 0.684722 0.809375 0.630556 0.032292
7 0.500000 0.898698 1.000000 0.145313
1 0.115278 0.880729 0.165741 0.109375
3 0.246759 0.880729 0.097222 0.072917
1 0.515741 0.880469 0.375926 0.039062
1 0.830093 0.880729 0.187963 0.072917
1 0.962037 0.880729 0.075926 0.072917
1 0.688426 0.955208 0.623148 0.032292
7 0.500000 0.985938 1.000000 0.028125
1 0.115278 0.985938 0.165741 0.028125
3 0.246759 0.995052 0.097222 0.009896
1 0.830093 0.995052 0.187963 0.009896
1 0.962037 0.995052 0.075926 0.009896