9 0.453704 0.500000 0.907407 1.000000
3 0.453704 0.164062 0.907407 0.328125
0 0.453704 0.386458 0.907407 0.087500
0 0.453704 0.473958 0.907407 0.087500
0 0.453704 0.561458 0.907407 0.087500
0 0.453704 0.648958 0.907407 0.087500
0 0.453704 0.767708 0.907407 0.087500
0 0.453704 0.855208 0.907407 0.087500
1 0.453704 0.942708 0.907407 0.087500
1 0.453704 0.245312 0.803704 0.034375
1 0.453704 0.279687 0.803704 0.034375
6 0.500000 0.094792 1.000000 0.102083
3 0.090741 0.094792 0.181481 0.102083
1 0.323611 0.094531 0.180556 0.048438
1 0.221759 0.189583 0.297222 0.034375
1 0.666667 0.189583 0.366667 0.055208
1 0.963889 0.189583 0.072222 0.055208
7 0.500000 0.265104 1.000000 0.063542
1 0.500000 0.265104 1.000000 0.063542
7 0.500000 0.348438 1.000000 0.104167
3 0.116667 0.349479 0.129630 0.072917
1 0.307407 0.334375 0.148148 0.039583
1 0.455556 0.369010 0.444444 0.029687
7 0.500000 0.452083 1.000000 0.104167
4 0.116667 0.453125 0.129630 0.072917
1 0.320370 0.453125 0.174074 0.039583
7 0.500000 0.555729 1.000000 0.104167
4 0.116667 0.556771 0.129630 0.072917
1 0.302315 0.556771 0.137963 0.039583
7 0.500000 0.659375 1.000000 0.104167
4 0.116667 0.660417 0.129630 0.072917
1 0.290278 0.660417 0.113889 0.039583
7 0.500000 0.742708 1.000000 0.063542
1 0.500000 0.742708 1.000000 0.063542
7 0.500000 0.826042 1.000000 0.104167
4 0.116667 0.827083 0.129630 0.072917
1 0.321759 0.827083 0.176852 0.039583
7 0.500000 0.909375 1.000000 0.063542
1 0.500000 0.909375 1.000000 0.063542
7 0.500000 0.970313 1.000000 0.059375
3 0.116667 0.978646 0.129630 0.042708
1 0.343519 0.986979 0.220370 0.026042