9 0.500000 0.543750 1.000000 0.912500
7 0.500000 0.401042 1.000000 0.627083
4 0.285185 0.328125 0.414815 0.233333
1 0.481481 0.568750 0.740741 0.175000
7 0.500000 0.810417 1.000000 0.191667
1 0.681481 0.810417 0.637037 0.191667
7 0.500000 0.953125 1.000000 0.093750
1 0.681481 0.953125 0.637037 0.093750
6 0.500000 0.189583 1.000000 0.204167
3 0.181481 0.189583 0.362963 0.204167
3 0.681481 0.189062 0.637037 0.080208
8 0.525926 0.494271 0.948148 0.405208
1 0.577778 0.416146 0.844444 0.248958
3 0.204630 0.568229 0.098148 0.055208
1 0.465741 0.567708 0.424074 0.054167
8 0.525926 0.863021 0.948148 0.273958
3 0.525926 0.863021 0.948148 0.273958