1 0.666204 0.087240 0.317593 0.044271
7 0.500000 0.157552 1.000000 0.052604
1 0.512963 0.146615 0.974074 0.030729
7 0.500000 0.240625 1.000000 0.109375
1 0.512963 0.236979 0.974074 0.072917
7 0.500000 0.352083 1.000000 0.109375
1 0.512963 0.348438 0.974074 0.072917
7 0.500000 0.463542 1.000000 0.109375
1 0.512963 0.459896 0.974074 0.072917
7 0.500000 0.552083 1.000000 0.063542
1 0.040741 0.552083 0.029630 0.034375
7 0.500000 0.640625 1.000000 0.109375
1 0.512963 0.636979 0.974074 0.072917
7 0.500000 0.752083 1.000000 0.109375
1 0.512963 0.748437 0.974074 0.072917
7 0.500000 0.863542 1.000000 0.109375
1 0.512963 0.859896 0.974074 0.072917
7 0.500000 0.952083 1.000000 0.063542
1 0.040741 0.952083 0.029630 0.034375
7 0.500000 0.992969 1.000000 0.014063