5 0.500000 0.576042 1.000000 0.847917
3 0.341667 0.335938 0.551852 0.276042
4 0.341667 0.315625 0.103704 0.058333
1 0.341667 0.367708 0.285185 0.034375
3 0.857870 0.335938 0.284259 0.276042
4 0.969907 0.315625 0.060185 0.058333
1 0.922685 0.367708 0.154630 0.034375
3 0.341667 0.667188 0.551852 0.276042
4 0.341667 0.646875 0.103704 0.058333
1 0.341667 0.698958 0.301852 0.034375
3 0.857870 0.667188 0.284259 0.276042
4 0.969907 0.646875 0.060185 0.058333
1 0.918056 0.698958 0.163889 0.034375
3 0.341667 0.930208 0.551852 0.139583
3 0.341667 0.974479 0.103704 0.051042
1 0.857870 0.930208 0.284259 0.139583
1 0.193519 0.097917 0.348148 0.086458
1 0.525926 0.097917 0.316667 0.086458
1 0.835648 0.097917 0.302778 0.086458
1 0.993519 0.097917 0.012963 0.086458