9 0.453704 0.521875 0.907407 0.956250
7 0.453704 0.079167 0.907407 0.070833
1 0.462037 0.079167 0.792593 0.034375
7 0.453704 0.150000 0.907407 0.070833
1 0.462037 0.150000 0.792593 0.034375
7 0.453704 0.220833 0.907407 0.070833
1 0.462037 0.220833 0.792593 0.034375
7 0.453704 0.291667 0.907407 0.070833
1 0.462037 0.291667 0.792593 0.034375
7 0.453704 0.362500 0.907407 0.070833
1 0.435648 0.362500 0.739815 0.034375
1 0.831944 0.362500 0.052778 0.018750
7 0.453704 0.433333 0.907407 0.070833
1 0.462037 0.433333 0.792593 0.034375
7 0.453704 0.504167 0.907407 0.070833
1 0.462037 0.504167 0.792593 0.034375
7 0.453704 0.639844 0.907407 0.200521
1 0.453704 0.633854 0.907407 0.070833
1 0.453704 0.704688 0.907407 0.070833
3 0.516204 0.089323 0.967593 0.054688
1 0.100926 0.089323 0.137037 0.054688
3 0.500000 0.357292 1.000000 0.444792
7 0.516204 0.253646 0.967593 0.201042
1 0.516204 0.217188 0.967593 0.072917
1 0.666204 0.290104 0.030556 0.072917
7 0.516204 0.588802 0.967593 0.432812
1 0.516204 0.407813 0.967593 0.070833
3 0.236111 0.519271 0.129630 0.058333
1 0.413889 0.509896 0.225926 0.096875
1 0.882870 0.483594 0.234259 0.044271
1 0.903704 0.527865 0.192593 0.044271
1 0.348611 0.611719 0.567593 0.029687
1 0.348611 0.648698 0.567593 0.044271
1 0.850463 0.611719 0.299074 0.029687
1 0.850463 0.648698 0.299074 0.044271
1 0.348611 0.724219 0.567593 0.029687
1 0.348611 0.761198 0.567593 0.044271
1 0.850463 0.724219 0.299074 0.029687
1 0.850463 0.761198 0.299074 0.044271
7 0.516204 0.911719 0.967593 0.176563
1 0.516204 0.858854 0.967593 0.070833
1 0.405556 0.920833 0.648148 0.053125
7 0.243519 0.978385 0.324074 0.043229
1 0.243519 0.978385 0.316667 0.043229
7 0.600000 0.978385 0.324074 0.043229
1 0.600000 0.978385 0.316667 0.043229
7 0.897222 0.978385 0.205556 0.043229
1 0.899074 0.978385 0.201852 0.043229