6 0.500000 0.098437 1.000000 0.109375
4 0.090741 0.094792 0.181481 0.102083
1 0.457407 0.098437 0.359259 0.038542
4 0.721296 0.098437 0.064815 0.036458
7 0.500000 0.234896 1.000000 0.163542
3 0.500000 0.234896 1.000000 0.163542
1 0.575463 0.158594 0.202778 0.010937
3 0.716204 0.158073 0.045370 0.009896
1 0.807407 0.158594 0.103704 0.010937
7 0.500000 0.521875 1.000000 0.410417
3 0.500000 0.521875 1.000000 0.410417
1 0.532407 0.521615 0.935185 0.047396
1 0.484722 0.559896 0.202778 0.029167
3 0.625463 0.559635 0.045370 0.027604
1 0.807407 0.559896 0.285185 0.029167
7 0.500000 0.863542 1.000000 0.272917
3 0.500000 0.863542 1.000000 0.272917
1 0.532407 0.932031 0.935185 0.047396
1 0.481019 0.970313 0.202778 0.029167
3 0.621759 0.970052 0.045370 0.027604
1 0.807407 0.970313 0.292593 0.029167