4 0.086111 0.080208 0.172222 0.072917
1 0.074074 0.075781 0.148148 0.064062
1 0.236111 0.075781 0.175926 0.064062
1 0.464815 0.075781 0.281481 0.064062
1 0.693519 0.075781 0.175926 0.064062
1 0.869444 0.075781 0.175926 0.064062
1 0.978704 0.075781 0.042593 0.064062
7 0.500000 0.301823 1.000000 0.370312
8 0.666204 0.455990 0.217593 0.018229
4 0.131481 0.335417 0.064815 0.036458
1 0.787037 0.163542 0.090741 0.034375
1 0.922685 0.157552 0.154630 0.053646
3 0.574074 0.335677 0.851852 0.273438
7 0.222222 0.642969 0.444444 0.311979
1 0.222222 0.784375 0.444444 0.029167
3 0.222222 0.633073 0.324074 0.273438
3 0.343519 0.519271 0.081481 0.045833
1 0.295833 0.748698 0.150926 0.027604
7 0.666667 0.642969 0.444444 0.311979
1 0.666667 0.784375 0.444444 0.029167
3 0.666667 0.633073 0.324074 0.273438
3 0.787963 0.519271 0.081481 0.045833
1 0.740278 0.748698 0.150926 0.027604
7 0.944444 0.642969 0.111111 0.311979
1 0.944444 0.784375 0.111111 0.029167
3 0.974537 0.633073 0.050926 0.273438
7 0.222222 0.899479 0.444444 0.201042
3 0.222222 0.904167 0.324074 0.191667
3 0.343519 0.831250 0.081481 0.045833
7 0.666667 0.899479 0.444444 0.201042
3 0.666667 0.904167 0.324074 0.191667
3 0.787963 0.831250 0.081481 0.045833
7 0.944444 0.899479 0.111111 0.201042
3 0.974537 0.904167 0.050926 0.191667