6 0.500000 0.094792 1.000000 0.102083
4 0.788889 0.094792 0.155556 0.087500
4 0.933333 0.094792 0.133333 0.087500
3 0.341667 0.254167 0.585185 0.093750
1 0.341667 0.325521 0.585185 0.048958
3 0.849537 0.254167 0.300926 0.093750
1 0.849537 0.325521 0.300926 0.048958
3 0.341667 0.501042 0.585185 0.093750
1 0.341667 0.572396 0.585185 0.048958
4 0.849537 0.501042 0.300926 0.093750
1 0.849537 0.572396 0.300926 0.048958
3 0.341667 0.747917 0.585185 0.093750
1 0.341667 0.819271 0.585185 0.048958
4 0.849537 0.747917 0.300926 0.093750
1 0.849537 0.819271 0.300926 0.048958
4 0.341667 0.973958 0.585185 0.052083
3 0.849537 0.973958 0.300926 0.052083