6 0.500000 0.094792 1.000000 0.102083
1 0.143056 0.094531 0.182407 0.048438
8 0.500000 0.392188 1.000000 0.492708
3 0.500000 0.337500 1.000000 0.383333
3 0.116667 0.583854 0.129630 0.072917
1 0.616667 0.567187 0.766667 0.039583
1 0.616667 0.603646 0.766667 0.033333
8 0.500000 0.656250 1.000000 0.028125
7 0.181019 0.754687 0.323148 0.146875
1 0.181019 0.803906 0.323148 0.029687
4 0.181019 0.735156 0.178704 0.100521
7 0.504167 0.754687 0.323148 0.146875
1 0.504167 0.803906 0.323148 0.029687
3 0.504167 0.735156 0.178704 0.100521
7 0.827315 0.754687 0.323148 0.146875
1 0.827315 0.803906 0.323148 0.029687
4 0.827315 0.735156 0.178704 0.100521
7 0.994444 0.754687 0.011111 0.146875
1 0.994444 0.803906 0.011111 0.029687
7 0.181019 0.910417 0.323148 0.146875
1 0.181019 0.959635 0.323148 0.029687
3 0.181019 0.890885 0.178704 0.100521
7 0.504167 0.910417 0.323148 0.146875
1 0.504167 0.959635 0.323148 0.029687
3 0.504167 0.890885 0.178704 0.100521
7 0.827315 0.910417 0.323148 0.146875
1 0.827315 0.959635 0.323148 0.029687
3 0.827315 0.890885 0.178704 0.100521
7 0.994444 0.910417 0.011111 0.146875
1 0.994444 0.959635 0.011111 0.029687
7 0.181019 0.996354 0.323148 0.007292
4 0.181019 0.998177 0.178704 0.003646
7 0.504167 0.996354 0.323148 0.007292
4 0.504167 0.998177 0.178704 0.003646