6 0.500000 0.126562 1.000000 0.165625
1 0.405093 0.091146 0.706481 0.036458
1 0.525926 0.152083 0.948148 0.056250
7 0.331019 0.302604 0.662037 0.182292
3 0.331019 0.302604 0.662037 0.182292
3 0.331019 0.302604 0.662037 0.182292
3 0.331019 0.302604 0.662037 0.182292
3 0.235185 0.302083 0.055556 0.031250
1 0.365278 0.302344 0.178704 0.039062
7 0.833333 0.302604 0.333333 0.182292
3 0.833333 0.302604 0.333333 0.182292
3 0.833333 0.302604 0.333333 0.182292
3 0.833333 0.302604 0.333333 0.182292
3 0.828704 0.302083 0.055556 0.031250
1 0.934722 0.302344 0.130556 0.039062
1 0.331019 0.489063 0.662037 0.182292
7 0.833333 0.489063 0.333333 0.182292
3 0.833333 0.489063 0.333333 0.182292
3 0.833333 0.489063 0.333333 0.182292
3 0.833333 0.489063 0.333333 0.182292
3 0.845833 0.488802 0.062037 0.034896
1 0.944907 0.488802 0.110185 0.039062
7 0.331019 0.675521 0.662037 0.182292
3 0.331019 0.675521 0.662037 0.182292
3 0.331019 0.675521 0.662037 0.182292
3 0.331019 0.675521 0.662037 0.182292
3 0.249074 0.675000 0.055556 0.031250
1 0.365278 0.675260 0.150926 0.039062
7 0.833333 0.675521 0.333333 0.182292
3 0.833333 0.675521 0.333333 0.182292
3 0.833333 0.675521 0.333333 0.182292
3 0.833333 0.675521 0.333333 0.182292
3 0.888426 0.675260 0.062037 0.034896
1 0.966204 0.675260 0.067593 0.039062
7 0.331019 0.861979 0.662037 0.182292
3 0.331019 0.861979 0.662037 0.182292
3 0.331019 0.861979 0.662037 0.182292
3 0.331019 0.861979 0.662037 0.182292
3 0.271759 0.861719 0.062037 0.034896
1 0.368519 0.861719 0.105556 0.039062
7 0.833333 0.861979 0.333333 0.182292
3 0.833333 0.861979 0.333333 0.182292
3 0.833333 0.861979 0.333333 0.182292
3 0.833333 0.861979 0.333333 0.182292
3 0.893056 0.861719 0.062037 0.034896
1 0.968519 0.861719 0.062963 0.039062
1 0.331019 0.978646 0.662037 0.042708
7 0.833333 0.978646 0.333333 0.042708
3 0.833333 0.978646 0.333333 0.042708
3 0.833333 0.978646 0.333333 0.042708
3 0.833333 0.978646 0.333333 0.042708