6 0.500000 0.087500 1.000000 0.087500
4 0.091667 0.087500 0.129630 0.087500
3 0.091667 0.087500 0.103704 0.058333
1 0.322222 0.087240 0.331481 0.044271
3 0.140278 0.706771 0.182407 0.036458
1 0.624074 0.706771 0.751852 0.034375
3 0.140278 0.800521 0.182407 0.036458
1 0.624074 0.800521 0.751852 0.034375
3 0.140278 0.894271 0.182407 0.036458
1 0.624074 0.894271 0.751852 0.034375
3 0.140278 0.984896 0.182407 0.030208
1 0.624074 0.985417 0.751852 0.029167
7 0.500000 0.328646 1.000000 0.190625
1 0.284259 0.389323 0.405556 0.032813
1 0.540741 0.303125 0.918519 0.103125
7 0.500000 0.513542 1.000000 0.123958
1 0.284259 0.538802 0.405556 0.032813
1 0.540741 0.486979 0.918519 0.034375
4 0.995833 0.537760 0.008333 0.025521
7 0.500000 0.681250 1.000000 0.156250
1 0.253704 0.724740 0.344444 0.032813
1 0.540741 0.655729 0.918519 0.068750
3 0.967130 0.723698 0.062037 0.025521
7 0.500000 0.865104 1.000000 0.156250
1 0.263426 0.908594 0.363889 0.032813
1 0.540741 0.839583 0.918519 0.068750
3 0.986574 0.907552 0.026852 0.025521
7 0.500000 0.985417 1.000000 0.029167
1 0.540741 0.994531 0.918519 0.010937
1 0.666667 0.172396 0.151852 0.060417