9 0.469907 0.500000 0.939815 1.000000
1 0.469907 0.156771 0.939815 0.313542
1 0.469907 0.375521 0.939815 0.087500
1 0.469907 0.463021 0.939815 0.087500
1 0.469907 0.550521 0.939815 0.087500
1 0.469907 0.638021 0.939815 0.087500
1 0.469907 0.725521 0.939815 0.087500
1 0.469907 0.813021 0.939815 0.087500
1 0.469907 0.900521 0.939815 0.087500
1 0.469907 0.972135 0.939815 0.055729
6 0.500000 0.094792 1.000000 0.102083
1 0.280556 0.094531 0.172222 0.040104
3 0.090741 0.094792 0.181481 0.102083
1 0.532407 0.225781 0.935185 0.086979
1 0.532407 0.289323 0.935185 0.025521
3 0.500000 0.506250 1.000000 0.335417