3 0.500000 0.521875 1.000000 0.956250
3 0.162037 0.166927 0.324074 0.061979
1 0.763426 0.166927 0.463889 0.064062
3 0.530093 0.375260 0.162037 0.091146
1 0.404167 0.454427 0.293519 0.039062
1 0.596759 0.454427 0.091667 0.039062
1 0.820370 0.454427 0.281481 0.039062
1 0.980556 0.454427 0.038889 0.039062
1 0.378704 0.493490 0.309259 0.039062
1 0.579167 0.493490 0.091667 0.039062
1 0.748611 0.493490 0.173148 0.039062
1 0.917593 0.493490 0.164815 0.039062
1 0.688426 0.353125 0.154630 0.052083
1 0.747222 0.401302 0.272222 0.044271
1 0.402315 0.501302 0.739815 0.054688
3 0.823611 0.501302 0.102778 0.054688
1 0.387037 0.501302 0.709259 0.054688
3 0.808333 0.501302 0.133333 0.054688
3 0.453704 0.705729 0.842593 0.316667
1 0.402315 0.501302 0.739815 0.054688
4 0.823611 0.501302 0.102778 0.054688
3 0.453704 0.705729 0.842593 0.316667
1 0.402315 0.501302 0.739815 0.054688
3 0.823611 0.501302 0.102778 0.054688
1 0.402315 0.501302 0.739815 0.054688
4 0.823611 0.501302 0.102778 0.054688
1 0.402315 0.501302 0.739815 0.054688
4 0.823611 0.501302 0.102778 0.054688
1 0.402315 0.501302 0.739815 0.054688
4 0.823611 0.501302 0.102778 0.054688
1 0.402315 0.501302 0.739815 0.054688
4 0.823611 0.501302 0.102778 0.054688
3 0.453704 0.705729 0.842593 0.316667
3 0.453704 0.705729 0.842593 0.316667
1 0.453704 0.568229 0.842593 0.041667
3 0.453704 0.726562 0.842593 0.275000
1 0.453704 0.569010 0.842593 0.043229
3 0.453704 0.727344 0.842593 0.273438
4 0.146296 0.834635 0.194444 0.040104
1 0.236574 0.593490 0.408333 0.059896
3 0.236111 0.678125 0.194444 0.109375
1 0.236574 0.761458 0.395370 0.050000
1 0.236574 0.818750 0.395370 0.050000
1 0.670833 0.593490 0.408333 0.059896
3 0.670370 0.678125 0.194444 0.109375
1 0.670833 0.761458 0.395370 0.050000
1 0.670833 0.818750 0.395370 0.050000
1 0.236574 0.593490 0.408333 0.059896
3 0.236111 0.678125 0.194444 0.109375
1 0.236574 0.761458 0.395370 0.050000
1 0.236574 0.818750 0.395370 0.050000
1 0.670833 0.593490 0.408333 0.059896
3 0.670370 0.678125 0.194444 0.109375
1 0.670833 0.761458 0.395370 0.050000
1 0.670833 0.818750 0.395370 0.050000
3 0.084259 0.229687 0.103704 0.058333
1 0.568056 0.234375 0.863889 0.067708
4 0.084259 0.299479 0.103704 0.058333
1 0.568056 0.304167 0.863889 0.067708
3 0.440741 0.420052 0.518519 0.164062
4 0.440278 0.420052 0.086111 0.048438