6 0.500000 0.094792 1.000000 0.102083
1 0.299537 0.094792 0.210185 0.039583
4 0.090741 0.094792 0.181481 0.102083
1 0.982870 0.094792 0.034259 0.087500
9 0.500000 0.521875 1.000000 0.956250
9 0.500000 0.189844 1.000000 0.088021
1 0.125000 0.189844 0.250000 0.088021
1 0.512963 0.189844 0.525926 0.088021
1 0.887963 0.189844 0.224074 0.088021
7 0.324074 0.183333 0.648148 0.075000
1 0.335648 0.183333 0.625000 0.075000
7 0.324074 0.260417 0.648148 0.075000
4 0.063889 0.260417 0.081481 0.045833
1 0.387963 0.260417 0.520370 0.075000
7 0.324074 0.337500 0.648148 0.075000
4 0.063889 0.337500 0.081481 0.045833
1 0.387963 0.337500 0.520370 0.075000
7 0.324074 0.414583 0.648148 0.075000
4 0.063889 0.414583 0.081481 0.045833
1 0.387963 0.414583 0.520370 0.075000
1 0.324074 0.491667 0.648148 0.075000
7 0.324074 0.568750 0.648148 0.075000
3 0.063889 0.568750 0.081481 0.045833
1 0.387963 0.568750 0.520370 0.075000
7 0.324074 0.645833 0.648148 0.075000
4 0.063889 0.645833 0.081481 0.045833
1 0.387963 0.645833 0.520370 0.075000
7 0.324074 0.722917 0.648148 0.075000
1 0.335648 0.722917 0.625000 0.075000
7 0.324074 0.800000 0.648148 0.075000
4 0.063889 0.800000 0.081481 0.045833
1 0.387963 0.800000 0.520370 0.075000
7 0.324074 0.877083 0.648148 0.075000
4 0.063889 0.877083 0.081481 0.045833
1 0.387963 0.877083 0.520370 0.075000
1 0.324074 0.954167 0.648148 0.075000
7 0.500000 0.456771 1.000000 0.445833
7 0.500000 0.456771 1.000000 0.445833
8 0.500000 0.657552 1.000000 0.044271
3 0.032407 0.456771 0.064815 0.445833
3 0.500000 0.456771 1.000000 0.445833
1 0.500000 0.706771 1.000000 0.046875
7 0.500000 0.866927 1.000000 0.266146
3 0.500000 0.866927 1.000000 0.266146