6 0.500000 0.094792 1.000000 0.102083
1 0.344907 0.094792 0.300926 0.039583
4 0.090741 0.094792 0.181481 0.102083
1 0.982870 0.094792 0.034259 0.087500
9 0.500000 0.521875 1.000000 0.956250
1 0.165278 0.178385 0.330556 0.065104
1 0.499537 0.178385 0.330556 0.065104
1 0.833796 0.178385 0.330556 0.065104
7 0.324074 0.183333 0.648148 0.075000
1 0.335648 0.183333 0.625000 0.075000
7 0.324074 0.260417 0.648148 0.075000
4 0.063889 0.260417 0.081481 0.045833
1 0.387963 0.260417 0.520370 0.075000
7 0.324074 0.337500 0.648148 0.075000
4 0.063889 0.337500 0.081481 0.045833
1 0.387963 0.337500 0.520370 0.075000
7 0.324074 0.414583 0.648148 0.075000
4 0.063889 0.414583 0.081481 0.045833
1 0.387963 0.414583 0.520370 0.075000
1 0.324074 0.491667 0.648148 0.075000
7 0.324074 0.568750 0.648148 0.075000
3 0.063889 0.568750 0.081481 0.045833
1 0.387963 0.568750 0.520370 0.075000
7 0.324074 0.645833 0.648148 0.075000
3 0.063889 0.645833 0.081481 0.045833
1 0.387963 0.645833 0.520370 0.075000
7 0.324074 0.722917 0.648148 0.075000
1 0.335648 0.722917 0.625000 0.075000
7 0.324074 0.800000 0.648148 0.075000
4 0.063889 0.800000 0.081481 0.045833
1 0.387963 0.800000 0.520370 0.075000
7 0.324074 0.877083 0.648148 0.075000
4 0.063889 0.877083 0.081481 0.045833
1 0.387963 0.877083 0.520370 0.075000
1 0.324074 0.954167 0.648148 0.075000
7 0.237500 0.371354 0.428704 0.302083
3 0.237037 0.341667 0.324074 0.242708
1 0.237037 0.477865 0.324074 0.029687
1 0.237037 0.507552 0.324074 0.029687
7 0.666204 0.371354 0.428704 0.302083
3 0.665741 0.341667 0.324074 0.242708
1 0.665741 0.477865 0.324074 0.029687
1 0.665741 0.507552 0.324074 0.029687
7 0.940278 0.371354 0.119444 0.302083
3 0.966204 0.341667 0.067593 0.242708
1 0.966204 0.477865 0.067593 0.029687
1 0.966204 0.507552 0.067593 0.029687
7 0.237500 0.691667 0.428704 0.302083
3 0.237037 0.661979 0.324074 0.242708
1 0.237037 0.798177 0.324074 0.029687
1 0.237037 0.827865 0.324074 0.029687
7 0.666204 0.691667 0.428704 0.302083
3 0.665741 0.661979 0.324074 0.242708
1 0.665741 0.798177 0.324074 0.029687
1 0.665741 0.827865 0.324074 0.029687
7 0.940278 0.691667 0.119444 0.302083
3 0.966204 0.661979 0.067593 0.242708
1 0.966204 0.798177 0.067593 0.029687
1 0.966204 0.827865 0.067593 0.029687
7 0.237500 0.930469 0.428704 0.139063
3 0.237037 0.930469 0.324074 0.139063
7 0.666204 0.930469 0.428704 0.139063
3 0.665741 0.930469 0.324074 0.139063
7 0.940278 0.930469 0.119444 0.139063
3 0.966204 0.930469 0.067593 0.139063