1 0.568519 0.116406 0.862963 0.053646
1 0.558796 0.232292 0.882407 0.034375
1 0.575000 0.266667 0.850000 0.034375
1 0.575000 0.301042 0.850000 0.034375
1 0.575000 0.335417 0.850000 0.034375
1 0.575000 0.369792 0.850000 0.034375
1 0.575000 0.404167 0.850000 0.034375
1 0.575000 0.438542 0.850000 0.034375
1 0.558796 0.491146 0.882407 0.034375
1 0.575000 0.525521 0.850000 0.034375
1 0.575000 0.559896 0.850000 0.034375
1 0.575000 0.594271 0.850000 0.034375
1 0.575000 0.628646 0.850000 0.034375
1 0.575000 0.663021 0.850000 0.034375
1 0.575000 0.712240 0.850000 0.064062
1 0.575000 0.761458 0.850000 0.034375
1 0.558796 0.814063 0.882407 0.034375
1 0.575000 0.863281 0.850000 0.064062
1 0.575000 0.927344 0.850000 0.064062
1 0.575000 0.976562 0.850000 0.034375
1 0.575000 0.996875 0.850000 0.006250