3 0.574074 0.089323 0.851852 0.091146
1 0.417593 0.241406 0.368519 0.044271
1 0.865741 0.241406 0.268519 0.044271
1 0.417593 0.352344 0.368519 0.177604
1 0.865741 0.352344 0.268519 0.177604
1 0.417593 0.463281 0.368519 0.044271
1 0.865741 0.463281 0.268519 0.044271
1 0.417593 0.574219 0.368519 0.177604
1 0.865741 0.574219 0.268519 0.177604
1 0.417593 0.685156 0.368519 0.044271
1 0.865741 0.685156 0.268519 0.044271
1 0.417593 0.796094 0.368519 0.177604
1 0.865741 0.796094 0.268519 0.177604
1 0.417593 0.907031 0.368519 0.044271
1 0.865741 0.907031 0.268519 0.044271
1 0.417593 0.964583 0.368519 0.070833
1 0.865741 0.964583 0.268519 0.070833