6 0.500000 0.138542 1.000000 0.189583
1 0.430093 0.094531 0.160185 0.048438
4 0.090741 0.094792 0.181481 0.102083
4 0.259259 0.094792 0.155556 0.087500
1 0.224537 0.189583 0.441667 0.087500
1 0.669907 0.189583 0.441667 0.087500
1 0.947222 0.189583 0.105556 0.087500
1 0.551852 0.328646 0.896296 0.073958
7 0.551852 0.484115 0.896296 0.164062
3 0.249537 0.484115 0.291667 0.164062
1 0.697685 0.426563 0.604630 0.048958
1 0.697685 0.478646 0.604630 0.055208
7 0.551852 0.650260 0.896296 0.164062
3 0.249537 0.650260 0.291667 0.164062
1 0.697685 0.592708 0.604630 0.048958
1 0.697685 0.644792 0.604630 0.055208
7 0.551852 0.816406 0.896296 0.164062
3 0.249537 0.816406 0.291667 0.164062
1 0.697685 0.758854 0.604630 0.048958
1 0.697685 0.798177 0.604630 0.029687
7 0.551852 0.950260 0.896296 0.099479
3 0.249537 0.950260 0.291667 0.099479
1 0.697685 0.925000 0.604630 0.048958
1 0.697685 0.964323 0.604630 0.029687