1 0.621759 0.079687 0.756481 0.108333
1 0.666667 0.194010 0.535185 0.095312
3 0.666667 0.622917 0.479630 0.269792
3 0.666204 0.425260 0.186111 0.104688
3 0.666204 0.820573 0.186111 0.104688
3 0.281944 0.600260 0.252778 0.142187
1 0.281944 0.694010 0.202778 0.045312
3 0.446759 0.361198 0.252778 0.142187
1 0.446759 0.454948 0.115741 0.045312
4 0.879630 0.361198 0.240741 0.142187
1 0.885185 0.454948 0.107407 0.045312
3 0.962500 0.600260 0.075000 0.142187
1 0.980556 0.694010 0.038889 0.045312
3 0.879630 0.839323 0.240741 0.142187
1 0.885185 0.933073 0.161111 0.045312
3 0.446759 0.839323 0.252778 0.142187
1 0.446296 0.933073 0.250000 0.045312