6 0.500000 0.087500 1.000000 0.087500
3 0.061574 0.087240 0.123148 0.069271
3 0.517130 0.087500 0.965741 0.087500
1 0.500000 0.087500 1.000000 0.046875
7 0.500000 0.416146 1.000000 0.569792
3 0.500000 0.342708 1.000000 0.421875
1 0.510185 0.596094 0.979630 0.060937
1 0.515278 0.656510 0.969444 0.036979
7 0.500000 0.767708 1.000000 0.133333
3 0.412963 0.760417 0.638889 0.118750
3 0.950463 0.769792 0.099074 0.084375
7 0.500000 0.917188 1.000000 0.165625
3 0.220370 0.909896 0.388889 0.144792
1 0.723611 0.909635 0.552778 0.101562