1 0.145370 0.102083 0.290741 0.116667
3 0.444907 0.102083 0.178704 0.080208
7 0.500000 0.277865 1.000000 0.096354
1 0.197685 0.277865 0.395370 0.096354
7 0.500000 0.374219 1.000000 0.096354
1 0.113889 0.374219 0.227778 0.096354
3 0.952778 0.374219 0.094444 0.018229
7 0.500000 0.470573 1.000000 0.096354
1 0.190278 0.470573 0.380556 0.096354
7 0.500000 0.566927 1.000000 0.096354
1 0.127778 0.566927 0.255556 0.096354
3 0.952778 0.566927 0.094444 0.018229
7 0.500000 0.663281 1.000000 0.096354
1 0.237037 0.663281 0.474074 0.096354
3 0.952778 0.663281 0.094444 0.018229
7 0.500000 0.759635 1.000000 0.096354
1 0.153241 0.759635 0.306481 0.096354
3 0.952778 0.759635 0.094444 0.018229
7 0.500000 0.855990 1.000000 0.096354
1 0.125000 0.855990 0.250000 0.096354
7 0.500000 0.952083 1.000000 0.095833
1 0.152315 0.952083 0.304630 0.095833