6 0.500000 0.087500 1.000000 0.087500
2 0.586574 0.087500 0.826852 0.061458
4 0.025926 0.087500 0.051852 0.029167
3 0.091667 0.087500 0.103704 0.058333
7 0.500000 0.087500 1.000000 0.087500
3 0.500000 0.167708 1.000000 0.072917
1 0.500000 0.274479 1.000000 0.140625
7 0.500000 0.429427 1.000000 0.169271
1 0.516204 0.383594 0.967593 0.032813
1 0.516204 0.438802 0.967593 0.032813
7 0.500000 0.646615 1.000000 0.265104
1 0.516204 0.646615 0.967593 0.265104
7 0.500000 0.889583 1.000000 0.220833
1 0.516204 0.889583 0.967593 0.220833