6 0.500000 0.094792 1.000000 0.102083
1 0.274537 0.094531 0.445370 0.048438
7 0.510185 0.209896 0.979630 0.105208
3 0.072222 0.204687 0.103704 0.058333
1 0.331019 0.197656 0.349074 0.044271
1 0.449074 0.232031 0.585185 0.024479
7 0.510185 0.317188 0.979630 0.105208
3 0.072222 0.311979 0.103704 0.058333
1 0.335648 0.304948 0.358333 0.044271
1 0.458796 0.339323 0.604630 0.024479
7 0.510185 0.424479 0.979630 0.105208
3 0.072222 0.419271 0.103704 0.058333
1 0.344907 0.412240 0.376852 0.044271
1 0.493981 0.446615 0.675000 0.024479
7 0.510185 0.531771 0.979630 0.105208
3 0.072222 0.526563 0.103704 0.058333
1 0.425000 0.519531 0.537037 0.044271
1 0.488889 0.553906 0.664815 0.024479
7 0.510185 0.639062 0.979630 0.105208
3 0.072222 0.633854 0.103704 0.058333
1 0.402778 0.626823 0.492593 0.044271
1 0.501852 0.661198 0.690741 0.024479
7 0.510185 0.701042 0.979630 0.014583
7 0.510185 0.757812 0.979630 0.094792
3 0.072222 0.757812 0.103704 0.058333
1 0.456019 0.750781 0.599074 0.044271
7 0.510185 0.854688 0.979630 0.094792
3 0.072222 0.854688 0.103704 0.058333
1 0.343981 0.847656 0.375000 0.044271
7 0.510185 0.951562 0.979630 0.094792
3 0.072222 0.951562 0.103704 0.058333
1 0.378241 0.944531 0.443519 0.044271