8 0.500000 0.169010 1.000000 0.068229
4 0.061574 0.089323 0.071296 0.054688
4 0.132870 0.089063 0.071296 0.060417
3 0.049074 0.230729 0.064815 0.036458
1 0.112037 0.230990 0.027778 0.036979
2 0.500000 0.553385 1.000000 0.060937
1 0.221296 0.805990 0.442593 0.054688
3 0.220833 0.860677 0.097222 0.054688
1 0.667130 0.805990 0.441667 0.054688
3 0.667130 0.860677 0.097222 0.054688
1 0.945833 0.805990 0.108333 0.054688
1 0.221296 0.981510 0.442593 0.036979
1 0.667130 0.981510 0.441667 0.036979
1 0.945833 0.981510 0.108333 0.036979
3 0.642130 0.459115 0.226852 0.127604