6 0.500000 0.096615 1.000000 0.105729
1 0.384722 0.096615 0.302778 0.048438
4 0.090741 0.094792 0.181481 0.102083
7 0.339815 0.402865 0.653704 0.506771
8 0.339815 0.402865 0.627778 0.492188
3 0.339815 0.323698 0.627778 0.333854
1 0.339815 0.542188 0.550000 0.073958
4 0.585648 0.606771 0.058333 0.055208
7 0.833333 0.402865 0.333333 0.506771
8 0.839815 0.402865 0.320370 0.492188
3 0.839815 0.323698 0.320370 0.333854
1 0.859259 0.542188 0.281481 0.073958
1 0.859259 0.606771 0.281481 0.055208
7 0.339815 0.828125 0.653704 0.343750
8 0.339815 0.831771 0.627778 0.336458
3 0.339815 0.830469 0.627778 0.333854