6 0.500000 0.096615 1.000000 0.105729
1 0.422222 0.096615 0.377778 0.048438
4 0.090741 0.094792 0.181481 0.102083
7 0.500000 0.201042 1.000000 0.103125
1 0.250926 0.202865 0.501852 0.099479
7 0.500000 0.283333 1.000000 0.061458
1 0.500000 0.283333 1.000000 0.061458
7 0.500000 0.344792 1.000000 0.061458
1 0.500000 0.344792 1.000000 0.061458
7 0.500000 0.406250 1.000000 0.061458
1 0.500000 0.406250 1.000000 0.061458
7 0.500000 0.467708 1.000000 0.061458
1 0.500000 0.467708 1.000000 0.061458
7 0.500000 0.529167 1.000000 0.061458
1 0.500000 0.529167 1.000000 0.061458
7 0.500000 0.607812 1.000000 0.095833
1 0.500000 0.607812 1.000000 0.095833
7 0.500000 0.715625 1.000000 0.119792
1 0.500000 0.725781 1.000000 0.099479
7 0.500000 0.823438 1.000000 0.095833
1 0.500000 0.823438 1.000000 0.095833
7 0.500000 0.902083 1.000000 0.061458
1 0.500000 0.902083 1.000000 0.061458
7 0.500000 0.966406 1.000000 0.067187
1 0.500000 0.966406 1.000000 0.067187