6 0.500000 0.087500 1.000000 0.087500
4 0.879630 0.087500 0.181481 0.087500
3 0.091667 0.087500 0.103704 0.058333
1 0.388426 0.087240 0.463889 0.044271
1 0.667130 0.160417 0.180556 0.039583
1 0.335185 0.251302 0.662963 0.127604
1 0.833333 0.251302 0.333333 0.127604
1 0.335185 0.378906 0.662963 0.127604
1 0.833333 0.378906 0.333333 0.127604
1 0.335185 0.506510 0.662963 0.127604
1 0.833333 0.506510 0.333333 0.127604
1 0.335185 0.634115 0.662963 0.127604
1 0.833333 0.634115 0.333333 0.127604
1 0.335185 0.761719 0.662963 0.127604
1 0.833333 0.761719 0.333333 0.127604
1 0.335185 0.889323 0.662963 0.127604
1 0.833333 0.889323 0.333333 0.127604
1 0.335185 0.976562 0.662963 0.046875
1 0.833333 0.976562 0.333333 0.046875