6 0.500000 0.094792 1.000000 0.102083
1 0.360185 0.094531 0.253704 0.048438
4 0.090741 0.094792 0.181481 0.102083
9 0.500000 0.572917 1.000000 0.854167
7 0.500000 0.172656 1.000000 0.053646
8 0.500000 0.172656 1.000000 0.053646
1 0.451852 0.163542 0.838889 0.035417
7 0.500000 0.275000 1.000000 0.151042
8 0.500000 0.275000 1.000000 0.151042
1 0.516204 0.275000 0.967593 0.114583
7 0.500000 0.426042 1.000000 0.151042
8 0.500000 0.426042 1.000000 0.151042
1 0.516204 0.426042 0.967593 0.114583
7 0.500000 0.550260 1.000000 0.097396
8 0.500000 0.550260 1.000000 0.097396
1 0.516204 0.550260 0.967593 0.060937
7 0.500000 0.820312 1.000000 0.151042
8 0.500000 0.820312 1.000000 0.151042
1 0.516204 0.820312 0.967593 0.114583
7 0.500000 0.944531 1.000000 0.097396
8 0.500000 0.944531 1.000000 0.097396
1 0.516204 0.944531 0.967593 0.060937
7 0.500000 0.996615 1.000000 0.006771
8 0.500000 0.996615 1.000000 0.006771