6 0.500000 0.086198 1.000000 0.084896
1 0.249074 0.085156 0.498148 0.082812
7 0.500000 0.184375 1.000000 0.111458
1 0.509722 0.178906 0.980556 0.043229
7 0.500000 0.299479 1.000000 0.116667
1 0.509722 0.296615 0.980556 0.043229
7 0.500000 0.417187 1.000000 0.116667
1 0.509722 0.414323 0.980556 0.043229
7 0.500000 0.534896 1.000000 0.116667
1 0.509722 0.532031 0.980556 0.043229
7 0.500000 0.652604 1.000000 0.116667
1 0.509722 0.649740 0.980556 0.043229
7 0.500000 0.770312 1.000000 0.116667
1 0.509722 0.767448 0.980556 0.043229
7 0.500000 0.888021 1.000000 0.116667
1 0.509722 0.885156 0.980556 0.043229
7 0.500000 0.973698 1.000000 0.052604
1 0.509722 0.990625 0.980556 0.018750