9 0.453704 0.500000 0.907407 1.000000
7 0.453704 0.127604 0.907407 0.255208
4 0.110185 0.193229 0.155556 0.087500
1 0.415741 0.192969 0.390741 0.044271
7 0.453704 0.289323 0.907407 0.069271
4 0.061574 0.289323 0.123148 0.069271
1 0.515278 0.289062 0.784259 0.034375
7 0.453704 0.358073 0.907407 0.069271
4 0.061574 0.358073 0.123148 0.069271
1 0.515278 0.357812 0.784259 0.034375
1 0.453704 0.471615 0.907407 0.158854
7 0.453704 0.585156 0.907407 0.069271
4 0.061574 0.585156 0.123148 0.069271
1 0.515278 0.584896 0.784259 0.034375
7 0.453704 0.653906 0.907407 0.069271
4 0.061574 0.653906 0.123148 0.069271
1 0.515278 0.636458 0.784259 0.034375
1 0.515278 0.668490 0.784259 0.029687
7 0.453704 0.723177 0.907407 0.069271
4 0.061574 0.723177 0.123148 0.069271
1 0.515278 0.722917 0.784259 0.034375
7 0.453704 0.791927 0.907407 0.069271
4 0.061574 0.791927 0.123148 0.069271
1 0.515278 0.791667 0.784259 0.034375
7 0.453704 0.860677 0.907407 0.069271
4 0.061574 0.860677 0.123148 0.069271
1 0.515278 0.860417 0.784259 0.034375
7 0.453704 0.929427 0.907407 0.069271
3 0.061574 0.929427 0.123148 0.069271
1 0.515278 0.929167 0.784259 0.034375
6 0.500000 0.094792 1.000000 0.102083
1 0.450926 0.094531 0.435185 0.048438
3 0.090741 0.094792 0.181481 0.102083
4 0.933333 0.094792 0.133333 0.087500
3 0.075000 0.968229 0.103704 0.058333
2 0.084259 0.200521 0.155556 0.087500
1 0.581019 0.204167 0.837963 0.087500