3 0.666204 0.134115 0.071296 0.013021
3 0.606481 0.304167 0.787037 0.301042
3 0.548611 0.301302 0.902778 0.295312
3 0.548611 0.230729 0.902778 0.154167
4 0.313426 0.210156 0.136111 0.076563
4 0.666204 0.510156 0.304630 0.115104
3 0.666204 0.510156 0.304630 0.115104
3 0.362963 0.510156 0.301852 0.115104
3 0.909259 0.510156 0.181481 0.115104
3 0.589352 0.544792 0.821296 0.045833
3 0.306944 0.645312 0.226852 0.118750
3 0.546759 0.645312 0.226852 0.118750
4 0.786574 0.645312 0.226852 0.118750
4 0.956481 0.645312 0.087037 0.118750
4 0.306944 0.764062 0.226852 0.118750
3 0.546759 0.764062 0.226852 0.118750
3 0.786574 0.764062 0.226852 0.118750
3 0.956481 0.764062 0.087037 0.118750
4 0.306944 0.882812 0.226852 0.118750
4 0.546759 0.882812 0.226852 0.118750
4 0.786574 0.882812 0.226852 0.118750
4 0.956481 0.882812 0.087037 0.118750
4 0.306944 0.971094 0.226852 0.057813
4 0.546759 0.971094 0.226852 0.057813
4 0.786574 0.971094 0.226852 0.057813
4 0.956481 0.971094 0.087037 0.057813