7 0.333333 0.107292 0.666667 0.127083
3 0.339815 0.063542 0.627778 0.039583
1 0.268519 0.123438 0.485185 0.039583
4 0.582407 0.123438 0.142593 0.080208
7 0.833333 0.107292 0.333333 0.127083
3 0.839815 0.063542 0.320370 0.039583
1 0.839815 0.123438 0.320370 0.039583
7 0.333333 0.350000 0.666667 0.358333
3 0.339815 0.309896 0.627778 0.263542
1 0.268519 0.481771 0.485185 0.039583
4 0.582407 0.481771 0.142593 0.080208
7 0.833333 0.350000 0.333333 0.358333
3 0.839815 0.309896 0.320370 0.263542
1 0.839815 0.481771 0.320370 0.039583
7 0.333333 0.708333 0.666667 0.358333
3 0.339815 0.668229 0.627778 0.263542
1 0.268519 0.840104 0.485185 0.039583
4 0.582407 0.840104 0.142593 0.080208
7 0.833333 0.708333 0.333333 0.358333
3 0.839815 0.668229 0.320370 0.263542
1 0.839815 0.840104 0.320370 0.039583
7 0.333333 0.943750 0.666667 0.112500
3 0.339815 0.947396 0.627778 0.105208
7 0.833333 0.943750 0.333333 0.112500
3 0.839815 0.947396 0.320370 0.105208