6 0.500000 0.094792 1.000000 0.102083
1 0.237500 0.094531 0.371296 0.048438
7 0.500000 0.158333 1.000000 0.025000
7 0.500000 0.239063 1.000000 0.132292
1 0.145370 0.221875 0.187037 0.039583
1 0.182870 0.258854 0.262037 0.034375
7 0.500000 0.373437 1.000000 0.132292
1 0.262037 0.356250 0.420370 0.039583
1 0.314352 0.393229 0.525000 0.034375
7 0.500000 0.507812 1.000000 0.132292
1 0.197685 0.490625 0.291667 0.039583
1 0.236574 0.527604 0.369444 0.034375
7 0.500000 0.642188 1.000000 0.132292
1 0.168056 0.625000 0.232407 0.039583
1 0.239815 0.661979 0.375926 0.034375
7 0.500000 0.776563 1.000000 0.132292
1 0.137037 0.759375 0.170370 0.039583
1 0.303241 0.796354 0.502778 0.034375
7 0.500000 0.910937 1.000000 0.132292
1 0.202315 0.893750 0.300926 0.039583
1 0.277315 0.930729 0.450926 0.034375
7 0.500000 0.989583 1.000000 0.020833