6 0.500000 0.094792 1.000000 0.102083
4 0.090741 0.094792 0.181481 0.102083
1 0.450463 0.094531 0.434259 0.048438
9 0.500000 0.500000 1.000000 1.000000
7 0.453704 0.175260 0.907407 0.058854
1 0.105093 0.175260 0.210185 0.029687
7 0.453704 0.245833 0.907407 0.083333
1 0.453704 0.245833 0.907407 0.083333
7 0.453704 0.316406 0.907407 0.058854
1 0.162963 0.316406 0.325926 0.029687
7 0.453704 0.386979 0.907407 0.083333
1 0.453704 0.386979 0.907407 0.083333
7 0.453704 0.469792 0.907407 0.083333
1 0.453704 0.469792 0.907407 0.083333
7 0.453704 0.540365 0.907407 0.058854
1 0.081019 0.540365 0.162037 0.029687
7 0.453704 0.610938 0.907407 0.083333
1 0.453704 0.610938 0.907407 0.083333
7 0.453704 0.693750 0.907407 0.083333
1 0.453704 0.693750 0.907407 0.083333
7 0.453704 0.776563 0.907407 0.083333
1 0.453704 0.776563 0.907407 0.083333
7 0.453704 0.859375 0.907407 0.083333
1 0.453704 0.859375 0.907407 0.083333
7 0.453704 0.929948 0.907407 0.058854
1 0.103241 0.929948 0.206481 0.029687
7 0.453704 0.979427 0.907407 0.041146
1 0.453704 0.979427 0.907407 0.041146
8 0.507870 0.431510 0.984259 0.553646
1 0.529630 0.221875 0.940741 0.082292
3 0.513426 0.618490 0.973148 0.164062
3 0.513426 0.408854 0.973148 0.255208
1 0.315278 0.572917 0.512037 0.043750
3 0.184722 0.656771 0.315741 0.087500
3 0.184722 0.656510 0.097222 0.054688
3 0.500463 0.656771 0.315741 0.087500
3 0.500463 0.656510 0.097222 0.054688
3 0.816204 0.656771 0.315741 0.087500
3 0.816204 0.656510 0.097222 0.054688
4 0.987037 0.656771 0.025926 0.087500
1 0.863426 0.572656 0.130556 0.040104
1 0.972685 0.572656 0.054630 0.040104
8 0.507870 0.855208 0.984259 0.289583
1 0.529630 0.796615 0.940741 0.120313
1 0.116204 0.905208 0.178704 0.060417
3 0.513426 0.972396 0.973148 0.055208
3 0.500000 0.072917 1.000000 0.145833