6 0.500000 0.094792 1.000000 0.102083
3 0.476389 0.094531 0.486111 0.063021
4 0.090741 0.094792 0.181481 0.102083
9 0.500000 0.189583 1.000000 0.087500
4 0.135185 0.189583 0.090741 0.051042
1 0.267130 0.189323 0.173148 0.029687
4 0.562037 0.189583 0.090741 0.051042
1 0.712037 0.189323 0.209259 0.029687
3 0.981481 0.189583 0.037037 0.051042
1 0.332407 0.277604 0.664815 0.087500
1 0.834259 0.277604 0.331481 0.087500
7 0.500000 0.363542 1.000000 0.083333
4 0.081481 0.363542 0.077778 0.043750
1 0.282870 0.363542 0.291667 0.034375
1 0.909259 0.363542 0.181481 0.034375
7 0.500000 0.446875 1.000000 0.083333
4 0.081481 0.446875 0.077778 0.043750
1 0.315278 0.446875 0.356481 0.034375
7 0.500000 0.532813 1.000000 0.088542
1 0.172685 0.532813 0.345370 0.087500
1 0.672685 0.532813 0.654630 0.034375
3 0.222222 0.532813 0.155556 0.087500
7 0.500000 0.621354 1.000000 0.088542
1 0.636111 0.621354 0.727778 0.034375
3 0.222222 0.621354 0.155556 0.087500
4 0.075000 0.621354 0.103704 0.058333
1 0.187963 0.621354 0.122222 0.034375
7 0.500000 0.709896 1.000000 0.088542
1 0.640278 0.709896 0.719444 0.034375
3 0.222222 0.709896 0.155556 0.087500
4 0.075000 0.709896 0.103704 0.058333
1 0.192130 0.709896 0.130556 0.034375