1 0.405093 0.080469 0.810185 0.073438
7 0.405093 0.164844 0.810185 0.091146
3 0.081019 0.164844 0.097222 0.054688
1 0.322222 0.164583 0.351852 0.068750
7 0.405093 0.258073 0.810185 0.091146
4 0.081019 0.258073 0.097222 0.054688
1 0.335185 0.257812 0.377778 0.068750
1 0.405093 0.342448 0.810185 0.073438
7 0.405093 0.426823 0.810185 0.091146
4 0.081019 0.426823 0.097222 0.054688
1 0.246296 0.426563 0.200000 0.068750
7 0.405093 0.520052 0.810185 0.091146
3 0.081019 0.520052 0.097222 0.054688
1 0.274074 0.519792 0.255556 0.068750
7 0.405093 0.613281 0.810185 0.091146
4 0.081019 0.613281 0.097222 0.054688
1 0.262037 0.613021 0.231481 0.068750
7 0.405093 0.706510 0.810185 0.091146
3 0.081019 0.706510 0.097222 0.054688
1 0.270370 0.706250 0.248148 0.068750
1 0.405093 0.790885 0.810185 0.073438
7 0.405093 0.875260 0.810185 0.091146
4 0.081019 0.875260 0.097222 0.054688
1 0.225463 0.875000 0.158333 0.068750
7 0.405093 0.961458 0.810185 0.077083
3 0.081019 0.968490 0.097222 0.054688
1 0.364815 0.966927 0.437037 0.066146
4 0.884722 0.093750 0.149074 0.100000
1 0.905093 0.093750 0.189815 0.100000
1 0.931019 0.459635 0.137963 0.098437
1 0.931019 0.297135 0.137963 0.039062
1 0.931019 0.297135 0.137963 0.039062
1 0.931019 0.354427 0.137963 0.039062
1 0.931019 0.354427 0.137963 0.039062