7 0.508796 0.209375 0.982407 0.109375
1 0.090278 0.234375 0.067593 0.028125
1 0.143981 0.195052 0.175000 0.050521
7 0.508796 0.318750 0.982407 0.109375
1 0.090278 0.343750 0.067593 0.028125
1 0.227778 0.304427 0.342593 0.050521
7 0.508796 0.428125 0.982407 0.109375
1 0.129630 0.453125 0.146296 0.028125
1 0.209259 0.413802 0.305556 0.050521
7 0.508796 0.537500 0.982407 0.109375
1 0.112963 0.562500 0.112963 0.028125
1 0.187500 0.523177 0.262037 0.050521
7 0.508796 0.646875 0.982407 0.109375
1 0.169907 0.646615 0.226852 0.050521
7 0.508796 0.756250 0.982407 0.109375
1 0.115278 0.781250 0.117593 0.028125
1 0.314815 0.741927 0.516667 0.050521
2 0.516204 0.094271 0.967593 0.064583