6 0.500000 0.087500 1.000000 0.087500
3 0.091667 0.087500 0.103704 0.058333
1 0.453241 0.087240 0.593519 0.044271
7 0.500000 0.168229 1.000000 0.073958
1 0.500000 0.168229 1.000000 0.073958
7 0.500000 0.243229 1.000000 0.073958
1 0.500000 0.243229 1.000000 0.073958
7 0.500000 0.318229 1.000000 0.073958
1 0.500000 0.318229 1.000000 0.073958
7 0.500000 0.393229 1.000000 0.073958
1 0.500000 0.393229 1.000000 0.073958
7 0.500000 0.468229 1.000000 0.073958
1 0.500000 0.468229 1.000000 0.073958
7 0.500000 0.543229 1.000000 0.073958
1 0.500000 0.543229 1.000000 0.073958