9 0.500000 0.500000 1.000000 1.000000
1 0.011574 0.913281 0.023148 0.025521
6 0.500000 0.087500 1.000000 0.087500
1 0.666667 0.087500 0.266667 0.055208
4 0.077778 0.087500 0.103704 0.058333
3 0.500000 0.929688 1.000000 0.140625
1 0.512963 0.904948 0.974074 0.061979
7 0.152315 0.975260 0.278704 0.049479
3 0.165278 0.975260 0.252778 0.049479
3 0.090741 0.975260 0.129630 0.049479
7 0.431019 0.975260 0.278704 0.049479
3 0.443981 0.975260 0.252778 0.049479
3 0.369444 0.975260 0.129630 0.049479
7 0.709722 0.975260 0.278704 0.049479
3 0.722685 0.975260 0.252778 0.049479
3 0.648148 0.975260 0.129630 0.049479
7 0.924537 0.975260 0.150926 0.049479
3 0.937500 0.975260 0.125000 0.049479
3 0.926852 0.975260 0.129630 0.049479
1 0.167593 0.159115 0.335185 0.055729
4 0.390278 0.159115 0.058333 0.032813
1 0.539815 0.159115 0.240741 0.055729
4 0.741204 0.159115 0.058333 0.032813
1 0.885185 0.159115 0.229630 0.055729
7 0.500000 0.385156 1.000000 0.507812
6 0.500000 0.600781 1.000000 0.076563
4 0.081019 0.600781 0.097222 0.054688
1 0.184722 0.600521 0.110185 0.034375
3 0.301389 0.600781 0.097222 0.054688
3 0.435648 0.345052 0.806481 0.427604
3 0.924537 0.215104 0.150926 0.167708
7 0.500000 0.820052 1.000000 0.359896
1 0.516204 0.747396 0.967593 0.039583
1 0.516204 0.784375 0.967593 0.034375
4 0.084259 0.691146 0.103704 0.058333
1 0.293519 0.707292 0.250000 0.026042
1 0.272222 0.678125 0.207407 0.032292
3 0.516204 0.906250 0.967593 0.187500