3 0.172222 0.308854 0.285185 0.160417
4 0.172222 0.308854 0.262963 0.147917
6 0.500000 0.094792 1.000000 0.102083
3 0.500000 0.168750 1.000000 0.250000
7 0.236574 0.831771 0.473148 0.087500
7 0.691667 0.831771 0.437037 0.087500
7 0.955093 0.831771 0.089815 0.087500
1 0.979630 0.348438 0.040741 0.065625
7 0.500000 0.510677 1.000000 0.729688
7 0.500000 0.937760 1.000000 0.124479
3 0.142593 0.948698 0.207407 0.102604
3 0.126389 0.948698 0.175000 0.098437
1 0.231944 0.428385 0.386111 0.043229
1 0.183796 0.470313 0.289815 0.033333
1 0.519444 0.561458 0.961111 0.115625
1 0.209259 0.728646 0.392593 0.070833
1 0.689815 0.728646 0.405556 0.070833
1 0.178704 0.665365 0.279630 0.036979
1 0.495370 0.665365 0.288889 0.036979