3 0.500000 0.080208 1.000000 0.072917
1 0.500000 0.155469 1.000000 0.077604
1 0.516204 0.237240 0.967593 0.085938
1 0.516204 0.323177 0.967593 0.085938
1 0.516204 0.409115 0.967593 0.085938
1 0.516204 0.495052 0.967593 0.085938
1 0.516204 0.580990 0.967593 0.085938
1 0.516204 0.666927 0.967593 0.085938
3 0.500000 0.352344 1.000000 0.617188
3 0.045370 0.080208 0.090741 0.043750
3 0.666667 0.080208 0.196296 0.058333
1 0.666204 0.188802 0.423148 0.144271
2 0.564815 0.364323 0.870370 0.097396
2 0.564815 0.516406 0.870370 0.097396
2 0.564815 0.668490 0.870370 0.097396
3 0.879167 0.812760 0.241667 0.099479