6 0.500000 0.189583 1.000000 0.204167
1 0.520370 0.189062 0.262963 0.096875
4 0.181481 0.189583 0.362963 0.204167
9 0.500000 0.645833 1.000000 0.708333
1 0.500000 0.920833 1.000000 0.158333
1 0.397222 0.760938 0.535185 0.088542
4 0.794444 0.760938 0.155556 0.088542
1 0.564815 0.603646 0.870370 0.088542
1 0.564815 0.682292 0.870370 0.068750
3 0.276852 0.447396 0.357407 0.201042
7 0.500000 0.790104 1.000000 0.311458
3 0.276852 0.790104 0.357407 0.201042
1 0.776852 0.748437 0.446296 0.088542
1 0.776852 0.841667 0.446296 0.068750
7 0.500000 0.975000 1.000000 0.050000
1 0.776852 0.391146 0.446296 0.088542
1 0.776852 0.514062 0.446296 0.128125