1 0.615278 0.043750 0.769444 0.087500
1 0.115278 0.043490 0.197222 0.059896
3 0.500000 0.462240 1.000000 0.004687
3 0.467593 0.164583 0.050000 0.043750
1 0.696759 0.164583 0.387963 0.043750
3 0.361111 0.276302 0.075926 0.039062
1 0.704630 0.276302 0.590741 0.039062
4 0.360185 0.388281 0.072222 0.041146
1 0.703241 0.388281 0.593519 0.041146
4 0.435185 0.541406 0.072222 0.041146
1 0.707407 0.541406 0.451852 0.041146
4 0.544444 0.653646 0.064815 0.042708
1 0.703704 0.653646 0.233333 0.042708
4 0.487037 0.765625 0.075926 0.042708
1 0.709259 0.765625 0.348148 0.042708