6 0.500000 0.087500 1.000000 0.087500
4 0.985185 0.087500 0.029630 0.087500
4 0.025926 0.087500 0.051852 0.029167
3 0.091667 0.087500 0.103704 0.058333
1 0.411111 0.072656 0.509259 0.044271
9 0.388889 0.521875 0.777778 0.956250
7 0.388889 0.189583 0.777778 0.109375
3 0.064815 0.189583 0.129630 0.109375
1 0.268056 0.189583 0.276852 0.109375
7 0.388889 0.298438 0.777778 0.109375
4 0.064815 0.298438 0.129630 0.109375
1 0.275463 0.298438 0.291667 0.109375
7 0.388889 0.407292 0.777778 0.109375
4 0.064815 0.407292 0.129630 0.109375
1 0.262037 0.407292 0.264815 0.109375
7 0.388889 0.516146 0.777778 0.109375
4 0.064815 0.516146 0.129630 0.109375
1 0.349074 0.516146 0.438889 0.109375
7 0.388889 0.625000 0.777778 0.109375
3 0.064815 0.625000 0.129630 0.109375
1 0.300000 0.625000 0.340741 0.109375
7 0.388889 0.733854 0.777778 0.109375
3 0.064815 0.733854 0.129630 0.109375
1 0.338889 0.733854 0.418519 0.109375
7 0.388889 0.842708 0.777778 0.109375
3 0.064815 0.842708 0.129630 0.109375
1 0.247222 0.842708 0.235185 0.109375
7 0.388889 0.948438 0.777778 0.103125
3 0.064815 0.948438 0.129630 0.103125
1 0.372222 0.948438 0.485185 0.103125
7 0.500000 0.195573 1.000000 0.121354
1 0.500000 0.195573 1.000000 0.121354
7 0.500000 0.346094 1.000000 0.180729
3 0.156481 0.342448 0.103704 0.091146
1 0.613889 0.322135 0.772222 0.044271
7 0.500000 0.508854 1.000000 0.145833
3 0.003241 0.508854 0.006481 0.145833