6 0.500000 0.094792 1.000000 0.102083
4 0.090741 0.094792 0.181481 0.102083
1 0.597222 0.094531 0.805556 0.044271
7 0.508333 0.178646 0.983333 0.034375
3 0.099537 0.168750 0.100926 0.014583
1 0.162037 0.163021 0.024074 0.003125
4 0.401389 0.168750 0.100926 0.014583
3 0.679167 0.168750 0.100926 0.014583
3 0.953241 0.168750 0.093519 0.014583
7 0.508333 0.598958 0.983333 0.802083
3 0.508333 0.563802 0.983333 0.731771
4 0.099537 0.973958 0.100926 0.052083
1 0.162037 0.976562 0.024074 0.032292
4 0.401389 0.973958 0.100926 0.052083
4 0.679167 0.973958 0.100926 0.052083
4 0.953241 0.973958 0.093519 0.052083