9 0.492593 0.500000 0.985185 1.000000
3 0.492593 0.142187 0.985185 0.284375
1 0.492593 0.727344 0.985185 0.098437
1 0.492593 0.959896 0.985185 0.080208
3 0.142593 0.123958 0.207407 0.116667
4 0.087500 0.333594 0.123148 0.069271
1 0.593056 0.333333 0.732407 0.039583
4 0.087500 0.432031 0.123148 0.069271
1 0.593056 0.431771 0.732407 0.039583
4 0.087500 0.530469 0.123148 0.069271
1 0.593056 0.530208 0.732407 0.039583
4 0.087500 0.628906 0.123148 0.069271
1 0.593056 0.628646 0.732407 0.039583
3 0.087500 0.877865 0.123148 0.069271
1 0.593056 0.877865 0.732407 0.033854
6 0.500000 0.072917 1.000000 0.145833
1 0.356944 0.094531 0.325000 0.048438
3 0.090741 0.094792 0.181481 0.102083
9 0.500000 0.189583 1.000000 0.087500
1 0.333333 0.189583 0.666667 0.087500
1 0.833333 0.189583 0.333333 0.087500
3 0.666204 0.538281 0.563889 0.319271
1 0.666667 0.775521 0.398148 0.067708
1 0.539352 0.843750 0.921296 0.039583
1 0.538889 0.951042 0.922222 0.087500