6 0.500000 0.094792 1.000000 0.102083
4 0.090741 0.094792 0.181481 0.102083
1 0.478704 0.094792 0.490741 0.048958
7 0.500000 0.204167 1.000000 0.087500
1 0.603704 0.204167 0.792593 0.058333
7 0.500000 0.291667 1.000000 0.087500
1 0.603704 0.291667 0.792593 0.058333
7 0.500000 0.379167 1.000000 0.087500
1 0.603704 0.379167 0.792593 0.058333
7 0.500000 0.466667 1.000000 0.087500
1 0.603704 0.466667 0.792593 0.058333
7 0.500000 0.554167 1.000000 0.087500
1 0.603704 0.554167 0.792593 0.058333
7 0.500000 0.641667 1.000000 0.087500
1 0.603704 0.641667 0.792593 0.058333
7 0.500000 0.729167 1.000000 0.087500
1 0.603704 0.729167 0.792593 0.058333
7 0.500000 0.816667 1.000000 0.087500
1 0.603704 0.816667 0.792593 0.058333
7 0.500000 0.904167 1.000000 0.087500
1 0.603704 0.904167 0.792593 0.058333
7 0.500000 0.973958 1.000000 0.052083
1 0.603704 0.981250 0.792593 0.037500