1 0.524537 0.087500 0.950926 0.065625
7 0.341204 0.369271 0.617593 0.439583
3 0.341204 0.300260 0.486111 0.273438
3 0.586574 0.563021 0.110185 0.045833
1 0.341204 0.474479 0.549074 0.060417
1 0.253704 0.523177 0.374074 0.029687
3 0.099074 0.558854 0.064815 0.036458
1 0.222222 0.448437 0.444444 0.162500
1 0.944444 0.448437 0.111111 0.162500
3 0.666667 0.431250 0.159259 0.089583
1 0.666204 0.493229 0.302778 0.034375
1 0.187037 0.580729 0.374074 0.065625
1 0.137037 0.980469 0.274074 0.039062
8 0.500000 0.365885 1.000000 0.002604
1 0.277315 0.655729 0.554630 0.082292
3 0.277315 0.815365 0.421296 0.236979
3 0.500000 0.247917 1.000000 0.233333
1 0.778241 0.696354 0.443519 0.163542
1 0.778241 0.860938 0.443519 0.163542