7 0.190278 0.008854 0.380556 0.017708
1 0.213426 0.007552 0.325000 0.015104
3 0.027778 0.007552 0.046296 0.015104
3 0.027778 0.007552 0.046296 0.015104
7 0.190278 0.033854 0.380556 0.031250
8 0.027778 0.033854 0.046296 0.026042
1 0.213426 0.033854 0.325000 0.026042
7 0.190278 0.065625 0.380556 0.031250
8 0.027778 0.065625 0.046296 0.026042
1 0.213426 0.065625 0.325000 0.026042
7 0.190278 0.097396 0.380556 0.031250
8 0.027778 0.097396 0.046296 0.026042
1 0.213426 0.097396 0.325000 0.026042
7 0.190278 0.129167 0.380556 0.031250
8 0.027778 0.129167 0.046296 0.026042
1 0.213426 0.129167 0.325000 0.026042
7 0.190278 0.160938 0.380556 0.031250
8 0.027778 0.160938 0.046296 0.026042
1 0.213426 0.160938 0.325000 0.026042
7 0.190278 0.192708 0.380556 0.031250
8 0.027778 0.192708 0.046296 0.026042
1 0.213426 0.192708 0.325000 0.026042
7 0.190278 0.224479 0.380556 0.031250
8 0.027778 0.224479 0.046296 0.026042
1 0.213426 0.224479 0.325000 0.026042
7 0.190278 0.256250 0.380556 0.031250
8 0.027778 0.256250 0.046296 0.026042
1 0.213426 0.256250 0.325000 0.026042
7 0.190278 0.288021 0.380556 0.031250
8 0.027778 0.288021 0.046296 0.026042
1 0.213426 0.288021 0.325000 0.026042
1 0.190278 0.343229 0.380556 0.025000