9 0.453704 0.500000 0.907407 1.000000
7 0.453704 0.098437 0.907407 0.109375
1 0.479630 0.097656 0.855556 0.107813
7 0.453704 0.207813 0.907407 0.109375
1 0.479630 0.207031 0.855556 0.107813
7 0.453704 0.317188 0.907407 0.109375
1 0.479630 0.316406 0.855556 0.107813
7 0.453704 0.426563 0.907407 0.109375
1 0.479630 0.425781 0.855556 0.107813
7 0.453704 0.526823 0.907407 0.091146
1 0.479630 0.526823 0.855556 0.091146
7 0.453704 0.617969 0.907407 0.091146
1 0.479630 0.617969 0.855556 0.091146
7 0.453704 0.709115 0.907407 0.091146
1 0.479630 0.709115 0.855556 0.091146
7 0.453704 0.800260 0.907407 0.091146
1 0.479630 0.800260 0.855556 0.091146
7 0.453704 0.891406 0.907407 0.091146
1 0.479630 0.891406 0.855556 0.091146
7 0.453704 0.968490 0.907407 0.063021
1 0.479630 0.968490 0.855556 0.063021
6 0.500000 0.094792 1.000000 0.102083
1 0.590741 0.094792 0.818519 0.102083
3 0.090741 0.094792 0.181481 0.102083