1 0.777778 0.622656 0.444444 0.044271
7 0.777778 0.682031 0.444444 0.041146
1 0.777778 0.682031 0.444444 0.041146
7 0.777778 0.731771 0.444444 0.058333
1 0.777778 0.731771 0.444444 0.058333
7 0.777778 0.790104 0.444444 0.058333
1 0.777778 0.790104 0.444444 0.058333
7 0.777778 0.848437 0.444444 0.058333
1 0.777778 0.848437 0.444444 0.058333
7 0.777778 0.906771 0.444444 0.058333
1 0.777778 0.906771 0.444444 0.058333
7 0.777778 0.965104 0.444444 0.058333
1 0.777778 0.965104 0.444444 0.058333
7 0.777778 0.997135 0.444444 0.005729
1 0.777778 0.997135 0.444444 0.005729