3 0.500000 0.500000 1.000000 1.000000
6 0.500000 0.051042 1.000000 0.102083
4 0.090741 0.051042 0.181481 0.102083
7 0.222222 0.357812 0.444444 0.248958
1 0.222222 0.434375 0.444444 0.095833
3 0.222222 0.309896 0.272222 0.153125
3 0.222222 0.309896 0.272222 0.153125
7 0.666667 0.357812 0.444444 0.248958
1 0.666667 0.434375 0.444444 0.095833
3 0.666667 0.309896 0.272222 0.153125
3 0.666667 0.309896 0.272222 0.153125
7 0.944444 0.357812 0.111111 0.248958
1 0.944444 0.434375 0.111111 0.095833
3 0.987500 0.309896 0.025000 0.153125
3 0.987500 0.309896 0.025000 0.153125
7 0.222222 0.606771 0.444444 0.248958
1 0.222222 0.683333 0.444444 0.095833
3 0.222222 0.558854 0.272222 0.153125
3 0.222222 0.558854 0.272222 0.153125
7 0.666667 0.606771 0.444444 0.248958
1 0.666667 0.683333 0.444444 0.095833
3 0.666667 0.558854 0.272222 0.153125
3 0.666667 0.558854 0.272222 0.153125
7 0.944444 0.606771 0.111111 0.248958
1 0.944444 0.683333 0.111111 0.095833
3 0.987500 0.558854 0.025000 0.153125
3 0.987500 0.558854 0.025000 0.153125
7 0.222222 0.855729 0.444444 0.248958
1 0.222222 0.932292 0.444444 0.095833
3 0.222222 0.807813 0.272222 0.153125
3 0.222222 0.807813 0.272222 0.153125
7 0.666667 0.855729 0.444444 0.248958
1 0.666667 0.932292 0.444444 0.095833
3 0.666667 0.807813 0.272222 0.153125
3 0.666667 0.807813 0.272222 0.153125
7 0.944444 0.855729 0.111111 0.248958
1 0.944444 0.932292 0.111111 0.095833
3 0.987500 0.807813 0.025000 0.153125
3 0.987500 0.807813 0.025000 0.153125
7 0.222222 0.990104 0.444444 0.019792
3 0.222222 0.990104 0.272222 0.019792
3 0.222222 0.990104 0.272222 0.019792
7 0.666667 0.990104 0.444444 0.019792
3 0.666667 0.990104 0.272222 0.019792
3 0.666667 0.990104 0.272222 0.019792
7 0.944444 0.990104 0.111111 0.019792
3 0.987500 0.990104 0.025000 0.019792
3 0.987500 0.990104 0.025000 0.019792
1 0.666667 0.072917 0.218519 0.095833
1 0.666667 0.164583 0.372222 0.058333