9 0.500000 0.500000 1.000000 1.000000
5 0.500000 0.311979 1.000000 0.623958
3 0.500000 0.311979 1.000000 0.623958
4 0.311111 0.262500 0.414815 0.233333
1 0.350926 0.487500 0.494444 0.068750
1 0.551852 0.556250 0.896296 0.068750
7 0.500000 0.740625 1.000000 0.233333
1 0.733333 0.740625 0.533333 0.233333
4 0.181481 0.740625 0.155556 0.087500
7 0.500000 0.928646 1.000000 0.142708
1 0.733333 0.928646 0.533333 0.142708
4 0.181481 0.965104 0.155556 0.069792
8 0.512963 0.204167 0.974074 0.233333
2 0.697222 0.204167 0.605556 0.183333
1 0.762037 0.204167 0.475926 0.183333
3 0.238889 0.204167 0.155556 0.087500