6 0.500000 0.094792 1.000000 0.102083
3 0.666667 0.094531 0.514815 0.048438
4 0.080093 0.094531 0.108333 0.060937
7 0.500000 0.150000 1.000000 0.008333
7 0.500000 0.205729 1.000000 0.091667
3 0.081481 0.205729 0.129630 0.072917
1 0.309722 0.205469 0.306481 0.048438
7 0.500000 0.303125 1.000000 0.091667
3 0.081481 0.303125 0.129630 0.072917
1 0.349537 0.302865 0.386111 0.048438
7 0.500000 0.400521 1.000000 0.091667
3 0.081481 0.400521 0.129630 0.072917
1 0.340741 0.400260 0.368519 0.048438
7 0.500000 0.497917 1.000000 0.091667
4 0.081481 0.497917 0.129630 0.072917
1 0.321296 0.497656 0.329630 0.048438
7 0.500000 0.595313 1.000000 0.091667
4 0.081481 0.595313 0.129630 0.072917
1 0.406944 0.595052 0.500926 0.048438
7 0.500000 0.692708 1.000000 0.091667
4 0.081481 0.692708 0.129630 0.072917
1 0.352778 0.692448 0.392593 0.048438
7 0.500000 0.790104 1.000000 0.091667
4 0.081481 0.790104 0.129630 0.072917
1 0.403241 0.789844 0.493519 0.048438
7 0.500000 0.887500 1.000000 0.091667
3 0.081481 0.887500 0.129630 0.072917
1 0.416667 0.887240 0.520370 0.048438
7 0.500000 0.969531 1.000000 0.060937
4 0.081481 0.974219 0.129630 0.051562
1 0.347685 0.980208 0.382407 0.039583