6 0.500000 0.087500 1.000000 0.087500
3 0.091667 0.087500 0.103704 0.058333
1 0.343056 0.087240 0.373148 0.044271
4 0.985185 0.087500 0.029630 0.087500
4 0.985185 0.087500 0.029630 0.065625
7 0.500000 0.135677 1.000000 0.008854
7 0.500000 0.215104 1.000000 0.145833
4 0.110648 0.215104 0.162037 0.101042
1 0.607407 0.214844 0.785185 0.044271
7 0.500000 0.363021 1.000000 0.145833
3 0.110648 0.363021 0.162037 0.101042
1 0.607407 0.362760 0.785185 0.044271
7 0.500000 0.510938 1.000000 0.145833
4 0.110648 0.510938 0.162037 0.101042
1 0.607407 0.510677 0.785185 0.044271
7 0.500000 0.658854 1.000000 0.145833
4 0.110648 0.658854 0.162037 0.101042
1 0.607407 0.658594 0.785185 0.044271
7 0.500000 0.806771 1.000000 0.145833
4 0.110648 0.806771 0.162037 0.101042
1 0.607407 0.806510 0.785185 0.044271
7 0.500000 0.940885 1.000000 0.118229
4 0.110648 0.952083 0.162037 0.095833
1 0.607407 0.937240 0.785185 0.044271
1 0.607407 0.976562 0.785185 0.034375