9 0.500000 0.500000 1.000000 1.000000
1 0.011574 0.913281 0.023148 0.025521
6 0.500000 0.087500 1.000000 0.087500
1 0.666204 0.087500 0.386111 0.055208
4 0.077778 0.087500 0.103704 0.058333
3 0.500000 0.929688 1.000000 0.140625
1 0.512963 0.904948 0.974074 0.061979
7 0.152315 0.975260 0.278704 0.049479
3 0.165278 0.975260 0.252778 0.049479
4 0.090741 0.975260 0.129630 0.049479
7 0.431019 0.975260 0.278704 0.049479
3 0.443981 0.975260 0.252778 0.049479
4 0.369444 0.975260 0.129630 0.049479
7 0.709722 0.975260 0.278704 0.049479
3 0.722685 0.975260 0.252778 0.049479
4 0.648148 0.975260 0.129630 0.049479
7 0.924537 0.975260 0.150926 0.049479
3 0.937500 0.975260 0.125000 0.049479
3 0.926852 0.975260 0.129630 0.049479
1 0.167593 0.159115 0.335185 0.055729
3 0.390278 0.159115 0.058333 0.032813
1 0.539815 0.159115 0.240741 0.055729
4 0.741204 0.159115 0.058333 0.032813
1 0.885185 0.159115 0.229630 0.055729
7 0.500000 0.158594 1.000000 0.054688
7 0.500000 0.328125 1.000000 0.282292
1 0.516204 0.294271 0.967593 0.039583
1 0.516204 0.346094 0.967593 0.064062
6 0.500000 0.430990 1.000000 0.076563
1 0.136111 0.430990 0.207407 0.076563
4 0.301389 0.430990 0.097222 0.054688
1 0.405093 0.430729 0.110185 0.034375
4 0.084259 0.238021 0.103704 0.058333
1 0.285185 0.254167 0.233333 0.026042
1 0.500926 0.225000 0.664815 0.032292
7 0.500000 0.596615 1.000000 0.252604
1 0.516204 0.577604 0.967593 0.039583
1 0.516204 0.614583 0.967593 0.034375
6 0.500000 0.684635 1.000000 0.076563
4 0.081019 0.684635 0.097222 0.054688
1 0.184722 0.684375 0.110185 0.034375
4 0.301389 0.684635 0.097222 0.054688
1 0.405093 0.684375 0.110185 0.034375
4 0.084259 0.521354 0.103704 0.058333
1 0.285185 0.537500 0.233333 0.026042
1 0.344444 0.508333 0.351852 0.032292
7 0.500000 0.861979 1.000000 0.276042
1 0.516204 0.831250 0.967593 0.039583
1 0.516204 0.868229 0.967593 0.034375
4 0.084259 0.775000 0.103704 0.058333
1 0.285185 0.791146 0.233333 0.026042
1 0.501852 0.761979 0.666667 0.032292
3 0.516204 0.948177 0.967593 0.103646