3 0.500000 0.521875 1.000000 0.956250
9 0.500000 0.244271 1.000000 0.087500
1 0.332870 0.244271 0.345370 0.034375
1 0.946759 0.244271 0.106481 0.034375
3 0.162037 0.166927 0.324074 0.064062
7 0.500000 0.439583 1.000000 0.265625
3 0.178704 0.369271 0.324074 0.102083
1 0.686574 0.349740 0.626852 0.074479
1 0.686574 0.403385 0.626852 0.032813
1 0.686574 0.493229 0.626852 0.146875
7 0.500000 0.706250 1.000000 0.266667
3 0.178704 0.635677 0.324074 0.102604
1 0.686574 0.616406 0.626852 0.075521
1 0.686574 0.670573 0.626852 0.032813
1 0.686574 0.760417 0.626852 0.146875
7 0.500000 0.920052 1.000000 0.159896
3 0.178704 0.902604 0.324074 0.102083
1 0.686574 0.883594 0.626852 0.075521
1 0.686574 0.937760 0.626852 0.032813
1 0.686574 0.977083 0.626852 0.045833
1 0.763426 0.166927 0.443519 0.064062