6 0.500000 0.094792 1.000000 0.102083
4 0.090741 0.094792 0.181481 0.102083
1 0.616667 0.094531 0.766667 0.043229
4 0.058796 0.189844 0.117593 0.076563
1 0.172685 0.190104 0.110185 0.033333
4 0.286574 0.189844 0.117593 0.076563
7 0.500000 0.409375 1.000000 0.345833
1 0.500000 0.269792 1.000000 0.066667
3 0.212963 0.400000 0.259259 0.145833
1 0.713426 0.370573 0.573148 0.086979
1 0.651389 0.426302 0.449074 0.024479
3 0.056944 0.538542 0.036111 0.043750
1 0.250926 0.538542 0.312963 0.042708
7 0.500000 0.722917 1.000000 0.277083
3 0.212963 0.679167 0.259259 0.145833
1 0.713426 0.649740 0.573148 0.086979
1 0.713426 0.705469 0.573148 0.024479
3 0.056944 0.817708 0.036111 0.043750
1 0.250926 0.817708 0.312963 0.042708
7 0.500000 0.931771 1.000000 0.136458
3 0.212963 0.942708 0.259259 0.114583
1 0.713426 0.928906 0.573148 0.086979
1 0.707870 0.984635 0.562037 0.024479
1 0.614815 0.190104 0.433333 0.033333
4 0.860648 0.189844 0.058333 0.032813