6 0.500000 0.094792 1.000000 0.102083
1 0.356481 0.094531 0.324074 0.048438
4 0.090741 0.094792 0.181481 0.102083
9 0.500000 0.189583 1.000000 0.087500
1 0.333333 0.189583 0.409259 0.034375
1 0.900000 0.189583 0.200000 0.034375
8 0.227315 0.421354 0.434259 0.364583
3 0.227315 0.421354 0.421296 0.353125
8 0.664815 0.421354 0.433333 0.364583
3 0.664815 0.421354 0.420370 0.353125
8 0.942593 0.421354 0.114815 0.364583
3 0.945833 0.421354 0.108333 0.353125
8 0.227315 0.785937 0.434259 0.364583
3 0.227315 0.785937 0.421296 0.353125
4 0.362963 0.920312 0.150000 0.084375
8 0.664815 0.785937 0.433333 0.364583
3 0.664815 0.785937 0.420370 0.353125
4 0.800000 0.920312 0.150000 0.084375
8 0.942593 0.785937 0.114815 0.364583
3 0.945833 0.785937 0.108333 0.353125
8 0.227315 0.984115 0.434259 0.031771
3 0.227315 0.986979 0.421296 0.026042
8 0.664815 0.984115 0.433333 0.031771
3 0.664815 0.986979 0.420370 0.026042
8 0.942593 0.984115 0.114815 0.031771
3 0.945833 0.986979 0.108333 0.026042