6 0.500000 0.051042 1.000000 0.102083
1 0.356019 0.050781 0.245370 0.041146
4 0.090741 0.051042 0.181481 0.102083
7 0.500000 0.161458 1.000000 0.118750
1 0.255093 0.146094 0.406481 0.032813
1 0.141667 0.177083 0.179630 0.029167
7 0.500000 0.283073 1.000000 0.120313
1 0.260185 0.268490 0.416667 0.032813
1 0.496296 0.299479 0.888889 0.029167
7 0.500000 0.405469 1.000000 0.120313
1 0.224074 0.390885 0.344444 0.032813
1 0.368981 0.421875 0.634259 0.029167
1 0.500000 0.496875 1.000000 0.058333
7 0.500000 0.588281 1.000000 0.120313
1 0.231481 0.573698 0.359259 0.032813
1 0.234722 0.604688 0.365741 0.029167
1 0.500000 0.679688 1.000000 0.058333
7 0.500000 0.771094 1.000000 0.120313
1 0.208796 0.756510 0.313889 0.032813
1 0.464352 0.787500 0.825000 0.029167
7 0.500000 0.893490 1.000000 0.120313
1 0.299074 0.878906 0.494444 0.032813
1 0.441204 0.909896 0.778704 0.029167
1 0.500000 0.977865 1.000000 0.044271