6 0.500000 0.089323 1.000000 0.091146
1 0.538426 0.089323 0.923148 0.048438
2 0.500000 0.803125 1.000000 0.393750
3 0.136111 0.182292 0.207407 0.087500
1 0.619907 0.182292 0.760185 0.087500
1 0.094907 0.243229 0.189815 0.034375
1 0.284722 0.243229 0.189815 0.034375
1 0.475000 0.243229 0.190741 0.034375
1 0.665741 0.243229 0.190741 0.034375
1 0.856481 0.243229 0.190741 0.034375
1 0.975926 0.243229 0.048148 0.034375
1 0.096759 0.290104 0.186111 0.055208
1 0.286574 0.290104 0.186111 0.055208
1 0.476852 0.290104 0.187037 0.055208
1 0.667593 0.290104 0.187037 0.055208
1 0.858333 0.290104 0.187037 0.055208
1 0.977778 0.290104 0.044444 0.055208
1 0.096759 0.347396 0.186111 0.055208
1 0.286574 0.347396 0.186111 0.055208
1 0.476852 0.347396 0.187037 0.055208
1 0.667593 0.347396 0.187037 0.055208
1 0.858333 0.347396 0.187037 0.055208
1 0.977778 0.347396 0.044444 0.055208
1 0.096759 0.404687 0.186111 0.055208
1 0.286574 0.404687 0.186111 0.055208
1 0.476852 0.404687 0.187037 0.055208
1 0.667593 0.404687 0.187037 0.055208
1 0.858333 0.404687 0.187037 0.055208
1 0.977778 0.404687 0.044444 0.055208
1 0.096759 0.461979 0.186111 0.055208
1 0.286574 0.461979 0.186111 0.055208
1 0.476852 0.461979 0.187037 0.055208
1 0.667593 0.461979 0.187037 0.055208
1 0.858333 0.461979 0.187037 0.055208
1 0.977778 0.461979 0.044444 0.055208
1 0.096759 0.519271 0.186111 0.055208
1 0.286574 0.519271 0.186111 0.055208
1 0.476852 0.519271 0.187037 0.055208
1 0.667593 0.519271 0.187037 0.055208
1 0.858333 0.519271 0.187037 0.055208
1 0.977778 0.519271 0.044444 0.055208
1 0.096759 0.576562 0.186111 0.055208
1 0.286574 0.576562 0.186111 0.055208
1 0.476852 0.576562 0.187037 0.055208
1 0.667593 0.576562 0.187037 0.055208
1 0.858333 0.576562 0.187037 0.055208
1 0.977778 0.576562 0.044444 0.055208