3 0.666204 0.084896 0.163889 0.075000
1 0.166667 0.176302 0.333333 0.100521
1 0.833333 0.176302 0.333333 0.100521
4 0.500000 0.154688 0.081481 0.045833
1 0.500000 0.204687 0.146296 0.032292
1 0.093981 0.263021 0.187963 0.034375
0 0.544907 0.335417 0.243519 0.060417
0 0.788426 0.335417 0.243519 0.060417
2 0.503241 0.425521 0.993519 0.082292
7 0.500000 0.545573 1.000000 0.127604
3 0.072685 0.545573 0.112037 0.053646
1 0.323148 0.528385 0.324074 0.036979
1 0.431019 0.564063 0.539815 0.034375
7 0.500000 0.675260 1.000000 0.127604
3 0.072685 0.675260 0.112037 0.053646
1 0.351389 0.658073 0.380556 0.036979
1 0.381019 0.693750 0.439815 0.034375
7 0.500000 0.804948 1.000000 0.127604
3 0.072685 0.804948 0.112037 0.053646
1 0.262037 0.787760 0.201852 0.036979
1 0.344444 0.823438 0.366667 0.034375
7 0.500000 0.934635 1.000000 0.127604
3 0.072685 0.934635 0.112037 0.053646
1 0.257407 0.917448 0.192593 0.036979
1 0.399537 0.953125 0.476852 0.034375