3 0.666204 0.084896 0.163889 0.075000
1 0.166667 0.176302 0.333333 0.100521
1 0.833333 0.176302 0.333333 0.100521
4 0.500000 0.154688 0.081481 0.045833
1 0.500000 0.204687 0.146296 0.032292
1 0.179167 0.263021 0.358333 0.034375
7 0.508333 0.372656 0.983333 0.127604
3 0.089352 0.372656 0.112037 0.053646
1 0.381019 0.355469 0.406481 0.036979
1 0.545370 0.391146 0.735185 0.034375
7 0.508333 0.502344 0.983333 0.127604
1 0.143519 0.485156 0.155556 0.036979
1 0.397685 0.520833 0.663889 0.034375
7 0.508333 0.632031 0.983333 0.127604
1 0.158796 0.614844 0.186111 0.036979
1 0.397685 0.650521 0.663889 0.034375
7 0.508333 0.761719 0.983333 0.127604
1 0.117593 0.744531 0.103704 0.036979
1 0.105556 0.780208 0.079630 0.034375
7 0.508333 0.891406 0.983333 0.127604
1 0.113426 0.874219 0.095370 0.036979
1 0.198148 0.909896 0.264815 0.034375
7 0.508333 0.978646 0.983333 0.042708