6 0.500000 0.209635 1.000000 0.331771
4 0.090741 0.094792 0.181481 0.102083
3 0.500000 0.209635 1.000000 0.331771
1 0.666204 0.342708 0.256481 0.029167
1 0.481019 0.076302 0.495370 0.029687
1 0.454167 0.109375 0.441667 0.036458
1 0.957407 0.094531 0.085185 0.067187
3 0.666204 0.173177 0.486111 0.054688
1 0.333796 0.254948 0.278704 0.029687
1 0.924074 0.254948 0.151852 0.029687
3 0.097222 0.255208 0.129630 0.072917
1 0.546759 0.243490 0.026852 0.033854
1 0.546759 0.272135 0.113889 0.023438
1 0.660648 0.243490 0.026852 0.033854
1 0.660648 0.272135 0.113889 0.023438
1 0.774537 0.243490 0.026852 0.033854
1 0.774537 0.272135 0.113889 0.023438
3 0.500000 0.413802 1.000000 0.076563
1 0.233796 0.413802 0.467593 0.076563
1 0.669907 0.413802 0.404630 0.076563
1 0.936111 0.413802 0.127778 0.076563
8 0.500000 0.726042 1.000000 0.547917
1 0.516204 0.489063 0.967593 0.073958
1 0.516204 0.907031 0.967593 0.069271
3 0.516204 0.699219 0.967593 0.346354
1 0.176852 0.845052 0.094444 0.054688
4 0.080556 0.845052 0.040741 0.026562
3 0.349537 0.979948 0.634259 0.040104
3 0.833333 0.979948 0.333333 0.040104