6 0.500000 0.094792 1.000000 0.102083
4 0.946296 0.094792 0.107407 0.087500
1 0.472222 0.094792 0.840741 0.039583
3 0.814815 0.094792 0.103704 0.058333
1 0.093981 0.164844 0.186111 0.036979
1 0.281944 0.164844 0.186111 0.036979
1 0.469907 0.164844 0.186111 0.036979
1 0.657870 0.164844 0.186111 0.036979
1 0.845833 0.164844 0.186111 0.036979
1 0.970370 0.164844 0.059259 0.036979
1 0.093981 0.200521 0.186111 0.032292
1 0.281944 0.200521 0.186111 0.032292
1 0.469907 0.200521 0.186111 0.032292
1 0.657870 0.200521 0.186111 0.032292
1 0.845833 0.200521 0.186111 0.032292
1 0.970370 0.200521 0.059259 0.032292
1 0.093981 0.358333 0.186111 0.032292
1 0.281944 0.358333 0.186111 0.032292
1 0.469907 0.358333 0.186111 0.032292
1 0.657870 0.358333 0.186111 0.032292
1 0.845833 0.358333 0.186111 0.032292
1 0.970370 0.358333 0.059259 0.032292
1 0.093981 0.516146 0.186111 0.032292
1 0.281944 0.516146 0.186111 0.032292
1 0.469907 0.516146 0.186111 0.032292
1 0.657870 0.516146 0.186111 0.032292
1 0.845833 0.516146 0.186111 0.032292
1 0.970370 0.516146 0.059259 0.032292
1 0.093981 0.673958 0.186111 0.032292
1 0.281944 0.673958 0.186111 0.032292
1 0.469907 0.673958 0.186111 0.032292
1 0.657870 0.673958 0.186111 0.032292
1 0.845833 0.673958 0.186111 0.032292
1 0.970370 0.673958 0.059259 0.032292
1 0.093981 0.831771 0.186111 0.032292
1 0.281944 0.831771 0.186111 0.032292
1 0.469907 0.831771 0.186111 0.032292
3 0.093981 0.266927 0.186111 0.100521
1 0.093981 0.227344 0.045370 0.021354
3 0.281944 0.266927 0.186111 0.100521
1 0.281944 0.227344 0.045370 0.021354
3 0.469907 0.266927 0.186111 0.100521
1 0.469907 0.227344 0.045370 0.021354
3 0.657870 0.266927 0.186111 0.100521
1 0.657870 0.227344 0.045370 0.021354
3 0.845833 0.266927 0.186111 0.100521
1 0.845833 0.227344 0.045370 0.021354
1 0.845370 0.266927 0.129630 0.084896
3 0.970370 0.266927 0.059259 0.100521
3 0.093981 0.424740 0.186111 0.100521
1 0.093981 0.385156 0.063889 0.021354
3 0.281944 0.424740 0.186111 0.100521
1 0.281944 0.385156 0.063889 0.021354
3 0.469907 0.424740 0.186111 0.100521
1 0.469907 0.385156 0.063889 0.021354
3 0.657870 0.424740 0.186111 0.100521
1 0.657870 0.385156 0.063889 0.021354
3 0.845833 0.424740 0.186111 0.100521
1 0.845833 0.385156 0.063889 0.021354
1 0.845370 0.424740 0.100000 0.084896
1 0.845370 0.485677 0.062963 0.021354
4 0.970370 0.424740 0.059259 0.100521
3 0.093981 0.582552 0.186111 0.100521
1 0.093981 0.542969 0.063889 0.021354
3 0.281944 0.582552 0.186111 0.100521
1 0.281944 0.542969 0.063889 0.021354
4 0.469907 0.582552 0.186111 0.100521
1 0.469907 0.542969 0.063889 0.021354
3 0.657870 0.582552 0.186111 0.100521
1 0.657870 0.542969 0.063889 0.021354
3 0.845833 0.582552 0.186111 0.100521
1 0.845833 0.542969 0.063889 0.021354
1 0.845370 0.582552 0.129630 0.084896
4 0.970370 0.582552 0.059259 0.100521
3 0.093981 0.740365 0.186111 0.100521
1 0.093981 0.700781 0.063889 0.021354
3 0.281944 0.740365 0.186111 0.100521
1 0.281944 0.700781 0.063889 0.021354
3 0.469907 0.740365 0.186111 0.100521
1 0.469907 0.700781 0.063889 0.021354
3 0.657870 0.740365 0.186111 0.100521
1 0.657870 0.700781 0.063889 0.021354
3 0.845833 0.740365 0.186111 0.100521
1 0.845833 0.700781 0.063889 0.021354
3 0.970370 0.740365 0.059259 0.100521
1 0.991667 0.740365 0.016667 0.084896
1 0.996296 0.801302 0.007407 0.021354
4 0.093981 0.898177 0.186111 0.100521
1 0.093981 0.858594 0.045370 0.021354
3 0.281944 0.898177 0.186111 0.100521
1 0.281944 0.858594 0.045370 0.021354
3 0.469907 0.898177 0.186111 0.100521
1 0.469907 0.858594 0.045370 0.021354