6 0.500000 0.094792 1.000000 0.102083
4 0.090741 0.094792 0.181481 0.102083
1 0.319907 0.094531 0.250926 0.048438
3 0.532407 0.482292 0.935185 0.591667
1 0.532407 0.803906 0.935185 0.051562
1 0.532407 0.846875 0.935185 0.034375
3 0.532407 0.482292 0.935185 0.591667
1 0.532407 0.803906 0.935185 0.051562
1 0.532407 0.846875 0.935185 0.034375
3 0.532407 0.482292 0.935185 0.591667
1 0.532407 0.803906 0.935185 0.051562
1 0.532407 0.846875 0.935185 0.034375
3 0.532407 0.482292 0.935185 0.591667
1 0.532407 0.803906 0.935185 0.051562
1 0.532407 0.846875 0.935185 0.034375