6 0.500000 0.138542 1.000000 0.189583
1 0.538889 0.094531 0.383333 0.048438
4 0.090741 0.094792 0.181481 0.102083
4 0.290278 0.094531 0.113889 0.064062
1 0.224537 0.189583 0.441667 0.087500
1 0.669907 0.189583 0.441667 0.087500
1 0.947222 0.189583 0.105556 0.087500
1 0.151852 0.268750 0.238889 0.034375
1 0.225926 0.521354 0.387037 0.034375
1 0.516204 0.742969 0.967593 0.080729
1 0.225000 0.855208 0.385185 0.034375
1 0.516204 0.914323 0.967593 0.080729
0 0.516204 0.327865 0.967593 0.080729
0 0.516204 0.409115 0.967593 0.080729
0 0.516204 0.580469 0.967593 0.080729
0 0.516204 0.661719 0.967593 0.080729