3 0.306481 0.135156 0.103704 0.091146
1 0.628704 0.135156 0.411111 0.067187
7 0.516204 0.313542 0.967593 0.101042
3 0.122222 0.313542 0.081481 0.045833
1 0.266667 0.313281 0.207407 0.067187
7 0.516204 0.416667 0.967593 0.101042
4 0.122222 0.416667 0.081481 0.045833
1 0.253241 0.416406 0.180556 0.067187
7 0.516204 0.519792 0.967593 0.101042
4 0.122222 0.519792 0.081481 0.045833
1 0.245833 0.519531 0.165741 0.067187
7 0.516204 0.622917 0.967593 0.101042
4 0.122222 0.622917 0.081481 0.045833
1 0.348148 0.622656 0.370370 0.067187