9 0.500000 0.543750 1.000000 0.912500
7 0.500000 0.189583 1.000000 0.204167
3 0.768519 0.189583 0.244444 0.137500
1 0.945370 0.189583 0.109259 0.089583
7 0.500000 0.390104 1.000000 0.196875
3 0.211111 0.390104 0.162963 0.196875
1 0.500000 0.390104 1.000000 0.196875
7 0.500000 0.586979 1.000000 0.196875
3 0.211111 0.586979 0.162963 0.196875
1 0.500000 0.586979 1.000000 0.196875
7 0.500000 0.783854 1.000000 0.196875
3 0.211111 0.783854 0.162963 0.196875
1 0.500000 0.783854 1.000000 0.196875
7 0.500000 0.941146 1.000000 0.117708
4 0.211111 0.941146 0.162963 0.117708
1 0.500000 0.941146 1.000000 0.117708
6 0.500000 0.189583 1.000000 0.204167
3 0.181481 0.189583 0.362963 0.204167
3 0.894444 0.189583 0.211111 0.204167
4 0.136111 0.355729 0.205556 0.090625
1 0.566667 0.355729 0.588889 0.078125
3 0.979630 0.355729 0.040741 0.053125
7 0.500000 0.620313 1.000000 0.401042
3 0.103704 0.619792 0.207407 0.147917
3 0.500000 0.547396 1.000000 0.182292
1 0.500000 0.669792 1.000000 0.062500
1 0.500000 0.572396 1.000000 0.098958
1 0.500000 0.769792 1.000000 0.060417
7 0.500000 0.909896 1.000000 0.180208
3 0.500000 0.909896 1.000000 0.180208