6 0.500000 0.094792 1.000000 0.102083
1 0.653704 0.094531 0.303704 0.048438
4 0.090741 0.094792 0.181481 0.102083
7 0.500000 0.172396 1.000000 0.053125
7 0.500000 0.285938 1.000000 0.175000
3 0.155556 0.285938 0.233333 0.131250
1 0.655556 0.268490 0.688889 0.044271
1 0.492130 0.307812 0.362037 0.034375
7 0.500000 0.460417 1.000000 0.175000
4 0.155556 0.460417 0.233333 0.131250
1 0.618981 0.442969 0.615741 0.044271
1 0.468519 0.482292 0.314815 0.034375
7 0.500000 0.634896 1.000000 0.175000
3 0.155093 0.590885 0.175000 0.098437
1 0.478704 0.617448 0.335185 0.044271
1 0.431944 0.656771 0.241667 0.034375
7 0.500000 0.809375 1.000000 0.175000
3 0.155556 0.809375 0.233333 0.131250
1 0.522222 0.791927 0.422222 0.044271
1 0.431944 0.831250 0.241667 0.034375
7 0.500000 0.948177 1.000000 0.103646
3 0.155556 0.959115 0.233333 0.081771
1 0.655556 0.966406 0.688889 0.044271
1 0.459259 0.994271 0.296296 0.011458