1 0.525926 0.474740 0.948148 0.048438
1 0.525926 0.533333 0.948148 0.068750
1 0.136111 0.641927 0.168519 0.075521
6 0.500000 0.171875 1.000000 0.256250
4 0.090741 0.094792 0.181481 0.102083
3 0.666667 0.176042 0.651852 0.060417
1 0.590278 0.253125 0.819444 0.075000
9 0.500000 0.343750 1.000000 0.087500
1 0.948611 0.343750 0.102778 0.087500
1 0.176852 0.343750 0.275926 0.034375
1 0.501852 0.343750 0.218519 0.034375
1 0.773611 0.343750 0.169444 0.034375
7 0.500000 0.568229 1.000000 0.346875
1 0.525926 0.444792 0.948148 0.041667
1 0.525926 0.567187 0.948148 0.041667
1 0.525926 0.689583 0.948148 0.041667
7 0.500000 0.811198 1.000000 0.139063
1 0.112500 0.795833 0.217593 0.047917
1 0.112500 0.833854 0.217593 0.028125
3 0.623611 0.790625 0.752778 0.068750
1 0.623611 0.851823 0.752778 0.024479
7 0.500000 0.940365 1.000000 0.119271
1 0.112500 0.934896 0.217593 0.047917
1 0.112500 0.972917 0.217593 0.028125
3 0.623611 0.929688 0.752778 0.068750
1 0.623611 0.989323 0.752778 0.021354