9 0.648148 0.500000 0.703704 1.000000
1 0.648148 0.950000 0.703704 0.100000
7 0.648148 0.191406 0.703704 0.091146
4 0.387037 0.191146 0.077778 0.043750
1 0.724537 0.191406 0.550926 0.036979
8 0.674074 0.408854 0.651852 0.084375
4 0.432407 0.408854 0.155556 0.072917
1 0.439815 0.092448 0.183333 0.048438
1 0.674074 0.302604 0.651852 0.032292
1 0.674074 0.545833 0.651852 0.032292
7 0.648148 0.655469 0.703704 0.091146
4 0.387037 0.655208 0.077778 0.043750
1 0.732407 0.655469 0.535185 0.036979
7 0.648148 0.746615 0.703704 0.091146
3 0.387037 0.746354 0.077778 0.043750
1 0.732407 0.746615 0.535185 0.036979
7 0.648148 0.837760 0.703704 0.091146
3 0.387037 0.837500 0.077778 0.043750
1 0.732407 0.837760 0.535185 0.036979
6 0.500000 0.094792 1.000000 0.102083
4 0.090741 0.094792 0.181481 0.102083
7 0.500000 0.189844 1.000000 0.088021
1 0.525926 0.189844 0.948148 0.029687
7 0.333333 0.616927 0.666667 0.766146
3 0.333333 0.372396 0.388889 0.218750
1 0.333333 0.501302 0.588889 0.024479
1 0.333333 0.558073 0.588889 0.089063
3 0.556944 0.964063 0.139815 0.071875
1 0.109722 0.659635 0.141667 0.043229
1 0.292593 0.664844 0.224074 0.024479
1 0.109722 0.702865 0.141667 0.043229
1 0.321296 0.708073 0.281481 0.024479
3 0.074537 0.757552 0.071296 0.040104
1 0.248148 0.757552 0.224074 0.024479
7 0.833333 0.616927 0.333333 0.766146
3 0.902778 0.372396 0.194444 0.218750
1 0.852778 0.501302 0.294444 0.024479
1 0.852778 0.558073 0.294444 0.089063
1 0.776389 0.659635 0.141667 0.043229
1 0.923611 0.664844 0.152778 0.024479
1 0.776389 0.702865 0.141667 0.043229
1 0.923611 0.708073 0.152778 0.024479
3 0.741204 0.757552 0.071296 0.040104
1 0.901389 0.757552 0.197222 0.024479