9 0.500000 0.500000 1.000000 1.000000
1 0.500000 0.288542 1.000000 0.102083
3 0.518519 0.096875 0.881481 0.193750
1 0.143056 0.175260 0.130556 0.036979
1 0.583796 0.178906 0.750926 0.024479
4 0.116667 0.390625 0.077778 0.043750
1 0.596296 0.390365 0.725926 0.039062
4 0.116667 0.492708 0.077778 0.043750
1 0.596296 0.492448 0.725926 0.039062
4 0.116667 0.626042 0.077778 0.043750
1 0.596296 0.625781 0.725926 0.039062
3 0.116667 0.728125 0.077778 0.043750
1 0.596296 0.727865 0.725926 0.039062
3 0.116667 0.830208 0.077778 0.043750
1 0.596296 0.829948 0.725926 0.039062
4 0.116667 0.932292 0.077778 0.043750
1 0.596296 0.932031 0.725926 0.039062
6 0.500000 0.094792 1.000000 0.102083
3 0.090741 0.094792 0.181481 0.102083
1 0.271759 0.094531 0.076852 0.048438
7 0.500000 0.387500 1.000000 0.483333
8 0.500000 0.483073 1.000000 0.018229
3 0.500000 0.328125 1.000000 0.364583
3 0.581019 0.328125 0.837963 0.255208
3 0.113426 0.583594 0.049074 0.078646
1 0.661111 0.583333 0.677778 0.041667
8 0.500000 0.721615 1.000000 0.129688
3 0.097685 0.722656 0.097222 0.054688
1 0.292593 0.722656 0.259259 0.054688
3 0.508796 0.722656 0.097222 0.054688
1 0.703704 0.722656 0.259259 0.054688
3 0.920833 0.722656 0.097222 0.054688
1 0.993056 0.722656 0.013889 0.054688
8 0.500000 0.907031 1.000000 0.185938
8 0.336574 0.992969 0.660185 0.014063
3 0.336111 0.992969 0.388889 0.014063
8 0.833333 0.992969 0.333333 0.014063
3 0.900926 0.992969 0.198148 0.014063
1 0.527778 0.885677 0.944444 0.127604