6 0.500000 0.087500 1.000000 0.087500
4 0.025926 0.087500 0.051852 0.029167
3 0.091667 0.087500 0.103704 0.058333
1 0.374074 0.087240 0.435185 0.044271
7 0.170370 0.227083 0.333333 0.187500
3 0.170370 0.227083 0.333333 0.187500
7 0.504630 0.227083 0.333333 0.187500
3 0.504630 0.227083 0.333333 0.187500
7 0.836111 0.227083 0.327778 0.187500
3 0.836111 0.227083 0.327778 0.187500
7 0.170370 0.421875 0.333333 0.187500
3 0.170370 0.421875 0.333333 0.187500
7 0.504630 0.421875 0.333333 0.187500
3 0.504630 0.421875 0.333333 0.187500
7 0.836111 0.421875 0.327778 0.187500
3 0.836111 0.421875 0.327778 0.187500
7 0.170370 0.616667 0.333333 0.187500
3 0.170370 0.616667 0.333333 0.187500
7 0.504630 0.616667 0.333333 0.187500
3 0.504630 0.616667 0.333333 0.187500
7 0.836111 0.616667 0.327778 0.187500
3 0.836111 0.616667 0.327778 0.187500
7 0.170370 0.811458 0.333333 0.187500
3 0.170370 0.811458 0.333333 0.187500
7 0.504630 0.811458 0.333333 0.187500
3 0.504630 0.811458 0.333333 0.187500
7 0.836111 0.811458 0.327778 0.187500
3 0.836111 0.811458 0.327778 0.187500
7 0.170370 0.956250 0.333333 0.087500
3 0.170370 0.956250 0.333333 0.087500
7 0.504630 0.956250 0.333333 0.087500
3 0.504630 0.956250 0.333333 0.087500
7 0.836111 0.956250 0.327778 0.087500
3 0.836111 0.956250 0.327778 0.087500