6 0.500000 0.094792 1.000000 0.102083
4 0.090741 0.094792 0.181481 0.102083
1 0.275926 0.094531 0.162963 0.048438
1 0.333333 0.301563 0.666667 0.055208
1 0.833333 0.301563 0.333333 0.055208
1 0.292593 0.391667 0.585185 0.125000
1 0.873611 0.391667 0.252778 0.125000
1 0.349537 0.930729 0.634259 0.058333
1 0.833333 0.930729 0.333333 0.058333
1 0.508333 0.211719 0.983333 0.080729
1 0.666204 0.374740 0.162037 0.091146
1 0.116667 0.519271 0.135185 0.034375
1 0.118981 0.723177 0.139815 0.036979
1 0.134259 0.756510 0.170370 0.029687
1 0.080093 0.811719 0.062037 0.080729
1 0.666204 0.723177 0.180556 0.036979
1 0.666204 0.756510 0.199074 0.029687
1 0.666204 0.811719 0.062037 0.080729
1 0.131944 0.578906 0.165741 0.048438
1 0.162037 0.627344 0.225926 0.036979