6 0.500000 0.094792 1.000000 0.102083
4 0.090741 0.094792 0.181481 0.102083
1 0.325463 0.094531 0.262037 0.044271
7 0.500000 0.257552 1.000000 0.223438
3 0.123148 0.257552 0.246296 0.222396
3 0.200926 0.257292 0.362963 0.204167
3 0.201389 0.257552 0.343519 0.193229
1 0.600463 0.213802 0.371296 0.044271
1 0.523148 0.272656 0.216667 0.036979
1 0.546296 0.307292 0.262963 0.032292
7 0.500000 0.437500 1.000000 0.131250
3 0.116667 0.437500 0.233333 0.131250
1 0.527778 0.421094 0.944444 0.044271
1 0.108796 0.459635 0.106481 0.032813