9 0.453704 0.500000 0.907407 1.000000
1 0.453704 0.350000 0.907407 0.087500
1 0.453704 0.437500 0.907407 0.087500
1 0.453704 0.525000 0.907407 0.087500
1 0.453704 0.612500 0.907407 0.087500
1 0.453704 0.700000 0.907407 0.087500
3 0.453704 0.164062 0.868519 0.233333
6 0.500000 0.094792 1.000000 0.102083
1 0.382870 0.094531 0.299074 0.048438
3 0.090741 0.094792 0.181481 0.102083
8 0.235185 0.306771 0.392593 0.278125
3 0.235185 0.258854 0.392593 0.182292
1 0.235185 0.386198 0.392593 0.036979
1 0.235185 0.419792 0.116667 0.022917
8 0.666667 0.306771 0.392593 0.278125
3 0.666667 0.258854 0.392593 0.182292
1 0.666667 0.386198 0.392593 0.036979
1 0.666667 0.419792 0.124074 0.022917
8 0.950926 0.306771 0.098148 0.278125
3 0.950926 0.258854 0.098148 0.182292
1 0.950926 0.386198 0.098148 0.036979
8 0.235185 0.606771 0.392593 0.278125
3 0.235185 0.558854 0.392593 0.182292
1 0.235185 0.686198 0.392593 0.036979
1 0.235185 0.719792 0.116667 0.022917
8 0.666667 0.606771 0.392593 0.278125
3 0.666667 0.558854 0.392593 0.182292
1 0.666667 0.686198 0.392593 0.036979
1 0.666204 0.719792 0.117593 0.022917
8 0.950926 0.606771 0.098148 0.278125
3 0.950926 0.558854 0.098148 0.182292
1 0.950926 0.686198 0.098148 0.036979
8 0.235185 0.883854 0.392593 0.232292
3 0.235185 0.858854 0.392593 0.182292
1 0.235185 0.983854 0.392593 0.032292
8 0.666667 0.883854 0.392593 0.232292
3 0.666667 0.858854 0.392593 0.182292
1 0.666667 0.983854 0.392593 0.032292
8 0.950926 0.883854 0.098148 0.232292
3 0.950926 0.858854 0.098148 0.182292
1 0.950926 0.983854 0.098148 0.032292