6 0.500000 0.087500 1.000000 0.087500
4 0.091667 0.087500 0.129630 0.087500
4 0.091667 0.087500 0.103704 0.058333
3 0.985185 0.087500 0.029630 0.087500
1 0.324074 0.087500 0.335185 0.043750
1 0.500000 0.881250 1.000000 0.062500
3 0.048611 0.158594 0.032407 0.018229
7 0.208333 0.240625 0.259259 0.145833
4 0.208333 0.240625 0.259259 0.145833
7 0.513889 0.240625 0.259259 0.145833
3 0.513889 0.240625 0.259259 0.145833
7 0.819444 0.240625 0.259259 0.145833
3 0.819444 0.240625 0.259259 0.145833
7 0.997685 0.240625 0.004630 0.145833
3 0.997685 0.240625 0.004630 0.145833
7 0.208333 0.395313 0.259259 0.145833
3 0.208333 0.395313 0.259259 0.145833
7 0.513889 0.395313 0.259259 0.145833
3 0.513889 0.395313 0.259259 0.145833
7 0.819444 0.395313 0.259259 0.145833
3 0.819444 0.395313 0.259259 0.145833
7 0.997685 0.395313 0.004630 0.145833
3 0.997685 0.395313 0.004630 0.145833
7 0.208333 0.550000 0.259259 0.145833
3 0.208333 0.550000 0.259259 0.145833
7 0.513889 0.550000 0.259259 0.145833
3 0.513889 0.550000 0.259259 0.145833
4 0.423148 0.498958 0.077778 0.043750
7 0.819444 0.550000 0.259259 0.145833
3 0.819444 0.550000 0.259259 0.145833
7 0.997685 0.550000 0.004630 0.145833
3 0.997685 0.550000 0.004630 0.145833
7 0.208333 0.704688 0.259259 0.145833
3 0.208333 0.704688 0.259259 0.145833
7 0.513889 0.704688 0.259259 0.145833
4 0.513889 0.704688 0.259259 0.145833
7 0.819444 0.704688 0.259259 0.145833
3 0.819444 0.704688 0.259259 0.145833
7 0.997685 0.704688 0.004630 0.145833
3 0.997685 0.704688 0.004630 0.145833
7 0.208333 0.809115 0.259259 0.045312
3 0.208333 0.809115 0.259259 0.045312
7 0.513889 0.809115 0.259259 0.045312
3 0.513889 0.809115 0.259259 0.045312
7 0.819444 0.809115 0.259259 0.045312
3 0.819444 0.809115 0.259259 0.045312
7 0.997685 0.809115 0.004630 0.045312
3 0.997685 0.809115 0.004630 0.045312
3 0.148148 0.986979 0.218519 0.026042