1 0.347222 0.094531 0.305556 0.044271
4 0.090741 0.094792 0.181481 0.102083
4 0.972685 0.094531 0.054630 0.054688
3 0.500000 0.328125 1.000000 0.364583
4 0.082870 0.192448 0.165741 0.093229
4 0.248611 0.192448 0.165741 0.093229
1 0.222222 0.550521 0.444444 0.080208
1 0.666667 0.550521 0.444444 0.080208
1 0.944444 0.550521 0.111111 0.080208
7 0.337963 0.723698 0.518519 0.236979
1 0.280556 0.796875 0.370370 0.055208
3 0.337963 0.687240 0.485185 0.145313
4 0.161574 0.661198 0.165741 0.093229
7 0.867593 0.723698 0.264815 0.236979
1 0.875926 0.796875 0.248148 0.055208
3 0.875926 0.687240 0.248148 0.145313
3 0.818056 0.661198 0.165741 0.093229
7 0.337963 0.930208 0.518519 0.139583
3 0.337963 0.934896 0.485185 0.130208
4 0.161574 0.916406 0.165741 0.093229
7 0.867593 0.930208 0.264815 0.139583
3 0.875926 0.934896 0.248148 0.130208
4 0.818056 0.916406 0.165741 0.093229