6 0.500000 0.094792 1.000000 0.102083
1 0.249074 0.094531 0.394444 0.048438
1 0.666204 0.298958 0.595370 0.072917
1 0.525926 0.532292 0.948148 0.087500
1 0.525926 0.638021 0.948148 0.087500
1 0.525926 0.845313 0.948148 0.034375
0 0.269907 0.382812 0.436111 0.058333
0 0.565741 0.382812 0.155556 0.058333
0 0.721296 0.382812 0.155556 0.058333
0 0.229167 0.441146 0.354630 0.058333
0 0.540741 0.441146 0.268519 0.058333
0 0.809259 0.441146 0.268519 0.058333
1 0.196759 0.753125 0.289815 0.087500
1 0.499537 0.761979 0.315741 0.034375
2 0.762963 0.759635 0.211111 0.081771
1 0.934259 0.753125 0.131481 0.087500
1 0.290741 0.990625 0.477778 0.018750
1 0.764815 0.990625 0.470370 0.018750