1 0.500000 0.126823 1.000000 0.045312
3 0.075000 0.052083 0.116667 0.065625
1 0.582870 0.052083 0.834259 0.075000
3 0.607870 0.577344 0.784259 0.845313
7 0.500000 0.225521 1.000000 0.140625
3 0.122222 0.224479 0.211111 0.118750
1 0.442130 0.207292 0.376852 0.034375
1 0.626852 0.241667 0.746296 0.034375
7 0.500000 0.366146 1.000000 0.140625
3 0.122222 0.365104 0.211111 0.118750
1 0.458796 0.347917 0.410185 0.034375
1 0.626852 0.382292 0.746296 0.034375
7 0.500000 0.506771 1.000000 0.140625
3 0.122222 0.505729 0.211111 0.118750
1 0.510648 0.488542 0.513889 0.034375
1 0.626852 0.522917 0.746296 0.034375
7 0.500000 0.647396 1.000000 0.140625
3 0.122222 0.646354 0.211111 0.118750
1 0.517130 0.629167 0.526852 0.034375
1 0.626852 0.663542 0.746296 0.034375
7 0.500000 0.788021 1.000000 0.140625
3 0.122222 0.786979 0.211111 0.118750
1 0.414815 0.769792 0.322222 0.034375
1 0.595833 0.804167 0.684259 0.034375
7 0.500000 0.928646 1.000000 0.140625
3 0.122222 0.927604 0.211111 0.118750
1 0.411574 0.910417 0.315741 0.034375
1 0.626852 0.944792 0.746296 0.034375
1 0.092593 0.196094 0.120370 0.056771
1 0.209722 0.196094 0.113889 0.056771