6 0.500000 0.094792 1.000000 0.102083
1 0.392593 0.094531 0.318519 0.048438
4 0.090741 0.094792 0.181481 0.102083
7 0.500000 0.222917 1.000000 0.154167
1 0.181481 0.202083 0.259259 0.039583
1 0.525926 0.239063 0.948148 0.034375
7 0.500000 0.379167 1.000000 0.154167
1 0.259722 0.358333 0.415741 0.039583
1 0.525926 0.395313 0.948148 0.034375
7 0.500000 0.535417 1.000000 0.154167
1 0.418981 0.514583 0.415741 0.039583
1 0.605556 0.551562 0.788889 0.034375
7 0.500000 0.691667 1.000000 0.154167
1 0.152778 0.670833 0.201852 0.039583
1 0.525926 0.707812 0.948148 0.034375
7 0.500000 0.847917 1.000000 0.154167
1 0.174537 0.827083 0.245370 0.039583
1 0.525926 0.864062 0.948148 0.034375
7 0.500000 0.963542 1.000000 0.072917
1 0.204630 0.981771 0.305556 0.036458