6 0.500000 0.094792 1.000000 0.102083
4 0.090741 0.094792 0.181481 0.102083
3 0.653704 0.094792 0.388889 0.087500
1 0.030556 0.189583 0.061111 0.034375
1 0.237500 0.189583 0.171296 0.034375
1 0.666667 0.189583 0.531481 0.034375
7 0.500000 0.271354 1.000000 0.076042
1 0.529167 0.271354 0.941667 0.032292
7 0.500000 0.633073 1.000000 0.647396
1 0.500000 0.799219 1.000000 0.129688
3 0.500000 0.521875 1.000000 0.425000
4 0.666667 0.521875 0.194444 0.109375
1 0.407407 0.881771 0.698148 0.026042
1 0.788889 0.880990 0.064815 0.027604
1 0.910648 0.895833 0.178704 0.063542
7 0.500000 0.978385 1.000000 0.043229
3 0.246296 0.987500 0.375926 0.025000
1 0.741667 0.987500 0.516667 0.025000
1 0.529167 0.271354 0.941667 0.032292