6 0.500000 0.094792 1.000000 0.102083
4 0.090741 0.094792 0.181481 0.102083
5 0.590741 0.094792 0.818519 0.102083
3 0.504167 0.094792 0.645370 0.102083
9 0.500000 0.189583 1.000000 0.087500
1 0.221759 0.189583 0.119444 0.087500
1 0.666204 0.189583 0.317593 0.087500
7 0.500000 0.446094 1.000000 0.425521
3 0.500000 0.329427 1.000000 0.192188
1 0.837500 0.370052 0.325000 0.030729
3 0.220370 0.542188 0.388889 0.218750
4 0.123148 0.597656 0.194444 0.107813
1 0.509259 0.453125 0.137037 0.033333
1 0.720370 0.560677 0.559259 0.181771
7 0.500000 0.775521 1.000000 0.218750
3 0.220370 0.775521 0.388889 0.218750
4 0.123148 0.830990 0.194444 0.107813
1 0.509259 0.686458 0.137037 0.033333
1 0.720370 0.794010 0.559259 0.181771
7 0.500000 0.949740 1.000000 0.100521
3 0.220370 0.949740 0.388889 0.100521
1 0.509259 0.919792 0.137037 0.033333
1 0.720370 0.968229 0.559259 0.063542