9 0.486111 0.521875 0.972222 0.956250
7 0.486111 0.072917 0.972222 0.058333
1 0.486111 0.072917 0.972222 0.058333
7 0.486111 0.145313 0.972222 0.087500
3 0.079630 0.145313 0.081481 0.036458
1 0.260185 0.145313 0.520370 0.087500
7 0.486111 0.232292 0.972222 0.087500
3 0.079630 0.232292 0.081481 0.036458
1 0.334259 0.232292 0.668519 0.087500
7 0.486111 0.304688 0.972222 0.058333
1 0.486111 0.304688 0.972222 0.058333
7 0.486111 0.377083 0.972222 0.087500
4 0.079630 0.377083 0.081481 0.036458
1 0.220370 0.377083 0.440741 0.087500
7 0.486111 0.464062 0.972222 0.087500
4 0.079630 0.464062 0.081481 0.036458
1 0.249074 0.464062 0.498148 0.087500
7 0.486111 0.536458 0.972222 0.058333
1 0.486111 0.536458 0.972222 0.058333
7 0.486111 0.608854 0.972222 0.087500
4 0.079630 0.608854 0.081481 0.036458
1 0.337500 0.608854 0.675000 0.087500
7 0.486111 0.681250 0.972222 0.058333
1 0.486111 0.681250 0.972222 0.058333
7 0.486111 0.753646 0.972222 0.087500
4 0.079630 0.753646 0.081481 0.036458
1 0.327315 0.753646 0.654630 0.087500
7 0.486111 0.840625 0.972222 0.087500
4 0.079630 0.840625 0.081481 0.036458
1 0.204167 0.840625 0.408333 0.087500
7 0.486111 0.913021 0.972222 0.058333
1 0.486111 0.913021 0.972222 0.058333
7 0.486111 0.970833 0.972222 0.058333
4 0.079630 0.983594 0.081481 0.032813
1 0.236111 0.970833 0.472222 0.058333
6 0.500000 0.116667 1.000000 0.145833
4 0.090741 0.116667 0.181481 0.102083
1 0.282870 0.116406 0.202778 0.048438
7 0.500000 0.235156 1.000000 0.091146
1 0.525926 0.235156 0.948148 0.091146