6 0.500000 0.094792 1.000000 0.102083
4 0.090741 0.094792 0.181481 0.102083
1 0.487037 0.094531 0.505556 0.048438
9 0.473148 0.572917 0.946296 0.854167
7 0.473148 0.304427 0.946296 0.317188
3 0.473148 0.391927 0.946296 0.142187
3 0.155556 0.233333 0.207407 0.116667
1 0.609259 0.202083 0.622222 0.034375
1 0.399074 0.255729 0.201852 0.051042
1 0.646296 0.255729 0.240741 0.051042
7 0.473148 0.518229 0.946296 0.110417
1 0.199074 0.518490 0.398148 0.044271
7 0.473148 0.628646 0.946296 0.110417
1 0.313889 0.628906 0.627778 0.044271
7 0.473148 0.739062 0.946296 0.110417
1 0.279630 0.739323 0.559259 0.044271
7 0.473148 0.849479 0.946296 0.110417
1 0.279630 0.849740 0.559259 0.044271
7 0.473148 0.952344 0.946296 0.095312
1 0.313889 0.960156 0.627778 0.044271
3 0.683796 0.960156 0.060185 0.033854
8 0.545833 0.253125 0.908333 0.156250
1 0.672685 0.207292 0.654630 0.034375
1 0.672685 0.253125 0.654630 0.057292
1 0.672685 0.304948 0.654630 0.046354
3 0.219907 0.246094 0.186111 0.104688