6 0.500000 0.094792 1.000000 0.102083
1 0.214815 0.094531 0.325926 0.048438
3 0.938889 0.094792 0.122222 0.087500
7 0.508333 0.276042 0.983333 0.260417
1 0.291204 0.187760 0.062037 0.024479
1 0.159722 0.180469 0.175000 0.069271
3 0.982870 0.180469 0.034259 0.069271
1 0.177315 0.242969 0.193519 0.029687
1 0.250463 0.269792 0.339815 0.034375
1 0.682407 0.242969 0.100000 0.029687
1 0.813889 0.269792 0.362963 0.034375
1 0.997685 0.242969 0.004630 0.029687
1 0.997685 0.269792 0.004630 0.034375
1 0.177315 0.314844 0.193519 0.029687
1 0.250926 0.341667 0.340741 0.034375
1 0.682407 0.314844 0.100000 0.029687
1 0.813889 0.341667 0.362963 0.034375
1 0.997685 0.314844 0.004630 0.029687
1 0.997685 0.341667 0.004630 0.034375
7 0.508333 0.553906 0.983333 0.297396
1 0.291204 0.484115 0.062037 0.024479
1 0.159722 0.468490 0.175000 0.085938
3 0.982870 0.468490 0.034259 0.085938
1 0.177315 0.539323 0.193519 0.029687
1 0.250463 0.566146 0.339815 0.034375
1 0.682407 0.539323 0.100000 0.029687
1 0.813889 0.566146 0.362963 0.034375
1 0.997685 0.539323 0.004630 0.029687
1 0.997685 0.566146 0.004630 0.034375
1 0.177315 0.611198 0.193519 0.029687
1 0.250926 0.638021 0.340741 0.034375
1 0.682407 0.611198 0.100000 0.029687
1 0.813889 0.638021 0.362963 0.034375
1 0.997685 0.611198 0.004630 0.029687
1 0.997685 0.638021 0.004630 0.034375
7 0.508333 0.850260 0.983333 0.297396
1 0.291204 0.780469 0.062037 0.024479
1 0.159722 0.764844 0.175000 0.085938
3 0.982870 0.764844 0.034259 0.085938
1 0.177315 0.835677 0.193519 0.029687
1 0.250463 0.862500 0.339815 0.034375
1 0.682407 0.835677 0.100000 0.029687
1 0.813889 0.862500 0.362963 0.034375
1 0.997685 0.835677 0.004630 0.029687
1 0.997685 0.862500 0.004630 0.034375
1 0.177315 0.907552 0.193519 0.029687
1 0.250926 0.934375 0.340741 0.034375
1 0.682407 0.907552 0.100000 0.029687
1 0.813889 0.934375 0.362963 0.034375
1 0.997685 0.907552 0.004630 0.029687
1 0.997685 0.934375 0.004630 0.034375