9 0.500000 0.500000 1.000000 1.000000
1 0.500000 0.700000 1.000000 0.175000
1 0.500000 0.875000 1.000000 0.175000
1 0.500000 0.981250 1.000000 0.037500
3 0.259259 0.212500 0.311111 0.233333
1 0.551852 0.392708 0.896296 0.127083
1 0.355556 0.490625 0.503704 0.068750
6 0.500000 0.189583 1.000000 0.204167
1 0.683333 0.189062 0.433333 0.096875
3 0.181481 0.189583 0.362963 0.204167
8 0.532407 0.755208 0.935185 0.489583
1 0.532407 0.544792 0.935185 0.068750
1 0.532407 0.618750 0.935185 0.079167
1 0.660185 0.400521 0.679630 0.059375