6 0.500000 0.094792 1.000000 0.102083
1 0.616667 0.094531 0.766667 0.048438
3 0.090741 0.094792 0.181481 0.102083
7 0.500000 0.218750 1.000000 0.145833
3 0.129630 0.207813 0.155556 0.087500
1 0.616667 0.197135 0.766667 0.051562
1 0.616667 0.240104 0.766667 0.034375
7 0.500000 0.366667 1.000000 0.145833
3 0.129630 0.355729 0.155556 0.087500
1 0.616667 0.345052 0.766667 0.051562
1 0.616667 0.388021 0.766667 0.034375
7 0.500000 0.514583 1.000000 0.145833
3 0.129630 0.503646 0.155556 0.087500
1 0.616667 0.492969 0.766667 0.051562
1 0.616667 0.535937 0.766667 0.034375
7 0.500000 0.662500 1.000000 0.145833
4 0.129630 0.651563 0.155556 0.087500
1 0.616667 0.640885 0.766667 0.051562
1 0.616667 0.683854 0.766667 0.034375
7 0.500000 0.810417 1.000000 0.145833