3 0.816667 0.116667 0.366667 0.145833
4 0.077778 0.043750 0.051852 0.029167
2 0.512963 0.226042 0.974074 0.072917
7 0.525926 0.320833 0.948148 0.087500
1 0.501852 0.320833 0.900000 0.039583
7 0.525926 0.410417 0.948148 0.087500
1 0.525926 0.410417 0.948148 0.039583
7 0.525926 0.500000 0.948148 0.087500
1 0.445833 0.500000 0.787963 0.039583
7 0.525926 0.589583 0.948148 0.087500
1 0.450000 0.589583 0.796296 0.039583
7 0.525926 0.679167 0.948148 0.087500
1 0.435648 0.679167 0.767593 0.039583
7 0.525926 0.768750 0.948148 0.087500
1 0.423148 0.768750 0.742593 0.039583
7 0.525926 0.858333 0.948148 0.087500
1 0.448611 0.858333 0.793519 0.039583
7 0.525926 0.947917 0.948148 0.087500
1 0.452315 0.947917 0.800926 0.039583
7 0.525926 0.996875 0.948148 0.006250