6 0.500000 0.189583 1.000000 0.204167
4 0.181481 0.189583 0.362963 0.204167
3 0.500000 0.335938 1.000000 0.088542
3 0.500000 0.335938 1.000000 0.088542
1 0.416667 0.401562 0.566667 0.088542
1 0.470370 0.485417 0.674074 0.079167
7 0.500000 0.465625 1.000000 0.347917
1 0.500000 0.362500 1.000000 0.141667
1 0.500000 0.471354 1.000000 0.076042
1 0.500000 0.574479 1.000000 0.130208
7 0.500000 0.813542 1.000000 0.347917
1 0.500000 0.710417 1.000000 0.141667
1 0.500000 0.819271 1.000000 0.076042
1 0.500000 0.922396 1.000000 0.130208
3 0.261111 0.729167 0.266667 0.150000
1 0.261111 0.729167 0.266667 0.150000
1 0.516667 0.690104 0.137037 0.073958
1 0.646296 0.765104 0.396296 0.076042