1 0.638889 0.278385 0.722222 0.053646
1 0.885185 0.975000 0.229630 0.050000
1 0.627778 0.975000 0.285185 0.050000
4 0.381481 0.400000 0.207407 0.116667
1 0.418519 0.764583 0.281481 0.087500
1 0.779630 0.764583 0.440741 0.087500
1 0.666204 0.828125 0.628704 0.039583
1 0.420833 0.589583 0.087963 0.039583
1 0.666204 0.891667 0.360185 0.087500
2 0.768519 0.417187 0.462963 0.082292
3 0.599074 0.547917 0.155556 0.072917
1 0.599537 0.589583 0.217593 0.039583
3 0.844444 0.547917 0.155556 0.072917
1 0.844907 0.589583 0.273148 0.039583