6 0.500000 0.094792 1.000000 0.102083
1 0.166667 0.094531 0.229630 0.048438
3 0.097222 0.148698 0.194444 0.005729
3 0.097222 0.208333 0.194444 0.109375
3 0.097222 0.319792 0.194444 0.109375
3 0.097222 0.542708 0.194444 0.109375
3 0.097222 0.654167 0.194444 0.109375
4 0.097222 0.765625 0.194444 0.109375
3 0.097222 0.877083 0.194444 0.109375
4 0.097222 0.966927 0.194444 0.066146
1 0.250926 0.176042 0.112963 0.039583
1 0.597222 0.227865 0.805556 0.064062
1 0.399537 0.302604 0.410185 0.039583
1 0.597222 0.339583 0.805556 0.034375
1 0.329630 0.414062 0.270370 0.039583
1 0.597222 0.451042 0.805556 0.034375
1 0.497685 0.510417 0.606481 0.039583
1 0.597222 0.562240 0.805556 0.064062
1 0.535185 0.636979 0.681481 0.039583
1 0.440741 0.673958 0.492593 0.034375
1 0.469907 0.748437 0.550926 0.039583
1 0.507407 0.785417 0.625926 0.034375
1 0.456481 0.859896 0.524074 0.039583
1 0.490741 0.896875 0.592593 0.034375
1 0.384259 0.956250 0.379630 0.039583
1 0.597222 0.988021 0.805556 0.023958