6 0.500000 0.189583 1.000000 0.204167
4 0.181481 0.189583 0.362963 0.204167
1 0.681481 0.189583 0.637037 0.145833
4 0.181481 0.406771 0.077778 0.084375
4 0.401852 0.408333 0.155556 0.087500
1 0.778704 0.446875 0.442593 0.164583
7 0.500000 0.393750 1.000000 0.204167
4 0.181481 0.393750 0.155556 0.087500
1 0.577778 0.393750 0.181481 0.068750
7 0.500000 0.598958 1.000000 0.204167
4 0.181481 0.598958 0.155556 0.087500
7 0.500000 0.804167 1.000000 0.204167
4 0.181481 0.804167 0.155556 0.087500
2 0.743519 0.804167 0.512963 0.204167
7 0.500000 0.953646 1.000000 0.092708
1 0.743519 0.987500 0.512963 0.025000