1 0.581481 0.144792 0.837037 0.056250
7 0.542593 0.203646 0.914815 0.017708
7 0.542593 0.269271 0.914815 0.109375
4 0.195370 0.269271 0.116667 0.065625
1 0.626852 0.269271 0.746296 0.039583
7 0.542593 0.380729 0.914815 0.109375
4 0.195370 0.380729 0.116667 0.065625
1 0.626852 0.380729 0.746296 0.039583
7 0.542593 0.492188 0.914815 0.109375
4 0.195370 0.492188 0.116667 0.065625
1 0.626852 0.492188 0.746296 0.039583
7 0.542593 0.603646 0.914815 0.109375
4 0.195370 0.603646 0.116667 0.065625
1 0.626852 0.603646 0.746296 0.039583
7 0.542593 0.715104 0.914815 0.109375
4 0.195370 0.715104 0.116667 0.065625
1 0.626852 0.715104 0.746296 0.039583
7 0.542593 0.826562 0.914815 0.109375
4 0.195370 0.826562 0.116667 0.065625
1 0.626852 0.826562 0.746296 0.039583
7 0.542593 0.938021 0.914815 0.109375
3 0.195370 0.938021 0.116667 0.065625
1 0.626852 0.938021 0.746296 0.039583
7 0.542593 0.997396 0.914815 0.005208