1 0.581481 0.144792 0.837037 0.056250
7 0.542593 0.245312 0.914815 0.101042
4 0.195370 0.241146 0.116667 0.065625
1 0.626852 0.241146 0.746296 0.039583
7 0.542593 0.352604 0.914815 0.109375
3 0.195370 0.352604 0.116667 0.065625
1 0.626852 0.352604 0.746296 0.039583
7 0.542593 0.464062 0.914815 0.109375
4 0.195370 0.464062 0.116667 0.065625
1 0.626852 0.464062 0.746296 0.039583
7 0.542593 0.575521 0.914815 0.109375
4 0.195370 0.575521 0.116667 0.065625
1 0.626852 0.575521 0.746296 0.039583
7 0.542593 0.686979 0.914815 0.109375
4 0.195370 0.686979 0.116667 0.065625
1 0.626852 0.686979 0.746296 0.039583
7 0.542593 0.798438 0.914815 0.109375
4 0.195370 0.798438 0.116667 0.065625
1 0.626852 0.798438 0.746296 0.039583
7 0.542593 0.909896 0.914815 0.109375
4 0.195370 0.909896 0.116667 0.065625
1 0.626852 0.909896 0.746296 0.039583
7 0.542593 0.983333 0.914815 0.033333
3 0.195370 0.994271 0.116667 0.011458