6 0.500000 0.087500 1.000000 0.087500
4 0.025926 0.087500 0.051852 0.029167
3 0.091667 0.087500 0.103704 0.058333
1 0.346296 0.087240 0.379630 0.044271
4 0.057870 0.167448 0.115741 0.072396
1 0.666667 0.167448 0.437037 0.055729
7 0.500000 0.242448 1.000000 0.077604
1 0.363426 0.207292 0.532407 0.007292
1 0.851852 0.207292 0.296296 0.007292
3 0.057407 0.210417 0.081481 0.013542
1 0.363426 0.250781 0.532407 0.060937
1 0.851852 0.250781 0.296296 0.060937
1 0.666667 0.247656 0.096296 0.060937
7 0.500000 0.350260 1.000000 0.119271
1 0.666667 0.317188 0.040741 0.034375
1 0.363426 0.319792 0.532407 0.039583
1 0.851852 0.319792 0.296296 0.039583
4 0.057407 0.322917 0.081481 0.045833
1 0.363426 0.379427 0.532407 0.060937
1 0.851852 0.379427 0.296296 0.060937
1 0.666667 0.376302 0.096296 0.060937
7 0.500000 0.478906 1.000000 0.119271
1 0.666667 0.445833 0.040741 0.034375
1 0.363426 0.448437 0.532407 0.039583
1 0.851852 0.448437 0.296296 0.039583
3 0.057407 0.451562 0.081481 0.045833
1 0.363426 0.508073 0.532407 0.060937
1 0.851852 0.508073 0.296296 0.060937
1 0.666667 0.504948 0.096296 0.060937
7 0.500000 0.607552 1.000000 0.119271
1 0.666667 0.574479 0.040741 0.034375
1 0.363426 0.577083 0.532407 0.039583
1 0.851852 0.577083 0.296296 0.039583
3 0.057407 0.580208 0.081481 0.045833
1 0.363426 0.636719 0.532407 0.060937
1 0.851852 0.636719 0.296296 0.060937
1 0.666667 0.633594 0.096296 0.060937
7 0.500000 0.736198 1.000000 0.119271
1 0.666667 0.703125 0.040741 0.034375
1 0.363426 0.705729 0.532407 0.039583
1 0.851852 0.705729 0.296296 0.039583
3 0.057407 0.708854 0.081481 0.045833
1 0.363426 0.765365 0.532407 0.060937
1 0.851852 0.765365 0.296296 0.060937
1 0.666667 0.762240 0.096296 0.060937
7 0.500000 0.864844 1.000000 0.119271
1 0.666667 0.831771 0.040741 0.034375
1 0.363426 0.834375 0.532407 0.039583
1 0.851852 0.834375 0.296296 0.039583
3 0.057407 0.837500 0.081481 0.045833
1 0.363426 0.894010 0.532407 0.060937
1 0.851852 0.894010 0.296296 0.060937
1 0.666667 0.890885 0.096296 0.060937
7 0.500000 0.966927 1.000000 0.066146
1 0.666667 0.960417 0.040741 0.034375
1 0.363426 0.963021 0.532407 0.039583
1 0.851852 0.963021 0.296296 0.039583
3 0.057407 0.966146 0.081481 0.045833
1 0.363426 0.996094 0.532407 0.007812
1 0.851852 0.996094 0.296296 0.007812
1 0.666667 0.994531 0.096296 0.010937