6 0.500000 0.094792 1.000000 0.102083
1 0.302778 0.075260 0.216667 0.048438
4 0.090741 0.094792 0.181481 0.102083
1 0.437963 0.119271 0.487037 0.039583
8 0.512963 0.229948 0.974074 0.139063
1 0.529167 0.199479 0.941667 0.034375
1 0.529167 0.250781 0.941667 0.053646
8 0.512963 0.660677 0.974074 0.678646
1 0.525926 0.367969 0.948148 0.064062
3 0.537037 0.418229 0.064815 0.036458
3 0.601852 0.418229 0.064815 0.036458
4 0.666667 0.418229 0.064815 0.036458
3 0.731481 0.418229 0.064815 0.036458
3 0.796296 0.418229 0.064815 0.036458
1 0.359259 0.453646 0.614815 0.034375
1 0.833333 0.453646 0.333333 0.034375
1 0.359259 0.721354 0.614815 0.034375
1 0.833333 0.721354 0.333333 0.034375
1 0.359259 0.985938 0.614815 0.028125
1 0.833333 0.985938 0.333333 0.028125
3 0.099537 0.497396 0.069444 0.038542
3 0.165278 0.497396 0.069444 0.038542
3 0.231019 0.497396 0.069444 0.038542
3 0.296759 0.497396 0.069444 0.038542
3 0.362500 0.497396 0.069444 0.038542
3 0.428241 0.497396 0.069444 0.038542
3 0.493981 0.497396 0.069444 0.038542
3 0.099537 0.535937 0.069444 0.038542
3 0.165278 0.535937 0.069444 0.038542
3 0.231019 0.535937 0.069444 0.038542
3 0.296759 0.535937 0.069444 0.038542
3 0.362500 0.535937 0.069444 0.038542
3 0.428241 0.535937 0.069444 0.038542
3 0.493981 0.535937 0.069444 0.038542
3 0.099537 0.574479 0.069444 0.038542
3 0.165278 0.574479 0.069444 0.038542
3 0.231019 0.574479 0.069444 0.038542
3 0.296759 0.574479 0.069444 0.038542
3 0.362500 0.574479 0.069444 0.038542
3 0.428241 0.574479 0.069444 0.038542
3 0.493981 0.574479 0.069444 0.038542
3 0.099537 0.613021 0.069444 0.038542
3 0.165278 0.613021 0.069444 0.038542
3 0.231019 0.613021 0.069444 0.038542
3 0.296759 0.613021 0.069444 0.038542
3 0.362500 0.613021 0.069444 0.038542
3 0.428241 0.613021 0.069444 0.038542
3 0.493981 0.613021 0.069444 0.038542
3 0.099537 0.651563 0.069444 0.038542
3 0.165278 0.651563 0.069444 0.038542
3 0.231019 0.651563 0.069444 0.038542
3 0.701389 0.490104 0.069444 0.038542
3 0.770833 0.490104 0.069444 0.038542
3 0.840278 0.490104 0.069444 0.038542
3 0.909722 0.490104 0.069444 0.038542
3 0.972222 0.490104 0.055556 0.038542
3 0.701389 0.528646 0.069444 0.038542
3 0.770833 0.528646 0.069444 0.038542
3 0.840278 0.528646 0.069444 0.038542
3 0.909722 0.528646 0.069444 0.038542
3 0.972222 0.528646 0.055556 0.038542
3 0.701389 0.567187 0.069444 0.038542
3 0.770833 0.567187 0.069444 0.038542
3 0.840278 0.567187 0.069444 0.038542
3 0.909722 0.567187 0.069444 0.038542
3 0.972222 0.567187 0.055556 0.038542
3 0.701389 0.605729 0.069444 0.038542
3 0.770833 0.605729 0.069444 0.038542
3 0.840278 0.605729 0.069444 0.038542
3 0.909722 0.605729 0.069444 0.038542
3 0.972222 0.605729 0.055556 0.038542
3 0.701389 0.644271 0.069444 0.038542
3 0.770833 0.644271 0.069444 0.038542
3 0.840278 0.644271 0.069444 0.038542
3 0.909722 0.644271 0.069444 0.038542
3 0.972222 0.644271 0.055556 0.038542
3 0.086574 0.757812 0.069444 0.038542
3 0.156019 0.757812 0.069444 0.038542
3 0.225463 0.757812 0.069444 0.038542
3 0.294907 0.757812 0.069444 0.038542
3 0.364352 0.757812 0.069444 0.038542
3 0.433796 0.757812 0.069444 0.038542
3 0.503241 0.757812 0.069444 0.038542
3 0.086574 0.796354 0.069444 0.038542
3 0.156019 0.796354 0.069444 0.038542
3 0.225463 0.796354 0.069444 0.038542
3 0.294907 0.796354 0.069444 0.038542
3 0.364352 0.796354 0.069444 0.038542
3 0.433796 0.796354 0.069444 0.038542
3 0.503241 0.796354 0.069444 0.038542
3 0.086574 0.834896 0.069444 0.038542
3 0.156019 0.834896 0.069444 0.038542
3 0.225463 0.834896 0.069444 0.038542
3 0.294907 0.834896 0.069444 0.038542
3 0.364352 0.834896 0.069444 0.038542
3 0.433796 0.834896 0.069444 0.038542
3 0.503241 0.834896 0.069444 0.038542
3 0.086574 0.873437 0.069444 0.038542
3 0.156019 0.873437 0.069444 0.038542
3 0.225463 0.873437 0.069444 0.038542
3 0.294907 0.873437 0.069444 0.038542
3 0.364352 0.873437 0.069444 0.038542
3 0.433796 0.873437 0.069444 0.038542
3 0.503241 0.873437 0.069444 0.038542
3 0.086574 0.911979 0.069444 0.038542
3 0.156019 0.911979 0.069444 0.038542
3 0.225463 0.911979 0.069444 0.038542
3 0.294907 0.911979 0.069444 0.038542
3 0.364352 0.911979 0.069444 0.038542
3 0.433796 0.911979 0.069444 0.038542
3 0.503241 0.911979 0.069444 0.038542
3 0.086574 0.950521 0.069444 0.038542
3 0.701389 0.757812 0.069444 0.038542
3 0.770833 0.757812 0.069444 0.038542
3 0.840278 0.757812 0.069444 0.038542
3 0.909722 0.757812 0.069444 0.038542
3 0.972222 0.757812 0.055556 0.038542
3 0.701389 0.796354 0.069444 0.038542
3 0.770833 0.796354 0.069444 0.038542
3 0.840278 0.796354 0.069444 0.038542
3 0.909722 0.796354 0.069444 0.038542
3 0.972222 0.796354 0.055556 0.038542
3 0.701389 0.834896 0.069444 0.038542
3 0.770833 0.834896 0.069444 0.038542
3 0.840278 0.834896 0.069444 0.038542
3 0.909722 0.834896 0.069444 0.038542
3 0.972222 0.834896 0.055556 0.038542
3 0.701389 0.873437 0.069444 0.038542
3 0.770833 0.873437 0.069444 0.038542
3 0.840278 0.873437 0.069444 0.038542
3 0.909722 0.873437 0.069444 0.038542
3 0.972222 0.873437 0.055556 0.038542
3 0.701389 0.911979 0.069444 0.038542
3 0.770833 0.911979 0.069444 0.038542
3 0.840278 0.911979 0.069444 0.038542
3 0.909722 0.911979 0.069444 0.038542