6 0.500000 0.094792 1.000000 0.102083
1 0.310185 0.094531 0.516667 0.048438
1 0.112500 0.189583 0.121296 0.034375
2 0.853704 0.189323 0.292593 0.036979
1 0.202778 0.278125 0.301852 0.034375
2 0.927315 0.277865 0.145370 0.036979
1 0.124537 0.366667 0.145370 0.034375
1 0.091204 0.455208 0.078704 0.034375
2 0.984722 0.454948 0.030556 0.036979
1 0.118056 0.543750 0.132407 0.034375
1 0.121296 0.632292 0.138889 0.034375
2 0.915278 0.632292 0.169444 0.075000
1 0.136111 0.720833 0.168519 0.034375
1 0.913889 0.720573 0.172222 0.036979
1 0.207407 0.809375 0.311111 0.034375
1 0.940278 0.809115 0.119444 0.036979
0 0.861111 0.366667 0.211111 0.087500
2 0.746296 0.543750 0.172222 0.075000
2 0.929167 0.543750 0.141667 0.075000