9 0.500000 0.500000 1.000000 1.000000
1 0.500000 0.020313 1.000000 0.040625
7 0.500000 0.128125 1.000000 0.175000
3 0.155556 0.128125 0.311111 0.175000
1 0.694444 0.128125 0.611111 0.079167
7 0.500000 0.303125 1.000000 0.175000
4 0.155556 0.303125 0.311111 0.175000
1 0.694444 0.303125 0.611111 0.079167
1 0.500000 0.478125 1.000000 0.175000
7 0.500000 0.653125 1.000000 0.175000
4 0.155556 0.653125 0.311111 0.175000
1 0.694444 0.653125 0.611111 0.079167
7 0.500000 0.771875 1.000000 0.062500
7 0.500000 0.890625 1.000000 0.175000
4 0.155556 0.890625 0.311111 0.175000
1 0.694444 0.890625 0.611111 0.079167
7 0.500000 0.989062 1.000000 0.021875
4 0.155556 0.989062 0.311111 0.021875
6 0.500000 0.189583 1.000000 0.204167
4 0.181481 0.189583 0.362963 0.204167
1 0.733333 0.189062 0.533333 0.169792
7 0.500000 0.582292 1.000000 0.581250
8 0.512963 0.582292 0.974074 0.552083
3 0.355556 0.502083 0.466667 0.218750
1 0.794444 0.501042 0.411111 0.216667
7 0.500000 0.936979 1.000000 0.126042
3 0.175926 0.980729 0.155556 0.038542
1 0.675926 0.967708 0.648148 0.064583