6 0.500000 0.087500 1.000000 0.087500
1 0.200463 0.087500 0.400926 0.087500
4 0.879630 0.087500 0.181481 0.087500
4 0.985185 0.087500 0.029630 0.087500
1 0.500000 0.175000 1.000000 0.087500
1 0.503241 0.642969 0.993519 0.163021
1 0.503241 0.809635 0.993519 0.163021
3 0.177315 0.309635 0.178704 0.100521
3 0.177315 0.476302 0.178704 0.100521
3 0.177315 0.963021 0.178704 0.073958
1 0.467130 0.278385 0.263889 0.048438
1 0.556019 0.336198 0.441667 0.029687
1 0.446759 0.445052 0.223148 0.048438
1 0.667593 0.502865 0.664815 0.029687
1 0.593519 0.945052 0.516667 0.048438
1 0.667593 0.994010 0.664815 0.011979