6 0.500000 0.094792 1.000000 0.102083
1 0.325926 0.094531 0.262963 0.048438
4 0.090741 0.094792 0.181481 0.102083
7 0.500000 0.211979 1.000000 0.132292
1 0.164815 0.194792 0.225926 0.039583
1 0.287963 0.231771 0.472222 0.034375
7 0.500000 0.361198 1.000000 0.161979
1 0.212500 0.329167 0.321296 0.039583
1 0.525926 0.380990 0.948148 0.064062
7 0.500000 0.525260 1.000000 0.161979
1 0.297222 0.493229 0.490741 0.039583
1 0.525926 0.545052 0.948148 0.064062
7 0.500000 0.674479 1.000000 0.132292
1 0.176852 0.657292 0.250000 0.039583
1 0.489352 0.694271 0.875000 0.034375
7 0.500000 0.808854 1.000000 0.132292
1 0.166204 0.791667 0.228704 0.039583
1 0.525926 0.828646 0.948148 0.034375
7 0.500000 0.938542 1.000000 0.122917
1 0.246759 0.926042 0.389815 0.039583
1 0.458333 0.963021 0.812963 0.034375