6 0.500000 0.094792 1.000000 0.102083
1 0.542130 0.094531 0.695370 0.048438
4 0.090741 0.094792 0.181481 0.102083
7 0.500000 0.198698 1.000000 0.105729
1 0.658796 0.198698 0.682407 0.105729
4 0.132870 0.198698 0.058333 0.032813
7 0.500000 0.303906 1.000000 0.105729
1 0.658796 0.303906 0.682407 0.105729
4 0.132870 0.303906 0.058333 0.032813
7 0.500000 0.409115 1.000000 0.105729
1 0.658796 0.409115 0.682407 0.105729
4 0.132870 0.409115 0.058333 0.032813
7 0.500000 0.514323 1.000000 0.105729
1 0.658796 0.514323 0.682407 0.105729
4 0.132870 0.514323 0.058333 0.032813
7 0.500000 0.619531 1.000000 0.105729
1 0.658796 0.619531 0.682407 0.105729
4 0.132870 0.619531 0.058333 0.032813
7 0.500000 0.724740 1.000000 0.105729
1 0.658796 0.724740 0.682407 0.105729
3 0.132870 0.724740 0.071296 0.040104
7 0.500000 0.829948 1.000000 0.105729
1 0.658796 0.829948 0.682407 0.105729
3 0.132870 0.829948 0.071296 0.040104
7 0.500000 0.935156 1.000000 0.105729
1 0.658796 0.935156 0.682407 0.105729
3 0.132870 0.935156 0.071296 0.040104
7 0.500000 0.993750 1.000000 0.012500
1 0.658796 0.993750 0.682407 0.012500