6 0.500000 0.094792 1.000000 0.102083
4 0.090741 0.094792 0.129630 0.072917
1 0.511111 0.094792 0.711111 0.072917
4 0.925000 0.094792 0.077778 0.072917
1 0.981944 0.094792 0.036111 0.072917
8 0.500000 0.283594 1.000000 0.275521
8 0.512963 0.281771 0.974074 0.271875
3 0.512963 0.181510 0.974074 0.071354
1 0.119907 0.187760 0.187963 0.058854
1 0.525926 0.251563 0.948148 0.039583
1 0.255093 0.385937 0.406481 0.034375
8 0.500000 0.710677 1.000000 0.578646
8 0.512963 0.717969 0.974074 0.564063
3 0.512963 0.638281 0.974074 0.404687
1 0.525926 0.875000 0.948148 0.039583
1 0.209259 0.968750 0.314815 0.034375
1 0.155556 0.998437 0.207407 0.003125
7 0.167130 0.191406 0.269444 0.091146
3 0.090741 0.191146 0.077778 0.043750
1 0.206019 0.191406 0.152778 0.029687
7 0.492593 0.191406 0.381481 0.091146
3 0.360185 0.191146 0.077778 0.043750
1 0.531481 0.191406 0.264815 0.029687
7 0.841667 0.191406 0.316667 0.091146
4 0.741667 0.191146 0.077778 0.043750
1 0.890278 0.191406 0.219444 0.029687