6 0.500000 0.187760 1.000000 0.105729
4 0.086574 0.187760 0.108333 0.105729
4 0.250463 0.187760 0.154630 0.086979
4 0.405093 0.187760 0.154630 0.086979
4 0.559722 0.187760 0.154630 0.086979
3 0.714352 0.187760 0.154630 0.086979
4 0.868981 0.187760 0.154630 0.086979
4 0.973148 0.187760 0.053704 0.086979
6 0.500000 0.089323 1.000000 0.091146
3 0.081019 0.089323 0.162037 0.091146
1 0.246296 0.116406 0.138889 0.029687
4 0.781019 0.089323 0.162037 0.091146
1 0.912500 0.107292 0.100926 0.055208
1 0.448148 0.074219 0.240741 0.036979
1 0.413889 0.107552 0.172222 0.029687