6 0.500000 0.094792 1.000000 0.102083
1 0.333796 0.094531 0.200926 0.048438
4 0.090741 0.094792 0.181481 0.102083
8 0.500000 0.189583 1.000000 0.087500
7 0.505093 0.514844 0.989815 0.563021
1 0.514815 0.701562 0.970370 0.094792
1 0.205556 0.772656 0.351852 0.047396
3 0.505093 0.439323 0.989815 0.400521
4 0.666667 0.439063 0.194444 0.109375
1 0.087037 0.612500 0.153704 0.054167
7 0.505093 0.912760 0.989815 0.174479
3 0.335648 0.912760 0.650926 0.174479
4 0.336111 0.924479 0.129630 0.072917
1 0.087037 0.984896 0.153704 0.030208
3 0.835648 0.912760 0.328704 0.174479
4 0.966204 0.924479 0.067593 0.072917
1 0.748148 0.984896 0.153704 0.030208