7 0.500000 0.224479 1.000000 0.273958
4 0.278704 0.223438 0.324074 0.182292
1 0.762963 0.194271 0.474074 0.084375
1 0.762963 0.266146 0.474074 0.059375
7 0.500000 0.452604 1.000000 0.182292
4 0.194444 0.452083 0.207407 0.116667
1 0.681481 0.452083 0.637037 0.079167
7 0.500000 0.634896 1.000000 0.182292
3 0.194444 0.634375 0.207407 0.116667
1 0.494444 0.634375 0.262963 0.079167
4 0.740741 0.634896 0.162963 0.040625
7 0.500000 0.817187 1.000000 0.182292
4 0.194444 0.816667 0.207407 0.116667
1 0.523148 0.816667 0.320370 0.079167
4 0.798148 0.817187 0.162963 0.040625
7 0.500000 0.954167 1.000000 0.091667
4 0.194444 0.970313 0.207407 0.059375
1 0.543519 0.979688 0.361111 0.040625