9 0.453704 0.500000 0.907407 1.000000
1 0.453704 0.102083 0.907407 0.087500
1 0.453704 0.189583 0.907407 0.087500
1 0.453704 0.293750 0.907407 0.087500
1 0.453704 0.381250 0.907407 0.087500
1 0.453704 0.485417 0.907407 0.087500
1 0.453704 0.572917 0.907407 0.087500
1 0.453704 0.660417 0.907407 0.087500
6 0.500000 0.094792 1.000000 0.102083
3 0.090741 0.094792 0.181481 0.102083
1 0.590741 0.094792 0.818519 0.102083
7 0.500000 0.286719 1.000000 0.091146
1 0.275463 0.286719 0.226852 0.091146
1 0.694444 0.286719 0.611111 0.091146
3 0.081019 0.286719 0.091667 0.051562
7 0.500000 0.379948 1.000000 0.091146
1 0.275463 0.379948 0.226852 0.091146
1 0.694444 0.379948 0.611111 0.091146
3 0.081019 0.379948 0.091667 0.051562
7 0.500000 0.473177 1.000000 0.091146
1 0.275463 0.473177 0.226852 0.091146
1 0.694444 0.473177 0.611111 0.091146
3 0.081019 0.473177 0.091667 0.051562
7 0.500000 0.566406 1.000000 0.091146
1 0.275463 0.566406 0.226852 0.091146
1 0.694444 0.566406 0.611111 0.091146
3 0.081019 0.566406 0.091667 0.051562
7 0.500000 0.659635 1.000000 0.091146
1 0.275463 0.659635 0.226852 0.091146
1 0.694444 0.659635 0.611111 0.091146
4 0.081019 0.659635 0.091667 0.051562
7 0.500000 0.752865 1.000000 0.091146
1 0.275463 0.752865 0.226852 0.091146
1 0.694444 0.752865 0.611111 0.091146
3 0.081019 0.752865 0.091667 0.051562
7 0.500000 0.846094 1.000000 0.091146
1 0.275463 0.846094 0.226852 0.091146
1 0.694444 0.846094 0.611111 0.091146
3 0.081019 0.846094 0.091667 0.051562
7 0.500000 0.939323 1.000000 0.091146
1 0.275463 0.939323 0.226852 0.091146
1 0.694444 0.939323 0.611111 0.091146
3 0.081019 0.939323 0.091667 0.051562
7 0.500000 0.993490 1.000000 0.013021
1 0.275463 0.993490 0.226852 0.013021
1 0.694444 0.993490 0.611111 0.013021
2 0.525926 0.193490 0.948148 0.047396