1 0.155093 0.100000 0.287963 0.034375
1 0.489815 0.100000 0.209259 0.034375
1 0.823611 0.100000 0.221296 0.034375
1 0.500000 0.182552 1.000000 0.073438
7 0.500000 0.335417 1.000000 0.230208
1 0.981019 0.413281 0.037963 0.036979
2 0.516204 0.353646 0.967593 0.082292
0 0.272685 0.275781 0.447222 0.054688
0 0.723148 0.275781 0.453704 0.054688
0 0.975000 0.275781 0.050000 0.054688
7 0.500000 0.490625 1.000000 0.076042
1 0.500000 0.490625 1.000000 0.076042
7 0.500000 0.611719 1.000000 0.161979
1 0.156944 0.594531 0.249074 0.108854
1 0.633796 0.606510 0.639815 0.044271
1 0.475000 0.650781 0.322222 0.044271
1 0.656944 0.562240 0.686111 0.044271
7 0.500000 0.775781 1.000000 0.161979
1 0.156944 0.758594 0.249074 0.108854
1 0.633796 0.770573 0.639815 0.044271
1 0.475000 0.814844 0.322222 0.044271
1 0.656944 0.726302 0.686111 0.044271
7 0.500000 0.896875 1.000000 0.076042
7 0.500000 0.968490 1.000000 0.063021
1 0.156944 0.973177 0.249074 0.053646
1 0.633796 0.995313 0.639815 0.009375
1 0.656944 0.968490 0.686111 0.044271