6 0.500000 0.175000 1.000000 0.175000
4 0.183333 0.175000 0.207407 0.116667
1 0.656481 0.174479 0.687037 0.088542
1 0.537037 0.532292 0.925926 0.068750
1 0.951852 0.532292 0.096296 0.068750
1 0.187963 0.683333 0.227778 0.068750
3 0.403704 0.683854 0.203704 0.109375
1 0.951852 0.683333 0.096296 0.068750
1 0.700000 0.683333 0.388889 0.068750
1 0.187963 0.856250 0.227778 0.068750
3 0.403704 0.856771 0.203704 0.111458
1 0.951852 0.856250 0.096296 0.068750
1 0.700000 0.856250 0.388889 0.068750
1 0.187963 0.997396 0.227778 0.005208
3 0.403704 0.987500 0.203704 0.025000
1 0.951852 0.997396 0.096296 0.005208
1 0.700000 0.997396 0.388889 0.005208