6 0.500000 0.094792 1.000000 0.102083
1 0.443981 0.094531 0.421296 0.048438
4 0.090741 0.094792 0.181481 0.102083
7 0.500000 0.185417 1.000000 0.079167
3 0.116667 0.178125 0.129630 0.064583
3 0.116667 0.178125 0.129630 0.064583
1 0.212963 0.185417 0.425926 0.079167
7 0.500000 0.276042 1.000000 0.102083
3 0.116667 0.276042 0.129630 0.072917
3 0.116667 0.276042 0.129630 0.072917
1 0.214352 0.276042 0.428704 0.102083
7 0.500000 0.378125 1.000000 0.102083
4 0.116667 0.378125 0.129630 0.072917
3 0.116667 0.378125 0.129630 0.072917
1 0.258796 0.378125 0.517593 0.102083
7 0.500000 0.480208 1.000000 0.102083
4 0.116667 0.480208 0.129630 0.072917
4 0.116667 0.480208 0.129630 0.072917
1 0.181019 0.480208 0.362037 0.102083
7 0.500000 0.582292 1.000000 0.102083
3 0.116667 0.582292 0.129630 0.072917
4 0.116667 0.582292 0.129630 0.072917
1 0.208333 0.582292 0.416667 0.102083
7 0.500000 0.684375 1.000000 0.102083
4 0.116667 0.684375 0.129630 0.072917
4 0.116667 0.684375 0.129630 0.072917
1 0.251389 0.684375 0.502778 0.102083
7 0.500000 0.786458 1.000000 0.102083
3 0.116667 0.786458 0.129630 0.072917
3 0.116667 0.786458 0.129630 0.072917
1 0.198611 0.786458 0.397222 0.102083
7 0.500000 0.888542 1.000000 0.102083
4 0.116667 0.888542 0.129630 0.072917
4 0.116667 0.888542 0.129630 0.072917
1 0.216204 0.888542 0.432407 0.102083
7 0.500000 0.969792 1.000000 0.060417
4 0.116667 0.977083 0.129630 0.045833
4 0.116667 0.977083 0.129630 0.045833
1 0.192593 0.969792 0.385185 0.060417