9 0.388889 0.521875 0.777778 0.956250
7 0.388889 0.205990 0.777778 0.324479
3 0.468519 0.082292 0.103704 0.058333
3 0.588889 0.082292 0.103704 0.058333
3 0.709259 0.082292 0.103704 0.058333
1 0.388889 0.411979 0.777778 0.087500
1 0.388889 0.499479 0.777778 0.087500
1 0.388889 0.586979 0.777778 0.087500
1 0.388889 0.674479 0.777778 0.087500
1 0.388889 0.761979 0.777778 0.087500
1 0.388889 0.849479 0.777778 0.087500
1 0.388889 0.936979 0.777778 0.087500
1 0.388889 0.990365 0.777778 0.019271
6 0.500000 0.094792 1.000000 0.102083
1 0.430093 0.075260 0.393519 0.048438
3 0.090741 0.094792 0.181481 0.102083
1 0.350463 0.119271 0.234259 0.039583
7 0.500000 0.237240 1.000000 0.182812
3 0.178704 0.246354 0.259259 0.145833
1 0.670370 0.221615 0.659259 0.036979
1 0.428704 0.188281 0.175926 0.029687
7 0.500000 0.420052 1.000000 0.182812
3 0.178704 0.429167 0.259259 0.145833
1 0.670370 0.404427 0.659259 0.036979
1 0.428704 0.371094 0.175926 0.029687
7 0.500000 0.602865 1.000000 0.182812
3 0.178704 0.611979 0.259259 0.145833
1 0.670370 0.587240 0.659259 0.036979
1 0.428704 0.553906 0.175926 0.029687
7 0.500000 0.785677 1.000000 0.182812
3 0.178704 0.794792 0.259259 0.145833
1 0.670370 0.786198 0.659259 0.069271
1 0.428704 0.736719 0.175926 0.029687
7 0.500000 0.938542 1.000000 0.122917
3 0.178704 0.952344 0.259259 0.095312
1 0.670370 0.952865 0.659259 0.036979
1 0.428704 0.919531 0.175926 0.029687