3 0.500000 0.500000 1.000000 1.000000
3 0.500000 0.500000 1.000000 1.000000
3 0.500000 0.021875 1.000000 0.043750
4 0.867130 0.087240 0.062037 0.032813
4 0.051852 0.087500 0.103704 0.058333
1 0.051389 0.087240 0.050926 0.029687
1 0.666204 0.500260 0.210185 0.053646
1 0.666204 0.853125 0.432407 0.034375
1 0.666667 0.367188 0.292593 0.193750
1 0.861111 0.367188 0.096296 0.193750
3 0.415741 0.568229 0.029630 0.021875
1 0.481481 0.568229 0.068519 0.034375
3 0.547222 0.568229 0.029630 0.021875
1 0.612963 0.568229 0.068519 0.034375
1 0.763426 0.568229 0.199074 0.034375
1 0.897222 0.568229 0.068519 0.034375
3 0.221296 0.938021 0.064815 0.036458
1 0.221759 0.973437 0.237963 0.034375
1 0.221296 0.995313 0.087037 0.009375
3 0.665741 0.938021 0.064815 0.036458
1 0.665741 0.973437 0.085185 0.034375
1 0.665741 0.995313 0.155556 0.009375