6 0.500000 0.094792 1.000000 0.102083
1 0.314352 0.094531 0.239815 0.048438
4 0.090741 0.094792 0.181481 0.102083
7 0.500000 0.148438 1.000000 0.005208
7 0.500000 0.195052 1.000000 0.089063
4 0.090741 0.194792 0.077778 0.043750
1 0.516204 0.194792 0.565741 0.039583
7 0.500000 0.283594 1.000000 0.089063
4 0.090741 0.283333 0.077778 0.043750
1 0.592130 0.283333 0.717593 0.039583
7 0.500000 0.371354 1.000000 0.087500
1 0.162500 0.371354 0.221296 0.034375
7 0.500000 0.459115 1.000000 0.089063
4 0.090741 0.458854 0.077778 0.043750
1 0.414815 0.458854 0.362963 0.039583
7 0.500000 0.547656 1.000000 0.089063
4 0.090741 0.547396 0.077778 0.043750
1 0.542593 0.547396 0.618519 0.039583
7 0.500000 0.636198 1.000000 0.089063
3 0.090741 0.635938 0.077778 0.043750
1 0.538426 0.635938 0.610185 0.039583
7 0.500000 0.724740 1.000000 0.089063
3 0.090741 0.724479 0.077778 0.043750
1 0.476852 0.724479 0.487037 0.039583
7 0.500000 0.813281 1.000000 0.089063
3 0.090741 0.813021 0.077778 0.043750
1 0.547685 0.813021 0.628704 0.039583
7 0.500000 0.901823 1.000000 0.089063
4 0.090741 0.901563 0.077778 0.043750
1 0.489815 0.901563 0.512963 0.039583
7 0.500000 0.972917 1.000000 0.054167
4 0.090741 0.984115 0.077778 0.031771
1 0.356481 0.985156 0.246296 0.029687