6 0.500000 0.094792 1.000000 0.102083
1 0.342593 0.094531 0.218519 0.048438
4 0.090741 0.094792 0.181481 0.102083
4 0.933333 0.094792 0.133333 0.087500
3 0.036574 0.196875 0.073148 0.102083
9 0.536574 0.196875 0.926852 0.102083
1 0.157407 0.196875 0.168519 0.102083
1 0.390278 0.196875 0.297222 0.102083
1 0.687500 0.196875 0.297222 0.102083
1 0.918056 0.196875 0.163889 0.102083
7 0.500000 0.304688 1.000000 0.098958
1 0.508333 0.304688 0.983333 0.093750
7 0.500000 0.388281 1.000000 0.069271
1 0.508333 0.388281 0.983333 0.064062
7 0.500000 0.471875 1.000000 0.098958
1 0.508333 0.471875 0.983333 0.093750
7 0.500000 0.570312 1.000000 0.098958
1 0.508333 0.570312 0.983333 0.093750
7 0.500000 0.683594 1.000000 0.128646
1 0.508333 0.683594 0.983333 0.123438
7 0.500000 0.782031 1.000000 0.069271
1 0.508333 0.782031 0.983333 0.064062
7 0.500000 0.835938 1.000000 0.039583
1 0.508333 0.835938 0.983333 0.034375
7 0.500000 0.904687 1.000000 0.098958
1 0.508333 0.904687 0.983333 0.093750
7 0.500000 0.976823 1.000000 0.046354
1 0.508333 0.978125 0.983333 0.043750