3 0.097685 0.094531 0.162037 0.091146
3 0.233333 0.184115 0.433333 0.076563
3 0.666667 0.184115 0.433333 0.076563
3 0.941667 0.184115 0.116667 0.076563
3 0.342593 0.094792 0.129630 0.072917
3 0.504630 0.094792 0.129630 0.072917
3 0.666667 0.094792 0.129630 0.072917
3 0.828704 0.094792 0.129630 0.072917
3 0.962963 0.094792 0.074074 0.072917
1 0.156944 0.269531 0.080556 0.027604
1 0.385185 0.269531 0.068519 0.027604
1 0.627778 0.269531 0.050000 0.027604
1 0.827778 0.269531 0.068519 0.027604
7 0.500000 0.444271 1.000000 0.126042
1 0.516204 0.444271 0.967593 0.082292
4 0.110185 0.299479 0.116667 0.065625
1 0.110648 0.348438 0.173148 0.032292
3 0.332407 0.299479 0.116667 0.065625
1 0.332870 0.348438 0.173148 0.032292
4 0.555556 0.299479 0.116667 0.065625
1 0.555556 0.348438 0.194444 0.032292
4 0.777778 0.299479 0.116667 0.065625
1 0.777778 0.348438 0.155556 0.032292
4 0.970833 0.299479 0.058333 0.065625
1 0.961111 0.348438 0.077778 0.032292