6 0.500000 0.094792 1.000000 0.102083
1 0.437037 0.094531 0.407407 0.048438
4 0.090741 0.094792 0.181481 0.102083
1 0.456944 0.575521 0.304630 0.059375
1 0.956944 0.575521 0.086111 0.059375
1 0.761574 0.560677 0.304630 0.029687
1 0.761574 0.590365 0.304630 0.029687
7 0.500000 0.641927 1.000000 0.073438
4 0.072685 0.637240 0.080556 0.064062
3 0.179167 0.637240 0.080556 0.045312
1 0.503704 0.621354 0.211111 0.032292
1 0.503704 0.653385 0.211111 0.031771
1 0.761574 0.621354 0.304630 0.032292
1 0.761574 0.653385 0.304630 0.031771
3 0.243519 0.282813 0.422222 0.237500
3 0.938889 0.283073 0.122222 0.238021
1 0.222222 0.420052 0.444444 0.024479
1 0.666667 0.420052 0.444444 0.024479
1 0.944444 0.420052 0.111111 0.024479
3 0.666667 0.444531 0.444444 0.013021
3 0.333333 0.500260 0.666667 0.091146
3 0.666204 0.213802 0.389815 0.099479
3 0.666204 0.352344 0.389815 0.099479
1 0.666204 0.283073 0.423148 0.039062
1 0.964352 0.481510 0.071296 0.024479
1 0.969444 0.512240 0.061111 0.036979