6 0.500000 0.094792 1.000000 0.102083
1 0.369444 0.094531 0.272222 0.048438
4 0.090741 0.094792 0.181481 0.102083
1 0.500000 0.522656 1.000000 0.055729
1 0.160185 0.177344 0.307407 0.055729
1 0.333333 0.227344 0.333333 0.029687
1 0.750000 0.227344 0.500000 0.029687
7 0.500000 0.275260 1.000000 0.064062
3 0.082870 0.275260 0.113889 0.064062
1 0.362037 0.275260 0.216667 0.064062
1 0.751389 0.275260 0.497222 0.064062
7 0.500000 0.341406 1.000000 0.064062
3 0.082870 0.341406 0.113889 0.064062
1 0.362037 0.341406 0.216667 0.064062
1 0.751389 0.341406 0.497222 0.064062
7 0.500000 0.407552 1.000000 0.064062
3 0.082870 0.407552 0.113889 0.064062
1 0.362037 0.407552 0.216667 0.064062
1 0.751389 0.407552 0.497222 0.064062
7 0.500000 0.468229 1.000000 0.053125
1 0.109722 0.468229 0.186111 0.034375
1 0.601389 0.468229 0.797222 0.034375
7 0.500000 0.577083 1.000000 0.053125
1 0.109722 0.577083 0.186111 0.034375
1 0.601389 0.577083 0.797222 0.034375