9 0.486111 0.500000 0.972222 1.000000
1 0.486111 0.429688 0.972222 0.087500
1 0.486111 0.517188 0.972222 0.087500
1 0.486111 0.604688 0.972222 0.087500
1 0.486111 0.692187 0.972222 0.087500
1 0.486111 0.779687 0.972222 0.087500
1 0.486111 0.897396 0.972222 0.087500
1 0.486111 0.970573 0.972222 0.058854
3 0.486111 0.187240 0.972222 0.374479
3 0.486111 0.185417 0.285185 0.204167
6 0.500000 0.072917 1.000000 0.145833
3 0.090741 0.094792 0.181481 0.102083
3 0.788889 0.094792 0.155556 0.087500
3 0.933333 0.094792 0.133333 0.087500
5 0.500000 0.500000 1.000000 1.000000
3 0.137500 0.175000 0.275000 0.116667