9 0.486111 0.500000 0.972222 1.000000
7 0.479630 0.165885 0.959259 0.331771
3 0.479630 0.156771 0.959259 0.313542
4 0.168519 0.138542 0.233333 0.131250
1 0.505556 0.255208 0.907407 0.058333
7 0.479630 0.375521 0.959259 0.087500
1 0.479630 0.375521 0.959259 0.087500
7 0.479630 0.463021 0.959259 0.087500
1 0.479630 0.463021 0.959259 0.087500
7 0.479630 0.550521 0.959259 0.087500
1 0.479630 0.550521 0.959259 0.087500
7 0.479630 0.653646 0.959259 0.118750
1 0.479630 0.669271 0.959259 0.087500
6 0.500000 0.094792 1.000000 0.102083
1 0.367130 0.094531 0.267593 0.048438
3 0.090741 0.094792 0.181481 0.102083
7 0.500000 0.232552 1.000000 0.173437
3 0.116667 0.229687 0.168519 0.094792
1 0.616667 0.193229 0.766667 0.039583