3 0.121759 0.229427 0.049074 0.013021
4 0.101389 0.186198 0.097222 0.054688
1 0.340741 0.201302 0.283333 0.024479
1 0.599537 0.162760 0.800926 0.031771
4 0.441667 0.082552 0.064815 0.034896
1 0.535648 0.082812 0.089815 0.039583
1 0.882407 0.082812 0.118519 0.039583
1 0.343519 0.258073 0.622222 0.044271
4 0.770833 0.082552 0.071296 0.034896
1 0.516204 0.892188 0.967593 0.215625
1 0.170370 0.366146 0.275926 0.045833
1 0.446296 0.366146 0.275926 0.045833
3 0.170370 0.404948 0.275926 0.013021
1 0.170370 0.613542 0.275926 0.045833
1 0.446296 0.613542 0.275926 0.045833
3 0.170370 0.652344 0.275926 0.013021
1 0.552778 0.436458 0.870370 0.045833
1 0.552778 0.683854 0.870370 0.045833
4 0.075000 0.436458 0.051852 0.029167
4 0.075000 0.683854 0.051852 0.029167