6 0.500000 0.094792 1.000000 0.102083
4 0.090741 0.094792 0.181481 0.102083
1 0.666667 0.094792 0.324074 0.102083
7 0.500000 0.200781 1.000000 0.109896
1 0.097222 0.200260 0.064815 0.036979
1 0.581019 0.200260 0.837963 0.044271
7 0.500000 0.310677 1.000000 0.109896
1 0.097222 0.310156 0.064815 0.036979
1 0.581019 0.310156 0.837963 0.044271
7 0.500000 0.420573 1.000000 0.109896
1 0.097222 0.420052 0.064815 0.036979
1 0.581019 0.420052 0.837963 0.044271
7 0.500000 0.530469 1.000000 0.109896
1 0.097222 0.529948 0.064815 0.036979
1 0.581019 0.529948 0.837963 0.044271
7 0.500000 0.640365 1.000000 0.109896
1 0.097222 0.639844 0.064815 0.036979
1 0.581019 0.639844 0.837963 0.044271
7 0.500000 0.750260 1.000000 0.109896
1 0.097222 0.749740 0.064815 0.036979
1 0.581019 0.749740 0.837963 0.044271
7 0.500000 0.860156 1.000000 0.109896
1 0.097222 0.859635 0.064815 0.036979
1 0.581019 0.859635 0.837963 0.044271
7 0.500000 0.957552 1.000000 0.084896
1 0.097222 0.969531 0.064815 0.036979
1 0.581019 0.969531 0.837963 0.044271