6 0.500000 0.189583 1.000000 0.204167
1 0.640741 0.189062 0.503704 0.096875
4 0.181481 0.189583 0.362963 0.204167
9 0.500000 0.373958 1.000000 0.164583
1 0.333333 0.373958 0.666667 0.164583
1 0.833333 0.373958 0.333333 0.164583
3 0.907407 0.400521 0.185185 0.123958
7 0.500000 0.600000 1.000000 0.252083
1 0.437963 0.522917 0.642593 0.068750
4 0.187963 0.629167 0.142593 0.072917
1 0.455556 0.626042 0.314815 0.079167
8 0.500000 0.863021 1.000000 0.273958
3 0.510185 0.871354 0.979630 0.257292
3 0.510185 0.871354 0.979630 0.257292
3 0.510185 0.893229 0.979630 0.213542
7 0.500000 0.622917 1.000000 0.225000
1 0.194444 0.622396 0.259259 0.119792
1 0.694444 0.622917 0.611111 0.225000
7 0.500000 0.815625 1.000000 0.160417
1 0.500000 0.815625 1.000000 0.079167
7 0.500000 0.947917 1.000000 0.104167
1 0.694444 0.941667 0.611111 0.062500
1 0.694444 0.947917 0.611111 0.104167