3 0.133333 0.178125 0.114815 0.064583
1 0.132870 0.225000 0.104630 0.034375
3 0.399537 0.178125 0.150926 0.064583
1 0.400000 0.225000 0.138889 0.034375
4 0.666204 0.176302 0.108333 0.060937
1 0.666667 0.225000 0.140741 0.034375
3 0.931481 0.175000 0.137037 0.058333
1 0.928241 0.225000 0.143519 0.034375
7 0.500000 0.309896 1.000000 0.116667
1 0.564815 0.315365 0.870370 0.053646
7 0.500000 0.427604 1.000000 0.116667
1 0.564815 0.433073 0.870370 0.053646
7 0.500000 0.545312 1.000000 0.116667
1 0.564815 0.550781 0.870370 0.053646
7 0.500000 0.663021 1.000000 0.116667
1 0.564815 0.668490 0.870370 0.053646
7 0.500000 0.780729 1.000000 0.116667
1 0.564815 0.786198 0.870370 0.053646
7 0.500000 0.898438 1.000000 0.116667
1 0.564815 0.903906 0.870370 0.053646
7 0.500000 0.978906 1.000000 0.042188
1 0.564815 0.997396 0.870370 0.005208