6 0.500000 0.094792 1.000000 0.102083
4 0.090741 0.094792 0.181481 0.102083
1 0.427778 0.094531 0.388889 0.048438
7 0.500000 0.193490 1.000000 0.095312
3 0.500000 0.149479 1.000000 0.007292
1 0.525926 0.197135 0.948148 0.029687
7 0.500000 0.299479 1.000000 0.116667
1 0.616667 0.299479 0.766667 0.039583
7 0.500000 0.416146 1.000000 0.116667
1 0.616667 0.416146 0.766667 0.039583
7 0.500000 0.532813 1.000000 0.116667
1 0.616667 0.532813 0.766667 0.039583
7 0.500000 0.649479 1.000000 0.116667
1 0.616667 0.649479 0.766667 0.039583
7 0.500000 0.766146 1.000000 0.116667
1 0.616667 0.766146 0.766667 0.039583
7 0.500000 0.882812 1.000000 0.116667
1 0.616667 0.882812 0.766667 0.039583
7 0.500000 0.970573 1.000000 0.058854
1 0.616667 0.989844 0.766667 0.020313
1 0.639352 0.253125 0.721296 0.039583
4 0.666204 0.472135 0.123148 0.120313
1 0.642130 0.375260 0.715741 0.029687