6 0.500000 0.094792 1.000000 0.102083
1 0.308333 0.094531 0.150000 0.048438
4 0.090741 0.094792 0.181481 0.102083
7 0.500000 0.185156 1.000000 0.078646
1 0.159722 0.184635 0.267593 0.048438
1 0.971759 0.184635 0.056481 0.048438
7 0.500000 0.270313 1.000000 0.087500
1 0.103704 0.270313 0.155556 0.087500
1 0.317130 0.253125 0.017593 0.034375
1 0.317130 0.287500 0.123148 0.034375
1 0.536574 0.253125 0.017593 0.034375
1 0.536111 0.287500 0.062963 0.034375
1 0.756944 0.253125 0.171296 0.034375
1 0.756944 0.287500 0.143519 0.034375
1 0.976389 0.253125 0.017593 0.034375
1 0.963426 0.287500 0.073148 0.034375