6 0.500000 0.094792 1.000000 0.102083
1 0.482407 0.094531 0.498148 0.048438
4 0.090741 0.094792 0.181481 0.102083
9 0.453704 0.572917 0.907407 0.854167
3 0.453704 0.223438 0.907407 0.155208
7 0.453704 0.359375 0.907407 0.116667
3 0.129630 0.359375 0.155556 0.087500
1 0.338889 0.359115 0.159259 0.048438
7 0.453704 0.478125 0.907407 0.116667
3 0.129630 0.478125 0.155556 0.087500
1 0.354167 0.477865 0.189815 0.048438
7 0.453704 0.596875 0.907407 0.116667
4 0.129630 0.596875 0.155556 0.087500
1 0.392130 0.596615 0.265741 0.048438
7 0.453704 0.715625 0.907407 0.116667
3 0.129630 0.715625 0.155556 0.087500
1 0.358796 0.715365 0.199074 0.048438
7 0.453704 0.834375 0.907407 0.116667
4 0.129630 0.834375 0.155556 0.087500
1 0.379167 0.834115 0.239815 0.048438
1 0.654167 0.695573 0.691667 0.039062