9 0.500000 0.543750 1.000000 0.912500
6 0.500000 0.198958 1.000000 0.222917
1 0.694444 0.198437 0.611111 0.088542
3 0.181481 0.189583 0.362963 0.204167
9 0.500000 0.380208 1.000000 0.139583
1 0.666667 0.362500 0.292593 0.068750
7 0.500000 0.540104 1.000000 0.171875
3 0.233333 0.538021 0.259259 0.167708
1 0.733333 0.538021 0.533333 0.167708
7 0.500000 0.742188 1.000000 0.232292
3 0.233333 0.742188 0.259259 0.232292
1 0.733333 0.704167 0.533333 0.104167
3 0.517593 0.786979 0.101852 0.061458
1 0.720370 0.786979 0.237037 0.059375
7 0.500000 0.929167 1.000000 0.141667
3 0.233333 0.929167 0.259259 0.141667
1 0.733333 0.936458 0.533333 0.104167
3 0.517593 0.994271 0.101852 0.011458
1 0.720370 0.994792 0.237037 0.010417