6 0.500000 0.094792 1.000000 0.102083
1 0.525926 0.094531 0.948148 0.048438
1 0.524537 0.932292 0.950926 0.093750
1 0.307870 0.280208 0.582407 0.034375
2 0.799537 0.278125 0.400926 0.082292
1 0.307870 0.362500 0.582407 0.034375
2 0.799537 0.360417 0.400926 0.082292
1 0.307870 0.444792 0.582407 0.034375
2 0.799537 0.442708 0.400926 0.082292
1 0.307870 0.527083 0.582407 0.034375
2 0.799537 0.525000 0.400926 0.082292
1 0.994907 0.609896 0.010185 0.087500
1 0.307870 0.704688 0.582407 0.034375
1 0.799537 0.698698 0.400926 0.053646
1 0.307870 0.779167 0.582407 0.034375
1 0.799537 0.779167 0.400926 0.034375
1 0.307870 0.850000 0.582407 0.034375
1 0.799537 0.850000 0.400926 0.034375