6 0.500000 0.094792 1.000000 0.102083
1 0.482407 0.094531 0.498148 0.048438
4 0.090741 0.094792 0.181481 0.102083
9 0.453704 0.572917 0.907407 0.854167
3 0.453704 0.223438 0.907407 0.155208
7 0.453704 0.359375 0.907407 0.116667
3 0.129630 0.359375 0.155556 0.087500
1 0.338889 0.359115 0.159259 0.048438
7 0.453704 0.478125 0.907407 0.116667
4 0.129630 0.478125 0.155556 0.087500
1 0.354167 0.477865 0.189815 0.048438
7 0.453704 0.596875 0.907407 0.116667
4 0.129630 0.596875 0.155556 0.087500
1 0.392130 0.596615 0.265741 0.048438
7 0.453704 0.715625 0.907407 0.116667
3 0.129630 0.715625 0.155556 0.087500
1 0.358796 0.715365 0.199074 0.048438
7 0.453704 0.834375 0.907407 0.116667
4 0.129630 0.834375 0.155556 0.087500
1 0.379167 0.834115 0.239815 0.048438
7 0.500000 0.233333 1.000000 0.087500
3 0.103704 0.233333 0.155556 0.087500
1 0.429167 0.233073 0.443519 0.044271
7 0.500000 0.322917 1.000000 0.087500
3 0.103704 0.322917 0.155556 0.087500
1 0.425000 0.322656 0.435185 0.044271
7 0.500000 0.412500 1.000000 0.087500
3 0.103704 0.412500 0.155556 0.087500
1 0.406019 0.412240 0.397222 0.044271
7 0.500000 0.502083 1.000000 0.087500
3 0.103704 0.502083 0.155556 0.087500
1 0.407870 0.501823 0.400926 0.044271
7 0.500000 0.591667 1.000000 0.087500
3 0.103704 0.591667 0.155556 0.087500
1 0.352315 0.591406 0.289815 0.044271
7 0.500000 0.681250 1.000000 0.087500
4 0.103704 0.681250 0.155556 0.087500
1 0.376852 0.680990 0.338889 0.044271
7 0.500000 0.770833 1.000000 0.087500
3 0.103704 0.770833 0.155556 0.087500
1 0.386574 0.770573 0.358333 0.044271
7 0.500000 0.860417 1.000000 0.087500
3 0.103704 0.860417 0.155556 0.087500
1 0.331019 0.860156 0.247222 0.044271
7 0.500000 0.950000 1.000000 0.087500
3 0.103704 0.950000 0.155556 0.087500
1 0.318519 0.949740 0.222222 0.044271
7 0.500000 0.997917 1.000000 0.004167