6 0.500000 0.094792 1.000000 0.102083
1 0.342130 0.094792 0.419444 0.058333
3 0.074074 0.094792 0.116667 0.065625
1 0.650000 0.183854 0.700000 0.046875
1 0.512963 0.343490 0.974074 0.060937
1 0.647685 0.419531 0.704630 0.032813
1 0.571296 0.811198 0.857407 0.038021
1 0.571296 0.992708 0.857407 0.014583
1 0.512963 0.739062 0.974074 0.087500
1 0.512963 0.932292 0.974074 0.087500
1 0.239352 0.521615 0.426852 0.073438
1 0.666204 0.521615 0.426852 0.073438
1 0.939815 0.521615 0.120370 0.073438
1 0.239352 0.629427 0.426852 0.073438
1 0.939815 0.629427 0.120370 0.073438