6 0.500000 0.087500 1.000000 0.087500
4 0.025926 0.087500 0.051852 0.029167
3 0.091667 0.087500 0.103704 0.058333
1 0.329167 0.087240 0.345370 0.039062
3 0.500000 0.565625 1.000000 0.868750
9 0.500000 0.565625 1.000000 0.868750
1 0.525926 0.172656 0.948148 0.029687
1 0.525926 0.611719 0.948148 0.029687
3 0.500000 0.903906 1.000000 0.129688
3 0.359259 0.385417 0.614815 0.306250
4 0.359259 0.385417 0.090741 0.045833
1 0.989815 0.384896 0.020370 0.046875
1 0.181944 0.700781 0.260185 0.029687
1 0.477315 0.700781 0.330556 0.029687
1 0.787037 0.700781 0.288889 0.029687
1 0.965741 0.700781 0.068519 0.029687
1 0.181944 0.738281 0.260185 0.038021
1 0.477315 0.738281 0.330556 0.038021
1 0.787037 0.738281 0.288889 0.038021
1 0.965741 0.738281 0.068519 0.038021
1 0.181944 0.776302 0.260185 0.038021
1 0.477315 0.776302 0.330556 0.038021
1 0.787037 0.776302 0.288889 0.038021
1 0.965741 0.776302 0.068519 0.038021
1 0.856019 0.257031 0.147222 0.029687
3 0.856481 0.293750 0.220370 0.029167
1 0.856481 0.342187 0.062963 0.067708
3 0.856481 0.385156 0.181481 0.003646
1 0.856481 0.428125 0.062963 0.067708
3 0.856481 0.476562 0.220370 0.029167
1 0.856019 0.513281 0.163889 0.029687