6 0.500000 0.072917 1.000000 0.145833
1 0.590741 0.094531 0.818519 0.045312
4 0.090741 0.094792 0.181481 0.102083
1 0.525926 0.794792 0.948148 0.102083
1 0.525926 0.794792 0.948148 0.102083
3 0.090741 0.255208 0.077778 0.043750
4 0.090741 0.444792 0.077778 0.043750
3 0.090741 0.634375 0.077778 0.043750
4 0.090741 0.955208 0.077778 0.043750
3 0.090741 0.255208 0.077778 0.043750
4 0.090741 0.444792 0.077778 0.043750
3 0.090741 0.806250 0.077778 0.387500
4 0.090741 0.955208 0.077778 0.043750
1 0.304630 0.217188 0.350000 0.036458
1 0.280093 0.406771 0.300926 0.036458
1 0.322685 0.611979 0.256481 0.036458
1 0.460648 0.659635 0.532407 0.029687
1 0.468981 0.932813 0.549074 0.036458
1 0.389352 0.980469 0.389815 0.029687
1 0.304630 0.217188 0.350000 0.036458
1 0.280093 0.406771 0.300926 0.036458
1 0.322685 0.611979 0.256481 0.036458
1 0.460648 0.659635 0.532407 0.029687
1 0.468981 0.932813 0.549074 0.036458
1 0.389352 0.980469 0.389815 0.029687
0 0.459722 0.280469 0.530556 0.060937
0 0.875463 0.280469 0.249074 0.060937
0 0.366667 0.470052 0.344444 0.060937
0 0.737500 0.470052 0.345370 0.060937
0 0.968056 0.470052 0.063889 0.060937
0 0.459722 0.280469 0.530556 0.060937
0 0.875463 0.280469 0.249074 0.060937
0 0.366667 0.470052 0.344444 0.060937
0 0.737500 0.470052 0.345370 0.060937
0 0.968056 0.470052 0.063889 0.060937