6 0.500000 0.189583 1.000000 0.204167
4 0.233333 0.189583 0.259259 0.145833
1 0.681481 0.189583 0.637037 0.079167
7 0.500000 0.418229 1.000000 0.253125
3 0.207407 0.415625 0.155556 0.087500
1 0.711111 0.386458 0.577778 0.079167
1 0.711111 0.455729 0.577778 0.059375
7 0.500000 0.671354 1.000000 0.253125
3 0.207407 0.668750 0.155556 0.087500
1 0.711111 0.639583 0.577778 0.079167
1 0.711111 0.708854 0.577778 0.059375
7 0.500000 0.898958 1.000000 0.202083
4 0.207407 0.921875 0.155556 0.087500
1 0.558333 0.892708 0.272222 0.079167
1 0.711111 0.961979 0.577778 0.059375