3 0.500000 0.521875 1.000000 0.956250
4 0.076852 0.089323 0.153704 0.091146
1 0.653704 0.089323 0.692593 0.091146
7 0.500000 0.164583 1.000000 0.059375
1 0.538889 0.161719 0.922222 0.053646
7 0.500000 0.238281 1.000000 0.088021
1 0.327778 0.238281 0.500000 0.044271
7 0.500000 0.326302 1.000000 0.088021
1 0.299537 0.326302 0.443519 0.044271
7 0.500000 0.414323 1.000000 0.088021
1 0.156019 0.414323 0.156481 0.044271
7 0.500000 0.502344 1.000000 0.088021
1 0.151389 0.502344 0.147222 0.044271
7 0.500000 0.622396 1.000000 0.152083
1 0.200000 0.590365 0.244444 0.044271
1 0.538889 0.644531 0.922222 0.064062
7 0.500000 0.730469 1.000000 0.064062
1 0.538889 0.727604 0.922222 0.058333
7 0.500000 0.806510 1.000000 0.088021
1 0.267130 0.806510 0.378704 0.044271
1 0.728241 0.806510 0.543519 0.044271
7 0.500000 0.925260 1.000000 0.149479
1 0.193056 0.894531 0.230556 0.044271
1 0.538889 0.948698 0.922222 0.064062