6 0.500000 0.091146 1.000000 0.094792
4 0.024537 0.090885 0.049074 0.027604
1 0.231944 0.090885 0.365741 0.036979
7 0.500000 0.155208 1.000000 0.029167
7 0.500000 0.229948 1.000000 0.120313
3 0.500000 0.229948 1.000000 0.120313
4 0.116667 0.229687 0.142593 0.080208
1 0.164352 0.208073 0.058333 0.032813
1 0.347222 0.205990 0.227778 0.039062
1 0.486111 0.246354 0.505556 0.034375
7 0.500000 0.304688 1.000000 0.029167
7 0.500000 0.363021 1.000000 0.087500
3 0.500000 0.363021 1.000000 0.087500
3 0.116667 0.363021 0.129630 0.072917
1 0.246296 0.362760 0.116667 0.039062
7 0.500000 0.450521 1.000000 0.087500
3 0.500000 0.450521 1.000000 0.087500
3 0.116667 0.450521 0.129630 0.072917
1 0.299537 0.450260 0.223148 0.039062
7 0.500000 0.538021 1.000000 0.087500
3 0.500000 0.538021 1.000000 0.087500
3 0.116667 0.538021 0.129630 0.072917
1 0.314352 0.537760 0.252778 0.039062
7 0.500000 0.625521 1.000000 0.087500
3 0.500000 0.625521 1.000000 0.087500
3 0.116667 0.625521 0.129630 0.072917
1 0.273148 0.625260 0.170370 0.039062