6 0.500000 0.094792 1.000000 0.102083
1 0.320833 0.094531 0.175000 0.048438
4 0.090741 0.094792 0.181481 0.102083
7 0.508333 0.260417 0.983333 0.210417
3 0.220370 0.259375 0.259259 0.145833
1 0.536111 0.268490 0.307407 0.048438
7 0.508333 0.480208 0.983333 0.210417
3 0.220370 0.479167 0.259259 0.145833
1 0.536574 0.488281 0.308333 0.048438
7 0.508333 0.700000 0.983333 0.210417
3 0.220370 0.698958 0.259259 0.145833
1 0.530556 0.708073 0.296296 0.048438
7 0.508333 0.907292 0.983333 0.185417
3 0.220370 0.918750 0.259259 0.145833
1 0.546296 0.927865 0.327778 0.048438