4 0.090741 0.094792 0.155556 0.087500
1 0.610185 0.094792 0.779630 0.044792
4 0.075000 0.186979 0.129630 0.082292
1 0.586111 0.186979 0.827778 0.039583
1 0.666204 0.563281 0.425000 0.050521
4 0.130093 0.799740 0.130556 0.075521
1 0.345833 0.800521 0.237963 0.039583
1 0.613426 0.876563 0.773148 0.039583
1 0.122222 0.670833 0.129630 0.072917
1 0.302778 0.670833 0.129630 0.072917
1 0.484259 0.670833 0.129630 0.072917
1 0.665741 0.670833 0.129630 0.072917
1 0.847222 0.670833 0.129630 0.072917
1 0.981944 0.670833 0.036111 0.072917
1 0.997222 0.840104 0.005556 0.039583
1 0.613426 0.957292 0.773148 0.085417
1 0.221759 0.396094 0.256481 0.042188
1 0.666667 0.396094 0.296296 0.042188
1 0.964352 0.396094 0.071296 0.042188
1 0.221759 0.310417 0.117593 0.044792
1 0.221296 0.265885 0.118519 0.075521
1 0.666204 0.310417 0.117593 0.044792
1 0.665741 0.265885 0.118519 0.075521