6 0.500000 0.094792 1.000000 0.102083
1 0.414352 0.094531 0.439815 0.048438
4 0.090741 0.094792 0.181481 0.102083
7 0.525926 0.147656 0.948148 0.003646
7 0.525926 0.226562 0.948148 0.125000
1 0.538889 0.206771 0.922222 0.056250
1 0.538889 0.254688 0.922222 0.039583
7 0.525926 0.366146 0.948148 0.125000
1 0.538889 0.346354 0.922222 0.056250
1 0.538889 0.394271 0.922222 0.039583
7 0.525926 0.505729 0.948148 0.125000
1 0.538889 0.485938 0.922222 0.056250
1 0.538889 0.533854 0.922222 0.039583
7 0.525926 0.645312 0.948148 0.125000
1 0.538889 0.625521 0.922222 0.056250
1 0.538889 0.673438 0.922222 0.039583
7 0.525926 0.784896 0.948148 0.125000
1 0.538889 0.765104 0.922222 0.056250
1 0.538889 0.813021 0.922222 0.039583
7 0.525926 0.924479 0.948148 0.125000
1 0.538889 0.904687 0.922222 0.056250
1 0.538889 0.952604 0.922222 0.039583