9 0.453704 0.500000 0.907407 1.000000
1 0.453704 0.093229 0.907407 0.087500
1 0.134259 0.188542 0.268519 0.087500
1 0.453704 0.276042 0.907407 0.087500
1 0.453704 0.363542 0.907407 0.087500
1 0.453704 0.451042 0.907407 0.087500
1 0.453704 0.538542 0.907407 0.087500
1 0.453704 0.628125 0.907407 0.087500
1 0.453704 0.715625 0.907407 0.087500
1 0.453704 0.803125 0.907407 0.087500
6 0.500000 0.094792 1.000000 0.102083
1 0.345833 0.094531 0.225000 0.048438
4 0.090741 0.094792 0.181481 0.102083
7 0.500000 0.194792 1.000000 0.097917
1 0.323148 0.194792 0.542593 0.039583
7 0.500000 0.311979 1.000000 0.132292
1 0.402315 0.294792 0.700926 0.039583
1 0.080093 0.331771 0.056481 0.034375
7 0.500000 0.446354 1.000000 0.132292
1 0.401389 0.429167 0.699074 0.039583
1 0.406944 0.466146 0.710185 0.034375
7 0.500000 0.563542 1.000000 0.097917
1 0.253241 0.563542 0.402778 0.039583
7 0.500000 0.663542 1.000000 0.097917
1 0.353241 0.663542 0.602778 0.039583