6 0.500000 0.189583 1.000000 0.204167
1 0.733333 0.189062 0.533333 0.096875
4 0.181481 0.189583 0.362963 0.204167
7 0.500000 0.403646 1.000000 0.223958
3 0.639815 0.329167 0.064815 0.075000
1 0.842593 0.314063 0.314815 0.044792
1 0.549074 0.433854 0.901852 0.059375
3 0.162037 0.321875 0.194444 0.060417
1 0.433333 0.321875 0.281481 0.060417
7 0.500000 0.662500 1.000000 0.291667
4 0.625000 0.597396 0.064815 0.123958
1 0.835185 0.596875 0.329630 0.064583
1 0.549074 0.726562 0.901852 0.059375
3 0.162037 0.590104 0.194444 0.109375
1 0.425926 0.590104 0.266667 0.109375
7 0.500000 0.904687 1.000000 0.190625
3 0.812037 0.890104 0.064815 0.123958
1 0.928704 0.889583 0.142593 0.064583
1 0.549074 0.994792 0.901852 0.010417
3 0.162037 0.882812 0.194444 0.109375
1 0.519444 0.882812 0.453704 0.109375