6 0.500000 0.094792 1.000000 0.102083
1 0.321296 0.094531 0.253704 0.048438
4 0.090741 0.094792 0.181481 0.102083
9 0.500000 0.572917 1.000000 0.854167
3 0.506481 0.280729 0.987037 0.255208
1 0.646296 0.438021 0.707407 0.059375
1 0.506481 0.528385 0.987037 0.121354
7 0.453704 0.325260 0.907407 0.358854
3 0.681481 0.457031 0.451852 0.091146
3 0.453241 0.219792 0.269444 0.147917
3 0.225926 0.457031 0.451852 0.091146
1 0.280556 0.432552 0.050000 0.024479
1 0.453704 0.352604 0.666667 0.072917
7 0.453704 0.542448 0.907407 0.071354
3 0.084259 0.542448 0.064815 0.071354
1 0.348611 0.542188 0.230556 0.034375
7 0.453704 0.620313 0.907407 0.080208
3 0.084259 0.620313 0.064815 0.080208
1 0.347685 0.620313 0.228704 0.034375
7 0.453704 0.702604 0.907407 0.080208
3 0.084259 0.702604 0.064815 0.080208
1 0.370370 0.702604 0.274074 0.034375
7 0.453704 0.783073 0.907407 0.071354
4 0.084259 0.783073 0.064815 0.071354
1 0.386111 0.782813 0.305556 0.034375
7 0.453704 0.864583 0.907407 0.082292
3 0.084259 0.864583 0.064815 0.082292
1 0.380556 0.864583 0.294444 0.034375
7 0.453704 0.947917 0.907407 0.080208
3 0.087963 0.947917 0.051852 0.080208
1 0.409259 0.947656 0.350000 0.024479