6 0.500000 0.094792 1.000000 0.102083
4 0.090741 0.094792 0.181481 0.102083
1 0.459722 0.094531 0.530556 0.048438
1 0.500000 0.177604 1.000000 0.063542
7 0.500000 0.275000 1.000000 0.132292
1 0.186111 0.257812 0.268519 0.039583
1 0.373611 0.294792 0.643519 0.034375
7 0.500000 0.406771 1.000000 0.132292
1 0.241204 0.389583 0.378704 0.039583
1 0.489352 0.426563 0.875000 0.034375
7 0.500000 0.538542 1.000000 0.132292
1 0.298148 0.521354 0.492593 0.039583
1 0.525926 0.558333 0.948148 0.034375
7 0.500000 0.685156 1.000000 0.161979
1 0.237963 0.653125 0.372222 0.039583
1 0.525926 0.704948 0.948148 0.064062
7 0.500000 0.846615 1.000000 0.161979
1 0.223148 0.814583 0.342593 0.039583
1 0.525926 0.866406 0.948148 0.064062
7 0.500000 0.963542 1.000000 0.072917
1 0.272222 0.976042 0.440741 0.039583
1 0.525926 0.997917 0.948148 0.004167