6 0.500000 0.087500 1.000000 0.087500
4 0.985185 0.087500 0.029630 0.087500
4 0.025926 0.087500 0.051852 0.029167
3 0.091667 0.087500 0.103704 0.058333
1 0.242593 0.087240 0.172222 0.044271
7 0.500000 0.182552 1.000000 0.102604
1 0.500000 0.182552 1.000000 0.102604
7 0.500000 0.286198 1.000000 0.102604
1 0.500000 0.286198 1.000000 0.102604
7 0.500000 0.389844 1.000000 0.102604
1 0.500000 0.389844 1.000000 0.102604
7 0.500000 0.493490 1.000000 0.102604
1 0.500000 0.493490 1.000000 0.102604
7 0.500000 0.597135 1.000000 0.102604
1 0.500000 0.597135 1.000000 0.102604
7 0.500000 0.700781 1.000000 0.102604
1 0.500000 0.700781 1.000000 0.102604
7 0.500000 0.804427 1.000000 0.102604
1 0.500000 0.804427 1.000000 0.102604
7 0.500000 0.908073 1.000000 0.102604
1 0.500000 0.908073 1.000000 0.102604
7 0.500000 0.980208 1.000000 0.039583
1 0.500000 0.980208 1.000000 0.039583