6 0.500000 0.102083 1.000000 0.116667
1 0.179630 0.101823 0.255556 0.048438
4 0.933333 0.102083 0.133333 0.087500
0 0.133333 0.209635 0.266667 0.098437
0 0.400000 0.209635 0.266667 0.098437
0 0.666667 0.209635 0.266667 0.098437
0 0.900000 0.209635 0.200000 0.098437
1 0.116667 0.324479 0.181481 0.032292
1 0.298148 0.324479 0.181481 0.032292
1 0.479630 0.324479 0.181481 0.032292
1 0.661111 0.324479 0.181481 0.032292
1 0.842593 0.324479 0.181481 0.032292
1 0.966667 0.324479 0.066667 0.032292
1 0.639815 0.386458 0.116667 0.065625
1 0.818519 0.386458 0.116667 0.065625
1 0.969444 0.386458 0.061111 0.065625
1 0.103704 0.452083 0.116667 0.065625
1 0.282407 0.452083 0.116667 0.065625
1 0.461111 0.452083 0.116667 0.065625
1 0.639815 0.452083 0.116667 0.065625
1 0.818519 0.452083 0.116667 0.065625
1 0.969444 0.452083 0.061111 0.065625
1 0.103704 0.517708 0.116667 0.065625
1 0.282407 0.517708 0.116667 0.065625
1 0.461111 0.517708 0.116667 0.065625
1 0.639815 0.517708 0.116667 0.065625
1 0.818519 0.517708 0.116667 0.065625
1 0.969444 0.517708 0.061111 0.065625
1 0.103704 0.583333 0.116667 0.065625
1 0.282407 0.583333 0.116667 0.065625
1 0.461111 0.583333 0.116667 0.065625
1 0.639815 0.583333 0.116667 0.065625
1 0.818519 0.583333 0.116667 0.065625
1 0.969444 0.583333 0.061111 0.065625
1 0.103704 0.648958 0.116667 0.065625
1 0.282407 0.648958 0.116667 0.065625
1 0.461111 0.648958 0.116667 0.065625