1 0.525926 0.055469 0.948148 0.023438
7 0.525926 0.126562 0.948148 0.116667
1 0.218056 0.109115 0.280556 0.044271
1 0.212500 0.148438 0.269444 0.034375
7 0.525926 0.244271 0.948148 0.116667
1 0.133333 0.226823 0.111111 0.044271
1 0.129630 0.266146 0.103704 0.034375
7 0.525926 0.361979 0.948148 0.116667
1 0.187037 0.344531 0.218519 0.044271
1 0.158796 0.383854 0.162037 0.034375
1 0.525926 0.450521 0.948148 0.058333
7 0.525926 0.539062 0.948148 0.116667
1 0.141667 0.521615 0.127778 0.044271
1 0.349537 0.560937 0.543519 0.034375
7 0.525926 0.656771 0.948148 0.116667
1 0.193981 0.639323 0.232407 0.044271
1 0.243519 0.678646 0.331481 0.034375
7 0.525926 0.774479 0.948148 0.116667
1 0.198148 0.757031 0.240741 0.044271
1 0.126389 0.796354 0.097222 0.034375
7 0.525926 0.892188 0.948148 0.116667
1 0.206944 0.874740 0.258333 0.044271
1 0.354167 0.914062 0.552778 0.034375
1 0.525926 0.975781 0.948148 0.048438