6 0.500000 0.094792 1.000000 0.102083
4 0.090741 0.094792 0.181481 0.102083
1 0.359259 0.094531 0.329630 0.048438
9 0.500000 0.189583 1.000000 0.087500
1 0.222222 0.189583 0.444444 0.087500
1 0.666667 0.189583 0.444444 0.087500
1 0.944444 0.189583 0.111111 0.087500
1 0.525926 0.317188 0.948148 0.109375
1 0.525926 0.428646 0.948148 0.109375
1 0.525926 0.540104 0.948148 0.109375
1 0.525926 0.651563 0.948148 0.109375
1 0.525926 0.763021 0.948148 0.109375
1 0.525926 0.881771 0.948148 0.123958
1 0.525926 0.972917 0.948148 0.054167