4 0.064815 0.080208 0.129630 0.072917
1 0.566667 0.080208 0.866667 0.072917
7 0.500000 0.191927 1.000000 0.150521
1 0.132870 0.191927 0.200926 0.104688
1 0.965741 0.156250 0.068519 0.035417
3 0.974537 0.191927 0.050926 0.048438
7 0.500000 0.343490 1.000000 0.150521
1 0.132870 0.343490 0.200926 0.104688
1 0.965741 0.307812 0.068519 0.035417
3 0.974537 0.343490 0.050926 0.048438
7 0.500000 0.495052 1.000000 0.150521
1 0.132870 0.495052 0.200926 0.104688
1 0.965741 0.459375 0.068519 0.035417
7 0.500000 0.646615 1.000000 0.150521
1 0.175000 0.646615 0.285185 0.104688
1 0.965741 0.610938 0.068519 0.035417
3 0.974537 0.646615 0.050926 0.048438
7 0.500000 0.798177 1.000000 0.150521
1 0.175000 0.798177 0.285185 0.104688
1 0.965741 0.762500 0.068519 0.035417
3 0.974537 0.798177 0.050926 0.048438
7 0.500000 0.937240 1.000000 0.125521
1 0.175000 0.948698 0.285185 0.102604
1 0.944907 0.914062 0.110185 0.035417
3 0.974537 0.949740 0.050926 0.048438