3 0.500000 0.521875 1.000000 0.956250
1 0.666667 0.083594 0.657407 0.043229
1 0.666667 0.124740 0.268519 0.039062
1 0.500000 0.230729 1.000000 0.078125
1 0.500000 0.308854 1.000000 0.078125
1 0.500000 0.386979 1.000000 0.078125
1 0.500000 0.461458 1.000000 0.066667
1 0.500000 0.563542 1.000000 0.118750
1 0.500000 0.682292 1.000000 0.118750
1 0.500000 0.801042 1.000000 0.118750
1 0.500000 0.919792 1.000000 0.118750
3 0.117130 0.121875 0.130556 0.086458
3 0.108796 0.121875 0.113889 0.045833
3 0.617130 0.104948 0.765741 0.064062
1 0.577778 0.154167 0.844444 0.034375