4 0.066667 0.051042 0.133333 0.044792
1 0.466667 0.051042 0.666667 0.102083
1 0.900000 0.025521 0.200000 0.051042
7 0.500000 0.388021 1.000000 0.145833
1 0.624537 0.388021 0.750926 0.127083
1 0.108333 0.387500 0.083333 0.017708
7 0.500000 0.533333 1.000000 0.145833
1 0.036111 0.533333 0.072222 0.019792
1 0.180556 0.533333 0.072222 0.019792
1 0.624537 0.533333 0.750926 0.127083
3 0.108333 0.533333 0.025926 0.014583
7 0.500000 0.678646 1.000000 0.145833
1 0.036111 0.678646 0.072222 0.019792
1 0.180556 0.678646 0.072222 0.019792
1 0.624537 0.678646 0.750926 0.127083
3 0.108333 0.678646 0.025926 0.014583
7 0.500000 0.823958 1.000000 0.145833
1 0.036111 0.823958 0.072222 0.019792
1 0.180556 0.823958 0.072222 0.019792
1 0.624537 0.823958 0.750926 0.127083
3 0.108333 0.823958 0.025926 0.014583
7 0.500000 0.948177 1.000000 0.103646
1 0.036111 0.969271 0.072222 0.019792
1 0.180556 0.969271 0.072222 0.019792
1 0.624537 0.952865 0.750926 0.094271
3 0.108333 0.969271 0.025926 0.014583
1 0.984259 0.076563 0.031481 0.051042
3 0.500000 0.208594 1.000000 0.213021
1 0.833333 0.128125 0.333333 0.050000
1 0.833333 0.180208 0.333333 0.050000