6 0.500000 0.087500 1.000000 0.087500
4 0.143519 0.087500 0.207407 0.058333
1 0.439352 0.087240 0.358333 0.044271
1 0.512963 0.181250 0.974074 0.070833
7 0.512963 0.364844 0.974074 0.259896
1 0.924537 0.364844 0.150926 0.259896
3 0.437500 0.364844 0.823148 0.259896
4 0.436111 0.364583 0.116667 0.065625
1 0.437500 0.458333 0.823148 0.072917
7 0.512963 0.642969 0.974074 0.259896
1 0.924537 0.642969 0.150926 0.259896
3 0.437500 0.642969 0.823148 0.259896
4 0.436111 0.642708 0.116667 0.065625
1 0.437500 0.736458 0.823148 0.072917
7 0.512963 0.836719 0.974074 0.091146
7 0.512963 0.950260 0.974074 0.099479
1 0.924537 0.950260 0.150926 0.099479
3 0.437500 0.950260 0.823148 0.099479
4 0.436111 0.998698 0.116667 0.002604