6 0.500000 0.094792 1.000000 0.102083
1 0.363889 0.094531 0.338889 0.048438
4 0.090741 0.094792 0.181481 0.102083
8 0.506481 0.409896 0.987037 0.513542
1 0.305093 0.250521 0.449074 0.082292
1 0.701389 0.250521 0.291667 0.082292
1 0.187500 0.498437 0.213889 0.078125
1 0.415741 0.498437 0.190741 0.078125
4 0.119444 0.595833 0.077778 0.043750
4 0.158333 0.371875 0.155556 0.087500
3 0.412037 0.371875 0.155556 0.087500
4 0.665741 0.371875 0.155556 0.087500
4 0.920370 0.371875 0.155556 0.087500
8 0.506481 0.830729 0.987037 0.338542
1 0.220370 0.756771 0.279630 0.078125
1 0.481481 0.756771 0.190741 0.078125
3 0.119444 0.854167 0.077778 0.043750
4 0.119444 0.936979 0.077778 0.043750
1 0.605093 0.936979 0.789815 0.034375