9 0.421296 0.521875 0.842593 0.956250
1 0.421296 0.226042 0.842593 0.364583
6 0.500000 0.094792 1.000000 0.102083
1 0.370833 0.094531 0.275000 0.048438
4 0.090741 0.094792 0.181481 0.102083
7 0.512963 0.172396 0.974074 0.053125
1 0.512963 0.172396 0.974074 0.053125
7 0.512963 0.335156 0.974074 0.273438
1 0.351389 0.227083 0.586111 0.057292
1 0.822222 0.227083 0.355556 0.057292
1 0.091204 0.294792 0.065741 0.078125
3 0.533333 0.309896 0.155556 0.087500
1 0.665741 0.310156 0.109259 0.069271
3 0.798148 0.309896 0.155556 0.087500
7 0.512963 0.608073 0.974074 0.273438
1 0.365741 0.500000 0.614815 0.057292
1 0.836574 0.500000 0.326852 0.057292
1 0.077778 0.567708 0.038889 0.078125
3 0.533333 0.582812 0.155556 0.087500
1 0.805556 0.045573 0.388889 0.091146
3 0.798148 0.582812 0.155556 0.087500
7 0.512963 0.872135 0.974074 0.255729
1 0.376389 0.772917 0.636111 0.057292
1 0.847222 0.772917 0.305556 0.057292
1 0.098611 0.840625 0.080556 0.078125
3 0.533333 0.855729 0.155556 0.087500
1 0.665741 0.855990 0.109259 0.069271
4 0.798148 0.855729 0.155556 0.087500