6 0.500000 0.094792 1.000000 0.102083
1 0.317593 0.094531 0.531481 0.048438
1 0.526389 0.395052 0.947222 0.286979
1 0.508333 0.194010 0.983333 0.048438
3 0.666667 0.692448 0.340741 0.085938
1 0.264815 0.790104 0.424074 0.036458
1 0.264815 0.826562 0.424074 0.036458
1 0.264815 0.863021 0.424074 0.036458
1 0.264815 0.899479 0.424074 0.036458
1 0.264815 0.935937 0.424074 0.036458
1 0.264815 0.972396 0.424074 0.036458
1 0.738426 0.790104 0.523148 0.036458
1 0.738426 0.826562 0.523148 0.036458
1 0.738426 0.863021 0.523148 0.036458
1 0.738426 0.899479 0.523148 0.036458
1 0.738426 0.935937 0.523148 0.036458
1 0.738426 0.972396 0.523148 0.036458
3 0.194907 0.194271 0.356481 0.078125