6 0.500000 0.094792 1.000000 0.102083
3 0.212963 0.094792 0.322222 0.043750
3 0.814815 0.094792 0.155556 0.087500
3 0.946296 0.094792 0.107407 0.087500
3 0.500000 0.560417 1.000000 0.750000
3 0.549074 0.560417 0.901852 0.639583
3 0.666667 0.560417 0.657407 0.369792
1 0.666204 0.414323 0.271296 0.020313
1 0.666667 0.448958 0.120370 0.043750
1 0.666667 0.498698 0.342593 0.020313
1 0.666667 0.553125 0.225926 0.080208
1 0.666667 0.612760 0.240741 0.044271
1 0.666667 0.664844 0.311111 0.020313
1 0.666667 0.700521 0.079630 0.043750