6 0.500000 0.189583 1.000000 0.204167
4 0.181481 0.189583 0.362963 0.204167
1 0.687963 0.156771 0.624074 0.073958
1 0.687963 0.219792 0.624074 0.064583
7 0.500000 0.400000 1.000000 0.216667
1 0.331481 0.447917 0.544444 0.068750
1 0.370370 0.361979 0.622222 0.088542
1 0.844444 0.361979 0.311111 0.088542
7 0.500000 0.620833 1.000000 0.216667
1 0.412037 0.668750 0.705556 0.068750
1 0.399074 0.582812 0.679630 0.088542
1 0.873148 0.582812 0.253704 0.088542
7 0.500000 0.841667 1.000000 0.216667
1 0.529630 0.889583 0.940741 0.068750
1 0.529630 0.803646 0.940741 0.088542