6 0.500000 0.094792 1.000000 0.102083
1 0.448611 0.094531 0.430556 0.048438
4 0.090741 0.094792 0.181481 0.102083
4 0.946296 0.094792 0.107407 0.087500
9 0.388889 0.572917 0.777778 0.854167
7 0.388889 0.212240 0.777778 0.132812
1 0.225926 0.177604 0.400000 0.034375
3 0.077778 0.234896 0.103704 0.058333
0 0.291204 0.234896 0.193519 0.058333
0 0.531944 0.234896 0.223148 0.058333
7 0.388889 0.319792 0.777778 0.080208
1 0.299074 0.319792 0.546296 0.034375
4 0.652315 0.319792 0.160185 0.051042
7 0.388889 0.445052 0.777778 0.168229
3 0.077778 0.415625 0.103704 0.058333
1 0.325000 0.404687 0.338889 0.058333
1 0.462037 0.474219 0.579630 0.080729
7 0.388889 0.596615 0.777778 0.132812
1 0.132407 0.561979 0.212963 0.034375
3 0.077778 0.619271 0.103704 0.058333
0 0.290278 0.619271 0.191667 0.058333
0 0.515278 0.619271 0.193519 0.058333
7 0.388889 0.801823 0.777778 0.275521
1 0.376852 0.763542 0.701852 0.034375
1 0.233333 0.703125 0.414815 0.034375
2 0.596296 0.703385 0.311111 0.049479
1 0.233333 0.881771 0.414815 0.034375
2 0.596296 0.882031 0.311111 0.049479
7 0.388889 0.970313 0.777778 0.059375
1 0.233333 0.977604 0.414815 0.044792
2 0.596296 0.981250 0.311111 0.037500
4 0.123148 0.491667 0.155556 0.087500
3 0.123148 0.597396 0.155556 0.087500
3 0.123148 0.703125 0.155556 0.087500
3 0.123148 0.808854 0.155556 0.087500
3 0.666204 0.982552 0.356481 0.034896