9 0.500000 0.500000 1.000000 1.000000
3 0.500000 0.500000 1.000000 1.000000
8 0.512963 0.358854 0.974074 0.393750
1 0.512963 0.210417 0.974074 0.096875
7 0.512963 0.309375 0.974074 0.096875
1 0.103704 0.309115 0.077778 0.044271
1 0.337037 0.309115 0.311111 0.044271
7 0.512963 0.408333 0.974074 0.096875
1 0.103704 0.408073 0.077778 0.044271
1 0.239815 0.408073 0.116667 0.044271
7 0.512963 0.507292 0.974074 0.096875
1 0.103704 0.507031 0.077778 0.044271
1 0.356019 0.507031 0.349074 0.044271
7 0.500000 0.142187 1.000000 0.080208
4 0.071296 0.142187 0.142593 0.080208
1 0.597222 0.142187 0.805556 0.039583
7 0.500000 0.227083 1.000000 0.089583
1 0.525926 0.227083 0.948148 0.034375
7 0.500000 0.316667 1.000000 0.089583
1 0.525926 0.316667 0.948148 0.034375
7 0.500000 0.403385 1.000000 0.083854
4 0.093981 0.407031 0.084259 0.047396
1 0.290278 0.407031 0.204630 0.042188
7 0.500000 0.487240 1.000000 0.083854
4 0.093981 0.490885 0.084259 0.047396
1 0.371296 0.490885 0.366667 0.042188
7 0.500000 0.571094 1.000000 0.083854
3 0.093981 0.574740 0.084259 0.047396
1 0.365278 0.574740 0.354630 0.042188
7 0.500000 0.654948 1.000000 0.083854
4 0.093981 0.658594 0.084259 0.047396
1 0.350926 0.658594 0.325926 0.042188
7 0.500000 0.788281 1.000000 0.182812
3 0.562963 0.768490 0.201852 0.026562
1 0.562963 0.823438 0.374074 0.054167
1 0.113426 0.098437 0.097222 0.051042
2 0.597222 0.096875 0.805556 0.072917