9 0.500000 0.500000 1.000000 1.000000
7 0.512963 0.363281 0.974074 0.255729
3 0.357407 0.359635 0.662963 0.248438
3 0.850926 0.359635 0.298148 0.248438
7 0.512963 0.625260 0.974074 0.269271
3 0.375000 0.621615 0.698148 0.261979
3 0.868519 0.621615 0.262963 0.261979
7 0.512963 0.879687 0.974074 0.240625
3 0.356019 0.879687 0.660185 0.240625
3 0.849537 0.879687 0.300926 0.240625
3 0.500000 0.500000 1.000000 1.000000
8 0.512963 0.358854 0.974074 0.393750
1 0.512963 0.210417 0.974074 0.096875
7 0.512963 0.309375 0.974074 0.096875
1 0.103704 0.309115 0.077778 0.044271
1 0.337037 0.309115 0.311111 0.044271
7 0.512963 0.408333 0.974074 0.096875
1 0.103704 0.408073 0.077778 0.044271
1 0.239815 0.408073 0.116667 0.044271
7 0.512963 0.507292 0.974074 0.096875
1 0.103704 0.507031 0.077778 0.044271
1 0.356019 0.507031 0.349074 0.044271
8 0.500000 0.184115 1.000000 0.072396
1 0.113426 0.098437 0.097222 0.051042
2 0.597222 0.096875 0.805556 0.072917