6 0.500000 0.094792 1.000000 0.102083
4 0.090741 0.094792 0.181481 0.102083
4 0.337037 0.090104 0.051852 0.029167
1 0.488426 0.090365 0.225000 0.056771
4 0.456019 0.129167 0.291667 0.009375
3 0.791204 0.090104 0.069444 0.025000
1 0.919444 0.090365 0.161111 0.056771
1 0.333333 0.213281 0.666667 0.134896
1 0.833333 0.213281 0.333333 0.134896
1 0.866667 0.722135 0.266667 0.147396
1 0.333333 0.400781 0.435185 0.034896
4 0.666204 0.437240 0.089815 0.047396
1 0.891204 0.400781 0.217593 0.034896
1 0.333333 0.665885 0.435185 0.034896
2 0.333333 0.776042 0.435185 0.039583
2 0.214815 0.929948 0.153704 0.140104
1 0.407870 0.929948 0.193519 0.140104
1 0.963426 0.935677 0.073148 0.128646
4 0.838889 0.939583 0.077778 0.043750
1 0.942130 0.992448 0.115741 0.015104