6 0.500000 0.087500 1.000000 0.087500
4 0.516667 0.087500 0.181481 0.087500
4 0.698148 0.087500 0.181481 0.087500
4 0.879630 0.087500 0.181481 0.087500
3 0.985185 0.087500 0.029630 0.087500
4 0.025926 0.087500 0.051852 0.029167
4 0.091667 0.087500 0.103704 0.058333
1 0.278241 0.087240 0.243519 0.044271
3 0.500000 0.565625 1.000000 0.868750
3 0.032407 0.565625 0.064815 0.868750
7 0.500000 0.225260 1.000000 0.188021
3 0.511574 0.305469 0.976852 0.027604
7 0.500000 0.412760 1.000000 0.188021
3 0.511574 0.492969 0.976852 0.027604
7 0.500000 0.600260 1.000000 0.188021
3 0.511574 0.680469 0.976852 0.027604