6 0.500000 0.094792 1.000000 0.102083
3 0.666667 0.094792 0.331481 0.102083
4 0.090741 0.094792 0.181481 0.102083
7 0.500000 0.181250 1.000000 0.070833
1 0.500000 0.181250 1.000000 0.070833
7 0.500000 0.264323 1.000000 0.091146
7 0.500000 0.417708 1.000000 0.211458
1 0.791667 0.367188 0.416667 0.073958
1 0.791667 0.459375 0.416667 0.091667
3 0.291667 0.417708 0.518519 0.175000
7 0.500000 0.631250 1.000000 0.211458
1 0.791667 0.580729 0.416667 0.073958
1 0.791667 0.672917 0.416667 0.091667
3 0.291667 0.631250 0.518519 0.175000
7 0.500000 0.844792 1.000000 0.211458
1 0.791667 0.794271 0.416667 0.073958
1 0.791667 0.886458 0.416667 0.091667
3 0.291667 0.844792 0.518519 0.175000
7 0.500000 0.976302 1.000000 0.047396
1 0.791667 0.985417 0.416667 0.029167
3 0.291667 0.985417 0.518519 0.029167