6 0.500000 0.094792 1.000000 0.102083
1 0.503241 0.094531 0.539815 0.048438
4 0.090741 0.094792 0.181481 0.102083
1 0.500000 0.180208 1.000000 0.068750
7 0.500000 0.285417 1.000000 0.137500
1 0.254630 0.265625 0.405556 0.039583
1 0.455093 0.305208 0.806481 0.039583
7 0.500000 0.425000 1.000000 0.137500
1 0.277778 0.405208 0.451852 0.039583
1 0.158796 0.444792 0.213889 0.039583
7 0.500000 0.564583 1.000000 0.137500
1 0.199074 0.544792 0.294444 0.039583
1 0.495370 0.584375 0.887037 0.039583
7 0.500000 0.704167 1.000000 0.137500
1 0.304630 0.684375 0.505556 0.039583
1 0.525926 0.723958 0.948148 0.039583
1 0.500000 0.809375 1.000000 0.068750
7 0.500000 0.922917 1.000000 0.154167
1 0.289815 0.894792 0.475926 0.039583
1 0.525926 0.951562 0.948148 0.073958