3 0.524537 0.104167 0.950926 0.102083
1 0.524537 0.208594 0.950926 0.069271
1 0.524537 0.277865 0.950926 0.069271
1 0.524537 0.347135 0.950926 0.069271
1 0.524537 0.416406 0.950926 0.069271
1 0.524537 0.485677 0.950926 0.069271
1 0.524537 0.554948 0.950926 0.069271
1 0.524537 0.624219 0.950926 0.069271
1 0.524537 0.693490 0.950926 0.069271
1 0.524537 0.890885 0.950926 0.069271
1 0.524537 0.986719 0.950926 0.026562
4 0.146296 0.792188 0.194444 0.109375
4 0.373148 0.792188 0.194444 0.109375
4 0.600000 0.792188 0.194444 0.109375
3 0.826852 0.792188 0.194444 0.109375