1 0.500000 0.094792 1.000000 0.102083
6 0.500000 0.094792 1.000000 0.102083
4 0.090741 0.094792 0.181481 0.102083
3 0.500000 0.281250 1.000000 0.562500
3 0.500000 0.105729 1.000000 0.211458
3 0.500000 0.434896 1.000000 0.255208
1 0.500000 0.538021 1.000000 0.048958
1 0.926852 0.635417 0.146296 0.087500
1 0.926852 0.752083 0.146296 0.087500
7 0.207407 0.913542 0.414815 0.172917
3 0.207407 0.923698 0.388889 0.134896
7 0.622222 0.913542 0.414815 0.172917
3 0.622222 0.923698 0.388889 0.134896
7 0.914815 0.913542 0.170370 0.172917
3 0.921296 0.923698 0.157407 0.134896
1 0.220833 0.662240 0.337963 0.029687
1 0.085185 0.778906 0.066667 0.029687
1 0.071759 0.615885 0.039815 0.048438
1 0.206944 0.615625 0.230556 0.039583
1 0.071759 0.732552 0.039815 0.048438
1 0.181019 0.732292 0.178704 0.039583
1 0.371296 0.732292 0.201852 0.039583