7 0.689815 0.175000 0.620370 0.087500
4 0.483333 0.175000 0.103704 0.058333
1 0.686111 0.174740 0.250000 0.044271
7 0.689815 0.263542 0.620370 0.087500
4 0.483333 0.263542 0.103704 0.058333
1 0.702778 0.263281 0.283333 0.044271
7 0.689815 0.352083 0.620370 0.087500
3 0.483333 0.352083 0.103704 0.058333
1 0.744444 0.351823 0.366667 0.044271
7 0.689815 0.440625 0.620370 0.087500
4 0.483333 0.440625 0.103704 0.058333
1 0.687500 0.440365 0.252778 0.044271
7 0.689815 0.529167 0.620370 0.087500
3 0.483333 0.529167 0.103704 0.058333
1 0.780556 0.528906 0.438889 0.044271
7 0.689815 0.617708 0.620370 0.087500
3 0.483333 0.617708 0.103704 0.058333
1 0.627778 0.617448 0.133333 0.044271