6 0.500000 0.094792 1.000000 0.102083
1 0.321759 0.094792 0.254630 0.052083
4 0.090741 0.094792 0.181481 0.102083
9 0.486111 0.572917 0.972222 0.854167
3 0.387500 0.219010 0.162037 0.091146
1 0.583333 0.219010 0.164815 0.044271
7 0.486111 0.346875 0.972222 0.109375
4 0.084259 0.346875 0.103704 0.058333
1 0.242130 0.346615 0.147222 0.044271
7 0.486111 0.458333 0.972222 0.109375
4 0.084259 0.458333 0.103704 0.058333
1 0.277315 0.458073 0.217593 0.044271
7 0.486111 0.569792 0.972222 0.109375
4 0.084259 0.569792 0.103704 0.058333
1 0.298611 0.569531 0.260185 0.044271
7 0.486111 0.681250 0.972222 0.109375
4 0.084259 0.681250 0.103704 0.058333
1 0.235648 0.680990 0.134259 0.044271
1 0.500000 0.172917 1.000000 0.045833
1 0.500000 0.256510 1.000000 0.117188