6 0.500000 0.094792 1.000000 0.102083
1 0.606019 0.094531 0.615741 0.048438
3 0.233333 0.094792 0.103704 0.058333
4 0.090741 0.094792 0.181481 0.102083
7 0.525926 0.198698 0.948148 0.091146
3 0.132870 0.198698 0.162037 0.091146
1 0.340741 0.197917 0.253704 0.034375
7 0.525926 0.291927 0.948148 0.091146
3 0.132870 0.291927 0.162037 0.091146
1 0.312037 0.291146 0.196296 0.034375
7 0.525926 0.385156 0.948148 0.091146
4 0.132870 0.385156 0.162037 0.091146
1 0.295370 0.384375 0.162963 0.034375
7 0.525926 0.478385 0.948148 0.091146
3 0.132870 0.478385 0.162037 0.091146
1 0.314815 0.477604 0.201852 0.034375
7 0.525926 0.571615 0.948148 0.091146
4 0.132870 0.571615 0.162037 0.091146
1 0.322685 0.570833 0.217593 0.034375
7 0.525926 0.664844 0.948148 0.091146
4 0.132870 0.664844 0.162037 0.091146
1 0.299537 0.664062 0.171296 0.034375
7 0.525926 0.758073 0.948148 0.091146
4 0.132870 0.758073 0.162037 0.091146
1 0.356019 0.757292 0.284259 0.034375
7 0.525926 0.851302 0.948148 0.091146
3 0.132870 0.851302 0.162037 0.091146
1 0.354630 0.850521 0.281481 0.034375
7 0.525926 0.944531 0.948148 0.091146
4 0.132870 0.944531 0.162037 0.091146
1 0.318519 0.943750 0.209259 0.034375
7 0.525926 0.996094 0.948148 0.007812
4 0.132870 0.996094 0.162037 0.007812