6 0.500000 0.189583 1.000000 0.204167
4 0.181481 0.189583 0.362963 0.204167
1 0.653704 0.189062 0.529630 0.096875
1 0.500000 0.355729 1.000000 0.128125
7 0.140741 0.527083 0.281481 0.204167
1 0.051852 0.527083 0.103704 0.068750
7 0.632407 0.527083 0.701852 0.204167
1 0.632407 0.527083 0.420370 0.068750
7 0.991667 0.527083 0.016667 0.204167
7 0.500000 0.817708 1.000000 0.364583
3 0.275926 0.825000 0.448148 0.320833
3 0.275926 0.825000 0.448148 0.320833
1 0.801852 0.825000 0.396296 0.079167
1 0.801852 0.751042 0.396296 0.068750
1 0.801852 0.898958 0.396296 0.068750