6 0.500000 0.094792 1.000000 0.102083
1 0.447685 0.094531 0.428704 0.048438
4 0.090741 0.094792 0.181481 0.102083
7 0.500000 0.185938 1.000000 0.080208
1 0.162037 0.185938 0.194444 0.080208
7 0.500000 0.266146 1.000000 0.080208
1 0.352778 0.266146 0.290741 0.080208
4 0.103704 0.266146 0.077778 0.043750
7 0.500000 0.346354 1.000000 0.080208
1 0.295370 0.346354 0.175926 0.080208
3 0.103704 0.346354 0.077778 0.043750
7 0.500000 0.426563 1.000000 0.080208
1 0.337037 0.426563 0.259259 0.080208
3 0.103704 0.426563 0.077778 0.043750
7 0.500000 0.506771 1.000000 0.080208
1 0.290278 0.506771 0.165741 0.080208
3 0.103704 0.506771 0.077778 0.043750
7 0.500000 0.586979 1.000000 0.080208
1 0.272685 0.586979 0.130556 0.080208
3 0.103704 0.586979 0.077778 0.043750