6 0.500000 0.094792 1.000000 0.102083
4 0.090741 0.094792 0.181481 0.102083
1 0.389815 0.094531 0.261111 0.048438
8 0.512963 0.228385 0.974074 0.135937
1 0.142593 0.226042 0.129630 0.072917
1 0.414352 0.209375 0.310185 0.039583
1 0.447222 0.248177 0.375926 0.038021
8 0.512963 0.378906 0.974074 0.135937
1 0.142593 0.376563 0.129630 0.072917
1 0.491667 0.359896 0.464815 0.039583
1 0.447222 0.398698 0.375926 0.038021
8 0.512963 0.529427 0.974074 0.135937
1 0.142593 0.527083 0.129630 0.072917
1 0.519444 0.510417 0.520370 0.039583
1 0.447222 0.549219 0.375926 0.038021