9 0.486111 0.521875 0.972222 0.956250
1 0.486111 0.281771 0.972222 0.082292
1 0.486111 0.475521 0.972222 0.082292
1 0.486111 0.572396 0.972222 0.082292
3 0.486111 0.107552 0.972222 0.127604
3 0.162500 0.162240 0.226852 0.127604
1 0.534722 0.125521 0.282407 0.039583
3 0.122222 0.378646 0.146296 0.082292
1 0.415278 0.378646 0.375000 0.076042
3 0.122222 0.669271 0.146296 0.082292
1 0.406481 0.669271 0.357407 0.076042
4 0.122222 0.766146 0.146296 0.082292
1 0.424074 0.766146 0.392593 0.076042
3 0.122222 0.872917 0.146296 0.082292
1 0.512037 0.872917 0.568519 0.076042
3 0.122222 0.969271 0.146296 0.061458
1 0.440741 0.970833 0.425926 0.058333
6 0.500000 0.094792 1.000000 0.102083
1 0.241204 0.094531 0.015741 0.048438
3 0.090741 0.094792 0.181481 0.102083
3 0.933333 0.094792 0.133333 0.087500
9 0.500000 0.189583 1.000000 0.087500
1 0.045833 0.189583 0.091667 0.034375
1 0.298148 0.189583 0.257407 0.034375
1 0.667130 0.189583 0.325000 0.034375
1 0.961111 0.189583 0.077778 0.034375
7 0.333333 0.420833 0.666667 0.375000
3 0.333333 0.420833 0.666667 0.375000
7 0.833333 0.420833 0.333333 0.375000
3 0.833333 0.420833 0.333333 0.375000
7 0.333333 0.795833 0.666667 0.375000
3 0.333333 0.795833 0.666667 0.375000
7 0.833333 0.795833 0.333333 0.375000
3 0.833333 0.795833 0.333333 0.375000
7 0.333333 0.991667 0.666667 0.016667
3 0.333333 0.991667 0.666667 0.016667
7 0.833333 0.991667 0.333333 0.016667
3 0.833333 0.991667 0.333333 0.016667