6 0.500000 0.087500 1.000000 0.087500
3 0.025926 0.087500 0.051852 0.029167
3 0.091667 0.087500 0.103704 0.058333
1 0.379167 0.087500 0.445370 0.044792
3 0.500000 0.308333 1.000000 0.375000
3 0.500000 0.495833 1.000000 0.750000
3 0.500000 0.495833 1.000000 0.750000
3 0.500000 0.683333 1.000000 0.375000
3 0.500000 0.935417 1.000000 0.129167
3 0.666667 0.167187 0.635185 0.083333
1 0.666667 0.727083 0.207407 0.142708
1 0.666204 0.993490 0.210185 0.013021
1 0.333333 0.495833 0.207407 0.142708
1 0.948148 0.495833 0.103704 0.142708
1 0.548611 0.157812 0.902778 0.034375