7 0.500000 0.360417 1.000000 0.120833
7 0.500000 0.710417 1.000000 0.579167
1 0.242593 0.469271 0.155556 0.096875
1 0.689815 0.469271 0.620370 0.096875
7 0.500000 0.618750 1.000000 0.202083
1 0.259259 0.648438 0.259259 0.055208
1 0.316667 0.591146 0.374074 0.059375
3 0.600926 0.591146 0.090741 0.051042
1 0.750000 0.591146 0.155556 0.048958
7 0.500000 0.822917 1.000000 0.202083
1 0.279630 0.852604 0.300000 0.055208
1 0.271296 0.795312 0.283333 0.059375
3 0.510185 0.795312 0.090741 0.051042
1 0.659259 0.795312 0.155556 0.048958
7 0.500000 0.963021 1.000000 0.073958
1 0.326852 0.984896 0.394444 0.030208
4 0.621296 0.986979 0.090741 0.026042
1 0.770370 0.987500 0.155556 0.025000
4 0.188889 0.193750 0.377778 0.212500
3 0.688889 0.193750 0.622222 0.139583
3 0.500000 0.650000 1.000000 0.700000