4 0.954167 0.094531 0.091667 0.076563
1 0.554630 0.094531 0.707407 0.038021
4 0.090741 0.094792 0.090741 0.051042
7 0.500000 0.395313 1.000000 0.353125
5 0.500000 0.395052 1.000000 0.352604
3 0.500000 0.395052 1.000000 0.352604
1 0.234722 0.257031 0.469444 0.076563
1 0.184722 0.351302 0.258333 0.040104
1 0.343981 0.405729 0.576852 0.039583
1 0.527778 0.447396 0.944444 0.032292
1 0.084259 0.495573 0.057407 0.027604
1 0.252315 0.495573 0.278704 0.027604
7 0.337963 0.791406 0.637037 0.417187
3 0.082870 0.618490 0.075000 0.042188
3 0.337963 0.827083 0.633333 0.345833
1 0.190741 0.618229 0.101852 0.023958
7 0.837963 0.791406 0.324074 0.417187
4 0.739352 0.618490 0.075000 0.042188
1 0.854167 0.671354 0.291667 0.034375
1 0.854167 0.846094 0.291667 0.307812
1 0.898148 0.618229 0.203704 0.023958
1 0.037963 0.182292 0.075926 0.034375
1 0.194444 0.182292 0.107407 0.034375
1 0.358796 0.182292 0.091667 0.034375
1 0.667130 0.182292 0.395370 0.034375
1 0.964815 0.182292 0.070370 0.034375