4 0.090741 0.643490 0.181481 0.091146
1 0.590741 0.643229 0.818519 0.046875
7 0.500000 0.725781 1.000000 0.073438
1 0.525926 0.725781 0.948148 0.029687
7 0.500000 0.798958 1.000000 0.072917
4 0.094907 0.798958 0.189815 0.072917
4 0.284722 0.798958 0.189815 0.072917
3 0.475000 0.798958 0.190741 0.072917
3 0.665741 0.798958 0.190741 0.072917
4 0.856481 0.798958 0.190741 0.072917
4 0.975926 0.798958 0.048148 0.072917
7 0.500000 0.871875 1.000000 0.072917
4 0.094907 0.871875 0.189815 0.072917
4 0.284722 0.871875 0.189815 0.072917
4 0.475000 0.871875 0.190741 0.072917
4 0.665741 0.871875 0.190741 0.072917
4 0.856481 0.871875 0.190741 0.072917
3 0.975926 0.871875 0.048148 0.072917
7 0.500000 0.944792 1.000000 0.072917
3 0.094907 0.944792 0.189815 0.072917
3 0.284722 0.944792 0.189815 0.072917
4 0.475000 0.944792 0.190741 0.072917
3 0.665741 0.944792 0.190741 0.072917
4 0.856481 0.944792 0.190741 0.072917
4 0.975926 0.944792 0.048148 0.072917
7 0.500000 0.990625 1.000000 0.018750
3 0.094907 0.990625 0.189815 0.018750
4 0.284722 0.990625 0.189815 0.018750
4 0.475000 0.990625 0.190741 0.018750
4 0.665741 0.990625 0.190741 0.018750
3 0.856481 0.990625 0.190741 0.018750
4 0.975926 0.990625 0.048148 0.018750