3 0.500000 0.565625 1.000000 0.868750
7 0.500000 0.289844 1.000000 0.149479
1 0.516204 0.285156 0.967593 0.140104
7 0.500000 0.682552 1.000000 0.634896
1 0.666667 0.392708 0.166667 0.036458
1 0.518519 0.471875 0.962963 0.101042
1 0.136574 0.534635 0.199074 0.024479
3 0.534722 0.729167 0.930556 0.328125
1 0.518519 0.955729 0.962963 0.088542
4 0.050000 0.087500 0.100000 0.087500
4 0.177778 0.087500 0.116667 0.065625
1 0.501389 0.090885 0.426852 0.044271
4 0.166204 0.173698 0.097222 0.054688
4 0.499537 0.173698 0.097222 0.054688
4 0.832870 0.173698 0.097222 0.054688