6 0.500000 0.094792 1.000000 0.102083
1 0.314352 0.094531 0.239815 0.048438
4 0.090741 0.094792 0.181481 0.102083
1 0.311111 0.386458 0.524074 0.034375
1 0.255556 0.183854 0.446296 0.053125
1 0.146296 0.925521 0.162963 0.034375
1 0.215741 0.971354 0.366667 0.057292
1 0.349537 0.298958 0.600926 0.034375
1 0.841667 0.245833 0.316667 0.034375
1 0.841667 0.306771 0.316667 0.087500
1 0.217130 0.439583 0.336111 0.053125
0 0.267593 0.531771 0.437037 0.058333
0 0.267593 0.590104 0.437037 0.058333
1 0.214815 0.682813 0.331481 0.053125
0 0.179167 0.775000 0.260185 0.058333
0 0.193519 0.833333 0.288889 0.058333