3 0.500000 0.521875 1.000000 0.956250
3 0.500000 0.521875 1.000000 0.956250
8 0.500000 0.399740 1.000000 0.711979
8 0.512963 0.396094 0.974074 0.704688
1 0.543519 0.059375 0.912963 0.031250
1 0.543519 0.244010 0.912963 0.133854
1 0.308333 0.340365 0.442593 0.029687
1 0.558333 0.115104 0.883333 0.080208
3 0.543519 0.548438 0.912963 0.328125
1 0.200463 0.360417 0.302778 0.101042
1 0.975000 0.360417 0.050000 0.091667
8 0.500000 0.877865 1.000000 0.244271
8 0.512963 0.881510 0.974074 0.236979
1 0.543519 0.842969 0.912963 0.044271
1 0.543519 0.970833 0.912963 0.058333
1 0.558333 0.892448 0.883333 0.054688
4 0.950926 0.094792 0.098148 0.082292