3 0.500000 0.521875 1.000000 0.956250
3 0.500000 0.521875 1.000000 0.956250
8 0.500000 0.094792 1.000000 0.102083
8 0.512963 0.091146 0.974074 0.094792
3 0.543519 0.073177 0.912963 0.058854
8 0.500000 0.506771 1.000000 0.721875
8 0.512963 0.506771 0.974074 0.707292
1 0.543519 0.233073 0.912963 0.044271
1 0.543519 0.377344 0.912963 0.091146
1 0.219444 0.452344 0.264815 0.029687
1 0.558333 0.282552 0.883333 0.054688
3 0.543519 0.660417 0.912963 0.328125
1 0.200463 0.506771 0.302778 0.101042
1 0.975000 0.506771 0.050000 0.091667
8 0.500000 0.933854 1.000000 0.132292
8 0.512963 0.937500 0.974074 0.125000
3 0.159722 0.954688 0.249074 0.072917
1 0.594444 0.938281 0.620370 0.048438
1 0.576852 0.978646 0.585185 0.032292
1 0.975000 0.954427 0.050000 0.091146
4 0.076389 0.089063 0.152778 0.082292
1 0.576389 0.089323 0.847222 0.044271