3 0.500000 0.521875 1.000000 0.956250
9 0.810185 0.567448 0.379630 0.865104
1 0.810185 0.167969 0.379630 0.066146
7 0.810185 0.233333 0.379630 0.064583
1 0.826389 0.233073 0.347222 0.036979
7 0.810185 0.302083 0.379630 0.073958
1 0.826389 0.297135 0.347222 0.036979
7 0.810185 0.375521 0.379630 0.073958
1 0.826389 0.370573 0.347222 0.036979
7 0.810185 0.448958 0.379630 0.073958
1 0.826389 0.444010 0.347222 0.036979
7 0.810185 0.522396 0.379630 0.073958
1 0.826389 0.517448 0.347222 0.036979
7 0.810185 0.595833 0.379630 0.073958
1 0.826389 0.590885 0.347222 0.036979
7 0.810185 0.669271 0.379630 0.073958
1 0.826389 0.664323 0.347222 0.036979
7 0.810185 0.742708 0.379630 0.073958
1 0.826389 0.737760 0.347222 0.036979
7 0.810185 0.816146 0.379630 0.073958
1 0.826389 0.811198 0.347222 0.036979
7 0.810185 0.889583 0.379630 0.073958
1 0.826389 0.884635 0.347222 0.036979
7 0.810185 0.963021 0.379630 0.073958
1 0.826389 0.958073 0.347222 0.036979
3 0.162037 0.166927 0.324074 0.064062
1 0.738426 0.166927 0.523148 0.064062
4 0.580093 0.292969 0.162037 0.091146
1 0.404167 0.372135 0.293519 0.039062
1 0.596759 0.372135 0.091667 0.039062
1 0.820370 0.372135 0.281481 0.039062
1 0.980556 0.372135 0.038889 0.039062
1 0.384259 0.411198 0.309259 0.039062
1 0.584722 0.411198 0.091667 0.039062
1 0.754167 0.411198 0.173148 0.039062
1 0.920370 0.411198 0.159259 0.039062
1 0.738426 0.270833 0.154630 0.052083
1 0.747685 0.319010 0.173148 0.044271
1 0.402315 0.501302 0.739815 0.054688
3 0.823611 0.501302 0.102778 0.054688
1 0.402315 0.501302 0.739815 0.054688
3 0.823611 0.501302 0.102778 0.054688
3 0.453704 0.705729 0.842593 0.316667
1 0.402315 0.501302 0.739815 0.054688
3 0.823611 0.501302 0.102778 0.054688
1 0.402315 0.501302 0.739815 0.054688
3 0.823611 0.501302 0.102778 0.054688
1 0.402315 0.501302 0.739815 0.054688
3 0.823611 0.501302 0.102778 0.054688
1 0.402315 0.501302 0.739815 0.054688
3 0.823611 0.501302 0.102778 0.054688
1 0.402315 0.501302 0.739815 0.054688
3 0.823611 0.501302 0.102778 0.054688
3 0.453704 0.705729 0.842593 0.316667
3 0.453704 0.705729 0.842593 0.316667
1 0.453704 0.568229 0.842593 0.041667
3 0.453704 0.726562 0.842593 0.275000
1 0.453704 0.569010 0.842593 0.043229
3 0.453704 0.727344 0.842593 0.273438
3 0.146296 0.834635 0.194444 0.040104
1 0.236574 0.593490 0.408333 0.059896
3 0.236111 0.678125 0.194444 0.109375
1 0.236574 0.761458 0.395370 0.050000
1 0.236574 0.818750 0.395370 0.050000
1 0.670833 0.593490 0.408333 0.059896
3 0.670370 0.678125 0.194444 0.109375
1 0.670833 0.761458 0.395370 0.050000
1 0.670833 0.818750 0.395370 0.050000
1 0.236574 0.593490 0.408333 0.059896
3 0.236111 0.678125 0.194444 0.109375
1 0.236574 0.761458 0.395370 0.050000
1 0.236574 0.818750 0.395370 0.050000
1 0.670833 0.593490 0.408333 0.059896
3 0.670370 0.678125 0.194444 0.109375
1 0.670833 0.761458 0.395370 0.050000
1 0.670833 0.818750 0.395370 0.050000