3 0.533333 0.148438 0.033333 0.018750
3 0.600000 0.148438 0.033333 0.018750
3 0.666667 0.148438 0.033333 0.018750
3 0.733333 0.148438 0.033333 0.018750
3 0.800000 0.148438 0.033333 0.018750
7 0.500000 0.603125 1.000000 0.793750
3 0.222222 0.331250 0.444444 0.250000
3 0.666667 0.331250 0.444444 0.250000
3 0.944444 0.331250 0.111111 0.250000
7 0.222222 0.581250 0.444444 0.250000
1 0.222222 0.581250 0.411111 0.231250
3 0.666667 0.581250 0.444444 0.250000
3 0.944444 0.581250 0.111111 0.250000
3 0.222222 0.831250 0.444444 0.250000
3 0.666667 0.831250 0.444444 0.250000
3 0.944444 0.831250 0.111111 0.250000
3 0.222222 0.978125 0.444444 0.043750
3 0.666667 0.978125 0.444444 0.043750
7 0.944444 0.978125 0.111111 0.043750
1 0.952778 0.982812 0.094444 0.034375