6 0.500000 0.094792 1.000000 0.102083
4 0.090741 0.094792 0.181481 0.102083
1 0.568056 0.094531 0.771296 0.044271
4 0.976852 0.094531 0.046296 0.047396
7 0.500000 0.276042 1.000000 0.106250
2 0.068519 0.276042 0.103704 0.058333
4 0.198148 0.276042 0.155556 0.087500
1 0.646296 0.276042 0.707407 0.034375
7 0.500000 0.384375 1.000000 0.106250
2 0.068519 0.384375 0.103704 0.058333
4 0.198148 0.384375 0.155556 0.087500
1 0.646296 0.384375 0.707407 0.034375
7 0.500000 0.492708 1.000000 0.106250
2 0.068519 0.492708 0.103704 0.058333
4 0.198148 0.492708 0.155556 0.087500
1 0.646296 0.492708 0.707407 0.034375
7 0.500000 0.601042 1.000000 0.106250
2 0.068519 0.601042 0.103704 0.058333
4 0.198148 0.601042 0.155556 0.087500
1 0.646296 0.601042 0.707407 0.034375
7 0.500000 0.709375 1.000000 0.106250
2 0.068519 0.709375 0.103704 0.058333
4 0.198148 0.709375 0.155556 0.087500
1 0.646296 0.709375 0.707407 0.034375
4 0.170370 0.184375 0.055556 0.058333
1 0.288889 0.184375 0.181481 0.058333
4 0.400000 0.184375 0.040741 0.058333