6 0.500000 0.094792 1.000000 0.102083
1 0.283333 0.094531 0.462963 0.048438
4 0.946296 0.094792 0.107407 0.087500
9 0.500000 0.189844 1.000000 0.088021
1 0.222222 0.189844 0.444444 0.088021
1 0.666667 0.189844 0.444444 0.088021
1 0.944444 0.189844 0.111111 0.088021
8 0.512963 0.353125 0.974074 0.180208
1 0.538889 0.335938 0.922222 0.058333
1 0.538889 0.382292 0.922222 0.034375
8 0.512963 0.547917 0.974074 0.180208
1 0.538889 0.530729 0.922222 0.058333
1 0.538889 0.577083 0.922222 0.034375
8 0.512963 0.742708 0.974074 0.180208
1 0.538889 0.725521 0.922222 0.058333
1 0.538889 0.771875 0.922222 0.034375
8 0.512963 0.923698 0.974074 0.152604
1 0.538889 0.920312 0.922222 0.058333
1 0.538889 0.966667 0.922222 0.034375