9 0.500000 0.543750 1.000000 0.912500
6 0.500000 0.189583 1.000000 0.204167
1 0.662963 0.189062 0.548148 0.096875
4 0.181481 0.189583 0.362963 0.204167
7 0.500000 0.350000 1.000000 0.116667
1 0.500000 0.350000 1.000000 0.116667
1 0.500000 0.350000 1.000000 0.068750
7 0.500000 0.470833 1.000000 0.116667
1 0.500000 0.470833 1.000000 0.116667
1 0.500000 0.470833 1.000000 0.068750
7 0.500000 0.637500 1.000000 0.208333
1 0.162037 0.577604 0.324074 0.059375
1 0.162037 0.642708 0.324074 0.112500
1 0.162037 0.702604 0.324074 0.048958
1 0.578704 0.637500 0.301852 0.068750
1 0.864815 0.637500 0.270370 0.068750
6 0.500000 0.189583 1.000000 0.204167
1 0.534259 0.154688 0.290741 0.096875
4 0.181481 0.189583 0.362963 0.204167
1 0.612963 0.237500 0.448148 0.068750