3 0.532407 0.193229 0.935185 0.072917
3 0.666204 0.311719 0.097222 0.054688
3 0.048611 0.071094 0.097222 0.054688
6 0.500000 0.094792 1.000000 0.102083
1 0.395370 0.094531 0.401852 0.048438
4 0.090741 0.094792 0.181481 0.102083
7 0.522685 0.311979 0.954630 0.109375
3 0.972222 0.308594 0.055556 0.091146
3 0.522685 0.311979 0.954630 0.109375
1 0.351389 0.347656 0.189815 0.027604
1 0.400926 0.311719 0.327778 0.044271
3 0.143056 0.311719 0.162037 0.091146
3 0.143056 0.311719 0.097222 0.054688
7 0.522685 0.434375 0.954630 0.109375
3 0.972222 0.430990 0.055556 0.091146
3 0.522685 0.434375 0.954630 0.109375
1 0.351389 0.470052 0.189815 0.027604
1 0.338426 0.434115 0.202778 0.044271
3 0.143056 0.434115 0.162037 0.091146
3 0.143056 0.434115 0.097222 0.054688
7 0.522685 0.556771 0.954630 0.109375
3 0.972222 0.553385 0.055556 0.091146
3 0.522685 0.556771 0.954630 0.109375
1 0.351389 0.592448 0.189815 0.027604
1 0.327778 0.556510 0.181481 0.044271
3 0.143056 0.556510 0.162037 0.091146
3 0.143056 0.556510 0.097222 0.054688