3 0.594444 0.278906 0.811111 0.098437
3 0.276389 0.278906 0.175000 0.098437
1 0.681944 0.278906 0.636111 0.098437
1 0.683796 0.373958 0.632407 0.072917
2 0.270370 0.373958 0.129630 0.072917
1 0.610648 0.975521 0.778704 0.048958
1 0.594444 0.452604 0.811111 0.036458
3 0.594444 0.566667 0.811111 0.007292
3 0.594444 0.660417 0.811111 0.007292
3 0.594444 0.754167 0.811111 0.007292
3 0.594444 0.847917 0.811111 0.007292
3 0.594444 0.941667 0.811111 0.007292
3 0.967593 0.588021 0.064815 0.045833
3 0.967593 0.681771 0.064815 0.045833
1 0.406481 0.501563 0.142593 0.042708
1 0.388426 0.595313 0.106481 0.042708
1 0.467593 0.689063 0.264815 0.042708
1 0.445833 0.782813 0.221296 0.042708
1 0.404630 0.876563 0.138889 0.042708
2 0.270370 0.516667 0.129630 0.072917
2 0.270370 0.610417 0.129630 0.072917
2 0.270370 0.704167 0.129630 0.072917
2 0.270370 0.797917 0.129630 0.072917
2 0.270370 0.891667 0.129630 0.072917