4 0.077778 0.801042 0.155556 0.087500
3 0.548148 0.801042 0.155556 0.087500
3 0.703704 0.801042 0.155556 0.087500
4 0.859259 0.801042 0.155556 0.087500
4 0.968519 0.801042 0.062963 0.087500
3 0.500000 0.375000 1.000000 0.750000
1 0.666204 0.090365 0.291667 0.055729
3 0.986111 0.716667 0.027778 0.025000
3 0.370370 0.216667 0.251852 0.041667
3 0.918519 0.216667 0.162963 0.041667
3 0.666667 0.636979 0.177778 0.107292
4 0.172222 0.497917 0.177778 0.107292
4 0.468519 0.525521 0.177778 0.107292
4 0.863889 0.525521 0.177778 0.107292
4 0.222222 0.331250 0.177778 0.107292
4 0.468519 0.331250 0.177778 0.107292
4 0.666667 0.442188 0.177778 0.107292
4 0.863889 0.331250 0.177778 0.107292
3 0.666667 0.220312 0.177778 0.107292
3 0.666667 0.633333 0.177778 0.100000
4 0.172222 0.494271 0.177778 0.100000
4 0.468519 0.521875 0.177778 0.100000
4 0.863889 0.521875 0.177778 0.100000
4 0.222222 0.327604 0.177778 0.100000
3 0.468519 0.327604 0.177778 0.100000
4 0.666667 0.438542 0.177778 0.100000
4 0.863889 0.327604 0.177778 0.100000
3 0.666667 0.216667 0.177778 0.100000