9 0.680556 0.521875 0.638889 0.956250
1 0.680556 0.087500 0.638889 0.087500
7 0.680556 0.458854 0.638889 0.593750
1 0.729167 0.253906 0.541667 0.038021
1 0.468056 0.324219 0.019444 0.044271
1 0.747222 0.361198 0.505556 0.121354
1 0.468056 0.463802 0.019444 0.044271
1 0.747222 0.483594 0.505556 0.086979
1 0.468056 0.569010 0.019444 0.044271
1 0.747222 0.623177 0.505556 0.155729
3 0.092593 0.087240 0.146296 0.061979
1 0.298148 0.087240 0.146296 0.038021
7 0.500000 0.424740 1.000000 0.582812
1 0.326852 0.202604 0.524074 0.041667
1 0.347685 0.249740 0.565741 0.033854
3 0.147685 0.639583 0.165741 0.082292
3 0.113426 0.447917 0.097222 0.301042
3 0.615278 0.653385 0.769444 0.054688
4 0.115741 0.352083 0.081481 0.045833
1 0.381944 0.352344 0.386111 0.054688
3 0.115741 0.406771 0.081481 0.045833
1 0.451389 0.407031 0.525000 0.054688
3 0.115741 0.461458 0.081481 0.045833
1 0.365278 0.461719 0.352778 0.054688
3 0.115741 0.516146 0.081481 0.045833
1 0.331019 0.516406 0.284259 0.054688
3 0.115741 0.570833 0.081481 0.045833
1 0.330093 0.571094 0.282407 0.054688
7 0.500000 0.757552 1.000000 0.083854
1 0.127315 0.771094 0.221296 0.038021
7 0.500000 0.914844 1.000000 0.170313
1 0.548611 0.866927 0.902778 0.038021
1 0.106944 0.937240 0.019444 0.044271
1 0.566667 0.956771 0.866667 0.086458