3 0.081019 0.089323 0.162037 0.091146
1 0.581019 0.089323 0.837963 0.091146
1 0.506481 0.315625 0.987037 0.039583
2 0.506481 0.383594 0.987037 0.067187
1 0.506481 0.701042 0.987037 0.039583
2 0.506481 0.837760 0.987037 0.204687
3 0.116667 0.211458 0.233333 0.123958
3 0.116667 0.211458 0.181481 0.102083
3 0.116667 0.211458 0.181481 0.102083
1 0.142593 0.490625 0.259259 0.039583
1 0.142593 0.607812 0.259259 0.039583
1 0.636111 0.607812 0.727778 0.087500
1 0.142593 0.991667 0.259259 0.016667
2 0.636111 0.984896 0.727778 0.030208