3 0.343981 0.096875 0.602778 0.058333
1 0.500000 0.196615 1.000000 0.093229
7 0.500000 0.294531 1.000000 0.102604
1 0.500000 0.294531 1.000000 0.102604
7 0.500000 0.397135 1.000000 0.102604
1 0.500000 0.397135 1.000000 0.102604
7 0.500000 0.499740 1.000000 0.102604
1 0.500000 0.499740 1.000000 0.102604
1 0.500000 0.597656 1.000000 0.093229
7 0.500000 0.695573 1.000000 0.102604
1 0.500000 0.695573 1.000000 0.102604
7 0.500000 0.798177 1.000000 0.102604
1 0.500000 0.798177 1.000000 0.102604
7 0.500000 0.900781 1.000000 0.102604
1 0.500000 0.900781 1.000000 0.102604
1 0.500000 0.976042 1.000000 0.047917