1 0.500000 0.077344 1.000000 0.048438
7 0.500000 0.283594 1.000000 0.165104
3 0.142593 0.281250 0.220370 0.123958
1 0.626389 0.235156 0.747222 0.031771
1 0.626389 0.272656 0.747222 0.043229
1 0.626389 0.321094 0.747222 0.053646
7 0.500000 0.464583 1.000000 0.191667
3 0.142593 0.448958 0.220370 0.123958
1 0.626389 0.402865 0.747222 0.031771
1 0.626389 0.440365 0.747222 0.043229
1 0.626389 0.502083 0.747222 0.080208
7 0.500000 0.672135 1.000000 0.218229
3 0.142593 0.643229 0.220370 0.123958
1 0.626389 0.597135 0.747222 0.031771
1 0.626389 0.634635 0.747222 0.043229
1 0.626389 0.709635 0.747222 0.106771
7 0.500000 0.879687 1.000000 0.191667
3 0.142593 0.864062 0.220370 0.123958
1 0.626389 0.817969 0.747222 0.031771
1 0.626389 0.855469 0.747222 0.043229
1 0.626389 0.917188 0.747222 0.080208
7 0.500000 0.989062 1.000000 0.021875
3 0.142593 0.998177 0.220370 0.003646
1 0.626389 0.998177 0.747222 0.003646
3 0.500000 0.198958 1.000000 0.072917
1 0.142593 0.139583 0.285185 0.045833
1 0.427778 0.139583 0.285185 0.045833
1 0.746296 0.139583 0.351852 0.045833
1 0.961111 0.139583 0.077778 0.045833