6 0.500000 0.131250 1.000000 0.175000
4 0.051852 0.087500 0.103704 0.087500
4 0.051852 0.087500 0.103704 0.058333
1 0.375000 0.175000 0.583333 0.087500
1 0.834259 0.175000 0.331481 0.087500
1 0.306019 0.087500 0.404630 0.040625
1 0.567593 0.979167 0.864815 0.041667
1 0.525926 0.273958 0.948148 0.052083
1 0.551852 0.476562 0.896296 0.058333
1 0.551852 0.688802 0.896296 0.116146
1 0.525926 0.802083 0.948148 0.052083
1 0.213889 0.394792 0.324074 0.086458
1 0.687963 0.371875 0.624074 0.066667
1 0.178241 0.907031 0.252778 0.039062
2 0.652315 0.907813 0.695370 0.082292
1 0.369444 0.522917 0.342593 0.034375
1 0.388426 0.576042 0.380556 0.034375