1 0.272685 0.085938 0.545370 0.058333
4 0.953704 0.085938 0.092593 0.058333
1 0.508333 0.176302 0.983333 0.069271
1 0.518519 0.296615 0.962963 0.101562
3 0.964352 0.421875 0.071296 0.050000
3 0.964352 0.542708 0.071296 0.028125
3 0.964352 0.663542 0.071296 0.087500
3 0.964352 0.784375 0.071296 0.087500
3 0.964352 0.905208 0.071296 0.072917
3 0.964352 0.991146 0.071296 0.017708
1 0.481019 0.403906 0.895370 0.041146
1 0.481019 0.442708 0.895370 0.036458
1 0.481019 0.524740 0.895370 0.041146
1 0.481019 0.563542 0.895370 0.036458
1 0.481019 0.645573 0.895370 0.041146
1 0.481019 0.684375 0.895370 0.036458
1 0.481019 0.766406 0.895370 0.041146
1 0.481019 0.805208 0.895370 0.036458
1 0.481019 0.887240 0.895370 0.041146
1 0.481019 0.926042 0.895370 0.036458
1 0.481019 0.993750 0.895370 0.012500