9 0.500000 0.085677 1.000000 0.083854
1 0.333333 0.085677 0.666667 0.083854
1 0.833333 0.085677 0.333333 0.083854
6 0.500000 0.094792 1.000000 0.102083
1 0.299074 0.094792 0.131481 0.038542
4 0.090741 0.094792 0.181481 0.102083
7 0.500000 0.196875 1.000000 0.087500
1 0.500000 0.196875 1.000000 0.087500
7 0.500000 0.285938 1.000000 0.087500
1 0.500000 0.285938 1.000000 0.087500
7 0.500000 0.375000 1.000000 0.087500
1 0.500000 0.375000 1.000000 0.087500
7 0.500000 0.464062 1.000000 0.087500
1 0.500000 0.464062 1.000000 0.087500
7 0.500000 0.553125 1.000000 0.087500
1 0.500000 0.553125 1.000000 0.087500
7 0.500000 0.642188 1.000000 0.087500
1 0.500000 0.642188 1.000000 0.087500
7 0.500000 0.731250 1.000000 0.087500
1 0.500000 0.731250 1.000000 0.087500
7 0.500000 0.820312 1.000000 0.087500
1 0.500000 0.820312 1.000000 0.087500
7 0.500000 0.909375 1.000000 0.087500
1 0.500000 0.909375 1.000000 0.087500
7 0.500000 0.977344 1.000000 0.045312
1 0.500000 0.977344 1.000000 0.045312
7 0.500000 0.171354 1.000000 0.087500
1 0.077778 0.171354 0.155556 0.036458
7 0.500000 0.259375 1.000000 0.087500
1 0.500000 0.259375 1.000000 0.087500
7 0.500000 0.347396 1.000000 0.087500
1 0.500000 0.347396 1.000000 0.087500
7 0.500000 0.435417 1.000000 0.087500
1 0.500000 0.435417 1.000000 0.087500
7 0.500000 0.523438 1.000000 0.087500
1 0.500000 0.523438 1.000000 0.087500
7 0.500000 0.611458 1.000000 0.087500
1 0.500000 0.611458 1.000000 0.087500
7 0.500000 0.699479 1.000000 0.087500
1 0.500000 0.699479 1.000000 0.087500