9 0.500000 0.085677 1.000000 0.083854
1 0.333333 0.085677 0.666667 0.083854
1 0.833333 0.085677 0.333333 0.083854
7 0.500000 0.171354 1.000000 0.087500
1 0.077778 0.171354 0.155556 0.036458
7 0.500000 0.259375 1.000000 0.087500
1 0.500000 0.259375 1.000000 0.087500
7 0.500000 0.347396 1.000000 0.087500
1 0.500000 0.347396 1.000000 0.087500
7 0.500000 0.435417 1.000000 0.087500
1 0.500000 0.435417 1.000000 0.087500
7 0.500000 0.523438 1.000000 0.087500
1 0.500000 0.523438 1.000000 0.087500
7 0.500000 0.611458 1.000000 0.087500
1 0.500000 0.611458 1.000000 0.087500
7 0.500000 0.699479 1.000000 0.087500
1 0.500000 0.699479 1.000000 0.087500