7 0.500000 0.158333 1.000000 0.081250
4 0.087963 0.157812 0.142593 0.080208
1 0.587963 0.158333 0.824074 0.039583
7 0.500000 0.239063 1.000000 0.081250
4 0.087963 0.238542 0.142593 0.080208
1 0.587963 0.239063 0.824074 0.039583
7 0.500000 0.319792 1.000000 0.081250
4 0.087963 0.319271 0.142593 0.080208
1 0.587963 0.319792 0.824074 0.039583
7 0.500000 0.400521 1.000000 0.081250
3 0.087963 0.400000 0.142593 0.080208
1 0.587963 0.400521 0.824074 0.039583
7 0.500000 0.481250 1.000000 0.081250
4 0.087963 0.480729 0.142593 0.080208
1 0.587963 0.481250 0.824074 0.039583
7 0.500000 0.561979 1.000000 0.081250
4 0.087963 0.561458 0.142593 0.080208
1 0.587963 0.561979 0.824074 0.039583
7 0.500000 0.642708 1.000000 0.081250
3 0.087963 0.642188 0.142593 0.080208
1 0.587963 0.642708 0.824074 0.039583
7 0.500000 0.722917 1.000000 0.080208
3 0.087963 0.722917 0.142593 0.080208
1 0.349537 0.722917 0.347222 0.039583
3 0.960648 0.722656 0.078704 0.056771
1 0.561574 0.080208 0.876852 0.039583