6 0.500000 0.094792 1.000000 0.102083
4 0.090741 0.094792 0.181481 0.102083
1 0.295833 0.094531 0.202778 0.048438
7 0.336574 0.313542 0.647222 0.320833
3 0.336574 0.313542 0.647222 0.320833
3 0.336574 0.313542 0.647222 0.320833
3 0.336574 0.313542 0.647222 0.320833
3 0.336574 0.277083 0.647222 0.247917
1 0.171296 0.437240 0.212963 0.029687
1 0.410648 0.437240 0.213889 0.029687
4 0.582407 0.437500 0.077778 0.043750
7 0.836574 0.313542 0.326852 0.320833
3 0.836574 0.313542 0.326852 0.320833
3 0.836574 0.313542 0.326852 0.320833
3 0.836574 0.313542 0.326852 0.320833
1 0.831481 0.437240 0.212963 0.029687
1 0.981944 0.437240 0.036111 0.029687
7 0.336574 0.641667 0.647222 0.320833
3 0.336574 0.641667 0.647222 0.320833
3 0.336574 0.641667 0.647222 0.320833
3 0.336574 0.641667 0.647222 0.320833
1 0.171296 0.765365 0.212963 0.029687
1 0.410648 0.765365 0.213889 0.029687
4 0.582407 0.765625 0.077778 0.043750
7 0.836574 0.641667 0.326852 0.320833
3 0.836574 0.641667 0.326852 0.320833
3 0.836574 0.641667 0.326852 0.320833
3 0.836574 0.641667 0.326852 0.320833
1 0.831481 0.765365 0.212963 0.029687
1 0.981944 0.765365 0.036111 0.029687
7 0.336574 0.904687 0.647222 0.190625
3 0.336574 0.904687 0.647222 0.190625
3 0.336574 0.904687 0.647222 0.190625
3 0.336574 0.904687 0.647222 0.190625
7 0.836574 0.904687 0.326852 0.190625
3 0.836574 0.904687 0.326852 0.190625
3 0.836574 0.904687 0.326852 0.190625
3 0.836574 0.904687 0.326852 0.190625