1 0.166667 0.198177 0.333333 0.111979
8 0.506481 0.130469 0.987037 0.027604
1 0.116667 0.094010 0.103704 0.048438
3 0.500000 0.185938 0.129630 0.072917
1 0.500000 0.234635 0.161111 0.024479
3 0.833333 0.185938 0.129630 0.072917
1 0.833333 0.234635 0.109259 0.024479
1 0.666667 0.328125 0.155556 0.034375
4 0.157407 0.328125 0.081481 0.045833
1 0.197222 0.412240 0.161111 0.042188
1 0.307407 0.660677 0.381481 0.042188
1 0.187037 0.909115 0.140741 0.042188
1 0.778241 0.479167 0.060185 0.032292
1 0.845833 0.509115 0.228704 0.027604
1 0.747222 0.970052 0.031481 0.044271
1 0.822222 0.976042 0.085185 0.032292
1 0.865741 0.996094 0.268519 0.007812
1 0.775000 0.730469 0.087037 0.044271
1 0.899537 0.736458 0.128704 0.032292
1 0.853704 0.766406 0.244444 0.027604