9 0.492593 0.500000 0.985185 1.000000
1 0.492593 0.978646 0.985185 0.042708
3 0.155556 0.175000 0.207407 0.116667
0 0.492593 0.415625 0.985185 0.087500
0 0.492593 0.503125 0.985185 0.087500
0 0.492593 0.590625 0.985185 0.087500
1 0.184722 0.795833 0.369444 0.087500
1 0.252778 0.883333 0.505556 0.087500
1 0.155556 0.306250 0.207407 0.039583
1 0.207407 0.678125 0.414815 0.087500
6 0.500000 0.094792 1.000000 0.102083
1 0.324074 0.094531 0.259259 0.048438
3 0.090741 0.094792 0.181481 0.102083
3 0.500000 0.242448 1.000000 0.018229
1 0.166667 0.189583 0.333333 0.087500
1 0.500000 0.189583 0.333333 0.087500
1 0.833333 0.189583 0.333333 0.087500
7 0.341667 0.491146 0.650000 0.515625
3 0.341667 0.491146 0.624074 0.501042
3 0.470370 0.702344 0.051852 0.032813
1 0.560185 0.705990 0.088889 0.029687
7 0.833333 0.491146 0.333333 0.515625
3 0.839815 0.491146 0.320370 0.501042
7 0.341667 0.874479 0.650000 0.251042
3 0.341667 0.878125 0.624074 0.243750
7 0.833333 0.874479 0.333333 0.251042
3 0.839815 0.878125 0.320370 0.243750