1 0.538426 0.045312 0.428704 0.050000
2 0.512963 0.140104 0.974074 0.072917
7 0.505093 0.255208 0.989815 0.145833
4 0.087963 0.255208 0.129630 0.072917
1 0.379630 0.214844 0.427778 0.035937
1 0.404630 0.284115 0.470370 0.029687
1 0.832870 0.284115 0.334259 0.029687
7 0.505093 0.403125 0.989815 0.145833
4 0.087963 0.403125 0.129630 0.072917
1 0.427315 0.362760 0.523148 0.035937
1 0.404630 0.432031 0.470370 0.029687
1 0.832870 0.432031 0.334259 0.029687
7 0.505093 0.551042 0.989815 0.145833
4 0.087963 0.551042 0.129630 0.072917
1 0.465741 0.510677 0.600000 0.035937
1 0.404630 0.579948 0.470370 0.029687
1 0.832870 0.579948 0.334259 0.029687
7 0.505093 0.698958 0.989815 0.145833
4 0.087963 0.698958 0.129630 0.072917
1 0.459722 0.658594 0.587963 0.035937
1 0.404630 0.727865 0.470370 0.029687
1 0.832870 0.727865 0.334259 0.029687
7 0.505093 0.846875 0.989815 0.145833
4 0.087963 0.846875 0.129630 0.072917
1 0.453241 0.806510 0.575000 0.035937
1 0.404630 0.875781 0.470370 0.029687
1 0.832870 0.875781 0.334259 0.029687
7 0.505093 0.960938 0.989815 0.078125
4 0.087963 0.979167 0.129630 0.041667
1 0.309722 0.954427 0.287963 0.035937