6 0.500000 0.094792 1.000000 0.102083
1 0.341667 0.094531 0.216667 0.044271
4 0.090741 0.094792 0.181481 0.102083
7 0.516204 0.194792 0.967593 0.097917
3 0.111111 0.194792 0.077778 0.043750
1 0.365741 0.194792 0.198148 0.039583
7 0.516204 0.309896 0.967593 0.132292
4 0.111111 0.309896 0.077778 0.043750
1 0.367593 0.292708 0.201852 0.039583
1 0.505556 0.329688 0.477778 0.034375
1 0.516204 0.425000 0.967593 0.097917
1 0.516204 0.554948 0.967593 0.161979
7 0.516204 0.716927 0.967593 0.161979
4 0.111111 0.716667 0.077778 0.043750
1 0.410648 0.684896 0.287963 0.039583
1 0.485185 0.736719 0.437037 0.064062
1 0.516204 0.864062 0.967593 0.132292
7 0.516204 0.965104 0.967593 0.069792
4 0.111111 0.987240 0.077778 0.025521
1 0.476852 0.979167 0.420370 0.039583