6 0.500000 0.094792 1.000000 0.102083
1 0.575926 0.094531 0.788889 0.065104
4 0.090741 0.094792 0.181481 0.102083
4 0.985185 0.094792 0.029630 0.087500
1 0.525926 0.777083 0.948148 0.120833
1 0.333333 0.189583 0.666667 0.087500
1 0.833333 0.189583 0.333333 0.087500
3 0.500000 0.292708 1.000000 0.118750
3 0.090741 0.410417 0.077778 0.058333
2 0.616667 0.429167 0.766667 0.095833
2 0.616667 0.413281 0.766667 0.064062
4 0.090741 0.515625 0.077778 0.058333
2 0.616667 0.534375 0.766667 0.095833
2 0.616667 0.518490 0.766667 0.064062
4 0.090741 0.620833 0.077778 0.058333
2 0.103704 0.921354 0.103704 0.058333
1 0.616667 0.921094 0.766667 0.045312
2 0.616667 0.639583 0.766667 0.095833
2 0.616667 0.623698 0.766667 0.064062