9 0.500000 0.500000 1.000000 1.000000
3 0.116667 0.091146 0.129630 0.072917
1 0.231019 0.148958 0.358333 0.044792
1 0.500000 0.218750 1.000000 0.094792
1 0.500000 0.408333 1.000000 0.094792
3 0.112500 0.313281 0.095370 0.053646
1 0.304167 0.313281 0.158333 0.045312
4 0.112500 0.502865 0.095370 0.053646
1 0.427315 0.502865 0.404630 0.045312
4 0.112500 0.597656 0.095370 0.053646
1 0.349537 0.597656 0.249074 0.045312
1 0.500000 0.683854 1.000000 0.072917
1 0.500000 0.756771 1.000000 0.072917
1 0.500000 0.902604 1.000000 0.072917
3 0.112500 0.829427 0.095370 0.053646
1 0.308796 0.829688 0.167593 0.030208
6 0.500000 0.094792 1.000000 0.102083
1 0.590741 0.094531 0.818519 0.065104
3 0.090741 0.094792 0.181481 0.102083