1 0.455556 0.045833 0.416667 0.057292
1 0.120370 0.048438 0.220370 0.073958
1 0.222222 0.133073 0.444444 0.083854
1 0.667130 0.133073 0.445370 0.083854
1 0.944907 0.133073 0.110185 0.083854
3 0.500000 0.333073 1.000000 0.004687
3 0.172685 0.714323 0.280556 0.099479
4 0.391204 0.252865 0.056481 0.031771
1 0.700000 0.252604 0.540741 0.046875
4 0.400463 0.405990 0.056481 0.031771
1 0.699537 0.405208 0.521296 0.046875
4 0.520833 0.509635 0.056481 0.031771
1 0.699537 0.508854 0.280556 0.046875
4 0.456019 0.613281 0.056481 0.031771
1 0.699537 0.612500 0.410185 0.046875