6 0.500000 0.189583 1.000000 0.204167
3 0.477778 0.189583 0.877778 0.131250
7 0.512963 0.334375 0.974074 0.085417
1 0.301852 0.316146 0.366667 0.048958
1 0.719444 0.310417 0.153704 0.037500
7 0.512963 0.608854 0.974074 0.419792
3 0.301852 0.554167 0.422222 0.237500
1 0.301852 0.727604 0.366667 0.109375
1 0.821296 0.456250 0.357407 0.114583
1 0.821296 0.545833 0.357407 0.064583
1 0.786111 0.748437 0.287037 0.044792
7 0.512963 0.920312 0.974074 0.159375
3 0.301852 0.938542 0.422222 0.122917
1 0.821296 0.897917 0.357407 0.114583
1 0.821296 0.977604 0.357407 0.044792