9 0.453704 0.500000 0.907407 1.000000
1 0.453704 0.320833 0.907407 0.087500
1 0.453704 0.408333 0.907407 0.087500
1 0.453704 0.495833 0.907407 0.087500
1 0.453704 0.583333 0.907407 0.087500
1 0.453704 0.670833 0.907407 0.087500
1 0.453704 0.758333 0.907407 0.087500
1 0.453704 0.845833 0.907407 0.087500
1 0.453704 0.933333 0.907407 0.087500
3 0.346759 0.131250 0.693519 0.262500
3 0.453704 0.131250 0.500000 0.087500
6 0.500000 0.094792 1.000000 0.102083
3 0.616667 0.094792 0.766667 0.087500
3 0.090741 0.094792 0.181481 0.102083
1 0.222222 0.189583 0.366667 0.055208
1 0.666667 0.189583 0.366667 0.055208
1 0.990741 0.189323 0.018519 0.029687
8 0.500000 0.616146 1.000000 0.020833
1 0.093056 0.731250 0.082407 0.034375
1 0.106019 0.964583 0.108333 0.034375
1 0.525926 0.990885 0.948148 0.018229
3 0.500000 0.429948 1.000000 0.393229
1 0.225463 0.684896 0.347222 0.058333
1 0.578704 0.684896 0.359259 0.058333
1 0.525926 0.789583 0.948148 0.082292
1 0.077778 0.847917 0.051852 0.034375
1 0.525926 0.906250 0.948148 0.082292