6 0.500000 0.089323 1.000000 0.091146
1 0.313889 0.089323 0.161111 0.044271
4 0.090741 0.089323 0.181481 0.091146
1 0.666204 0.483594 0.486111 0.064062
1 0.500000 0.915625 1.000000 0.034375
4 0.267593 0.706771 0.081481 0.045833
1 0.622222 0.707031 0.511111 0.036979
3 0.267593 0.797917 0.081481 0.045833
1 0.576852 0.798177 0.420370 0.036979
4 0.197685 0.240625 0.058333 0.038542
2 0.613426 0.240885 0.773148 0.073438
4 0.197685 0.345313 0.058333 0.038542
2 0.613426 0.345573 0.773148 0.073438
3 0.267593 0.615625 0.081481 0.045833
1 0.576852 0.615885 0.420370 0.036979