6 0.500000 0.094792 1.000000 0.102083
1 0.313426 0.094531 0.160185 0.045312
4 0.090741 0.094792 0.181481 0.102083
7 0.500000 0.277083 1.000000 0.262500
3 0.500000 0.277083 1.000000 0.262500
1 0.337037 0.276823 0.674074 0.100521
7 0.500000 0.546875 1.000000 0.262500
3 0.500000 0.546875 1.000000 0.262500
1 0.337037 0.546615 0.674074 0.100521
7 0.500000 0.816667 1.000000 0.262500
3 0.500000 0.816667 1.000000 0.262500
1 0.337037 0.816406 0.674074 0.100521
7 0.500000 0.977604 1.000000 0.044792
3 0.500000 0.977604 1.000000 0.044792
7 0.500000 0.572917 1.000000 0.854167
7 0.339815 0.203646 0.653704 0.115625
8 0.339815 0.200000 0.627778 0.108333
1 0.323611 0.210156 0.284259 0.032813
1 0.131944 0.156250 0.160185 0.020833
8 0.103704 0.195833 0.103704 0.029167
8 0.103704 0.225000 0.103704 0.029167
7 0.833333 0.203646 0.333333 0.115625
8 0.839815 0.200000 0.320370 0.108333
1 0.852778 0.170833 0.294444 0.050000
1 0.785648 0.212500 0.160185 0.033333
7 0.339815 0.505729 0.653704 0.488542
8 0.339815 0.505729 0.627778 0.473958
3 0.339815 0.435417 0.627778 0.333333
1 0.339815 0.650521 0.575926 0.067708
1 0.131944 0.701042 0.160185 0.033333
7 0.833333 0.505729 0.333333 0.488542
8 0.839815 0.505729 0.320370 0.473958
3 0.839815 0.435417 0.320370 0.333333
1 0.852778 0.650521 0.294444 0.067708
1 0.785648 0.701042 0.160185 0.033333
7 0.339815 0.875000 0.653704 0.250000
8 0.339815 0.878646 0.627778 0.242708
3 0.339815 0.878646 0.627778 0.242708
7 0.833333 0.875000 0.333333 0.250000
8 0.839815 0.878646 0.320370 0.242708
3 0.839815 0.878646 0.320370 0.242708
7 0.500000 0.189583 1.000000 0.087500
1 0.183333 0.189583 0.366667 0.087500
1 0.544907 0.189583 0.356481 0.087500
7 0.500000 0.623958 1.000000 0.752083