6 0.500000 0.138542 1.000000 0.189583
1 0.153241 0.094792 0.202778 0.039583
1 0.221759 0.189583 0.443519 0.087500
1 0.665278 0.189583 0.445370 0.087500
1 0.943519 0.189583 0.112963 0.087500
1 0.243981 0.283594 0.423148 0.064062
1 0.667130 0.283594 0.423148 0.064062
1 0.939352 0.283594 0.121296 0.064062
7 0.500000 0.407813 1.000000 0.147917
1 0.579630 0.378906 0.703704 0.053646
1 0.569907 0.439323 0.684259 0.048438
4 0.113889 0.407813 0.194444 0.109375
7 0.500000 0.557813 1.000000 0.147917
1 0.543056 0.528906 0.630556 0.053646
1 0.569907 0.589323 0.684259 0.048438
3 0.113889 0.557813 0.194444 0.109375
1 0.113889 0.557813 0.194444 0.109375