6 0.500000 0.138542 1.000000 0.189583
1 0.153241 0.094792 0.202778 0.039583
1 0.221759 0.189583 0.443519 0.087500
1 0.665278 0.189583 0.445370 0.087500
1 0.943519 0.189583 0.112963 0.087500
1 0.243981 0.283594 0.423148 0.064062
1 0.667130 0.283594 0.423148 0.064062
1 0.939352 0.283594 0.121296 0.064062
7 0.500000 0.407813 1.000000 0.147917
1 0.518519 0.378906 0.581481 0.053646
1 0.261574 0.439323 0.067593 0.048438
3 0.113889 0.407813 0.194444 0.109375
1 0.113889 0.407813 0.194444 0.109375
7 0.500000 0.557813 1.000000 0.147917
1 0.394907 0.528906 0.334259 0.053646
1 0.291204 0.589323 0.126852 0.048438
3 0.113889 0.557813 0.194444 0.109375
1 0.113889 0.557813 0.194444 0.109375
7 0.500000 0.707812 1.000000 0.147917
1 0.339815 0.678906 0.224074 0.053646
1 0.519907 0.739323 0.584259 0.048438
3 0.113889 0.707812 0.194444 0.109375
1 0.113889 0.707812 0.194444 0.109375
7 0.500000 0.857812 1.000000 0.147917
1 0.562037 0.828906 0.668519 0.053646
1 0.565741 0.889323 0.675926 0.048438
3 0.113889 0.857812 0.194444 0.109375
1 0.113889 0.857812 0.194444 0.109375