6 0.500000 0.094792 1.000000 0.102083
3 0.333796 0.094792 0.304630 0.102083
4 0.090741 0.094792 0.181481 0.102083
3 0.933333 0.094792 0.133333 0.087500
6 0.500000 0.234375 1.000000 0.177083
1 0.281481 0.186979 0.485185 0.082292
1 0.331019 0.274479 0.558333 0.034375
7 0.500000 0.661458 1.000000 0.677083
7 0.500000 0.434115 1.000000 0.222396
3 0.246296 0.434115 0.388889 0.164062
1 0.274074 0.496094 0.333333 0.040104
1 0.733333 0.368229 0.533333 0.039583
1 0.733333 0.410156 0.533333 0.029687
1 0.733333 0.443490 0.533333 0.029687
7 0.500000 0.656510 1.000000 0.222396
3 0.246296 0.656510 0.388889 0.164062
1 0.274074 0.718490 0.333333 0.040104
1 0.733333 0.590625 0.533333 0.039583
1 0.733333 0.632552 0.533333 0.029687
1 0.733333 0.665885 0.533333 0.029687
7 0.500000 0.878906 1.000000 0.222396
3 0.246296 0.878906 0.388889 0.164062
1 0.287037 0.940885 0.307407 0.040104
1 0.733333 0.813021 0.533333 0.039583
1 0.733333 0.854948 0.533333 0.029687
1 0.733333 0.888281 0.533333 0.029687
7 0.500000 0.995052 1.000000 0.009896