3 0.666667 0.089323 0.507407 0.091146
1 0.353704 0.156771 0.707407 0.038542
1 0.853704 0.156510 0.292593 0.036979
4 0.083796 0.089063 0.115741 0.053125
7 0.500000 0.433854 1.000000 0.510417
3 0.500000 0.433854 1.000000 0.510417
3 0.666667 0.433854 0.181481 0.102083
1 0.512963 0.626823 0.974074 0.109896
7 0.500000 0.805208 1.000000 0.230208
3 0.278704 0.802604 0.505556 0.213542
1 0.777778 0.777083 0.444444 0.162500
1 0.777778 0.885677 0.444444 0.054688
7 0.500000 0.960677 1.000000 0.078646
3 0.278704 0.963542 0.505556 0.072917
1 0.777778 0.963542 0.444444 0.072917