9 0.777778 0.521875 0.444444 0.956250
1 0.777778 0.084896 0.444444 0.082292
1 0.786111 0.232813 0.427778 0.044792
1 0.786111 0.157812 0.427778 0.044792
1 0.720370 0.298438 0.296296 0.044792
3 0.500000 0.521875 1.000000 0.956250
3 0.708796 0.072135 0.008333 0.056771
3 0.870833 0.072135 0.008333 0.056771
3 0.293981 0.072135 0.008333 0.056771
3 0.476389 0.072135 0.008333 0.056771
3 0.982870 0.072135 0.008333 0.056771
4 0.797685 0.072135 0.008333 0.056771
3 0.876389 0.072135 0.008333 0.056771
3 0.352315 0.064844 0.006481 0.042188
3 0.080093 0.064844 0.006481 0.042188
3 0.903241 0.064844 0.006481 0.042188
4 0.593056 0.064844 0.006481 0.042188
3 0.287500 0.064844 0.006481 0.042188
3 0.518056 0.064844 0.006481 0.042188
3 0.257870 0.064844 0.006481 0.042188
3 0.840278 0.064844 0.006481 0.042188
3 0.076389 0.057552 0.004630 0.027604
3 0.856019 0.057552 0.004630 0.027604
3 0.709722 0.057552 0.004630 0.027604
3 0.554167 0.057552 0.004630 0.027604
3 0.339352 0.057552 0.004630 0.027604
3 0.277315 0.057552 0.004630 0.027604
3 0.656944 0.057552 0.004630 0.027604
3 0.206944 0.057552 0.004630 0.027604
4 0.591204 0.076823 0.008333 0.066146
4 0.102315 0.076823 0.008333 0.066146
4 0.155093 0.076823 0.008333 0.066146
3 0.110648 0.076823 0.008333 0.066146
3 0.507870 0.076823 0.008333 0.066146
3 0.777315 0.076823 0.008333 0.066146
3 0.267130 0.076823 0.008333 0.066146
3 0.355093 0.076823 0.008333 0.066146
8 0.500000 0.140625 1.000000 0.047917
4 0.066667 0.084635 0.068519 0.040104
1 0.546296 0.084896 0.890741 0.082292
3 0.995833 0.084896 0.008333 0.045833
1 0.210648 0.416667 0.387963 0.193750
1 0.546759 0.459635 0.250926 0.048438
3 0.061574 0.529427 0.056481 0.031771
1 0.258333 0.532031 0.337037 0.036979
1 0.562500 0.532031 0.091667 0.036979
1 0.145370 0.569010 0.224074 0.036979