9 0.453704 0.521875 0.907407 0.956250
7 0.453704 0.521875 0.907407 0.956250
4 0.090741 0.094792 0.077778 0.043750
3 0.090741 0.190104 0.077778 0.043750
3 0.090741 0.277604 0.077778 0.043750
3 0.090741 0.365104 0.077778 0.043750
4 0.090741 0.452604 0.077778 0.043750
4 0.090741 0.540104 0.077778 0.043750
4 0.090741 0.627604 0.077778 0.043750
4 0.090741 0.715104 0.077778 0.043750
4 0.090741 0.802604 0.077778 0.043750
1 0.544444 0.094792 0.622222 0.102083
1 0.293056 0.190104 0.119444 0.087500
1 0.334722 0.277604 0.202778 0.087500
1 0.392130 0.365104 0.317593 0.087500
1 0.325926 0.452604 0.185185 0.087500
1 0.306019 0.540104 0.145370 0.087500
1 0.363889 0.627604 0.261111 0.087500
1 0.317130 0.715104 0.167593 0.087500
1 0.400000 0.802604 0.333333 0.087500
8 0.500000 0.094792 1.000000 0.102083
6 0.500000 0.094792 1.000000 0.102083
1 0.353241 0.094531 0.239815 0.048438
4 0.090741 0.094792 0.181481 0.102083
1 0.525926 0.177604 0.948148 0.063542
7 0.525926 0.277604 0.948148 0.132292
1 0.270370 0.260417 0.333333 0.039583
1 0.551852 0.297396 0.896296 0.034375
7 0.525926 0.411979 0.948148 0.132292
1 0.275463 0.394792 0.343519 0.039583
1 0.258796 0.431771 0.310185 0.034375
7 0.525926 0.546354 0.948148 0.132292
1 0.273148 0.529167 0.338889 0.039583
1 0.242593 0.566146 0.277778 0.034375
7 0.525926 0.663542 0.948148 0.097917
1 0.312963 0.663542 0.418519 0.039583
7 0.525926 0.780729 0.948148 0.132292
1 0.393519 0.763542 0.579630 0.039583
1 0.208333 0.800521 0.209259 0.034375
7 0.525926 0.915104 0.948148 0.132292
1 0.245833 0.897917 0.284259 0.039583
1 0.307870 0.934896 0.408333 0.034375
7 0.525926 0.991667 0.948148 0.016667