9 0.486111 0.522917 0.972222 0.954167
7 0.486111 0.192969 0.972222 0.294271
3 0.268981 0.119792 0.408333 0.075000
3 0.486111 0.149219 0.972222 0.206771
1 0.382870 0.296354 0.667593 0.087500
1 0.828241 0.296354 0.223148 0.053125
1 0.121296 0.208854 0.144444 0.041667
1 0.698148 0.208854 0.450000 0.087500
7 0.486111 0.383854 0.972222 0.087500
4 0.087963 0.383854 0.077778 0.043750
1 0.403241 0.383854 0.423148 0.087500
7 0.486111 0.471354 0.972222 0.087500
3 0.087963 0.471354 0.077778 0.043750
1 0.299074 0.471354 0.214815 0.087500
7 0.486111 0.558854 0.972222 0.087500
3 0.087963 0.558854 0.077778 0.043750
1 0.270833 0.558854 0.158333 0.087500
3 0.376389 0.549219 0.032407 0.017188
7 0.486111 0.646354 0.972222 0.087500
3 0.087963 0.646354 0.077778 0.043750
1 0.254630 0.646354 0.125926 0.087500
7 0.486111 0.733854 0.972222 0.087500
4 0.084722 0.733594 0.071296 0.040104
1 0.305556 0.733854 0.240741 0.087500
7 0.486111 0.821354 0.972222 0.087500
3 0.087963 0.821354 0.077778 0.043750
1 0.407870 0.821354 0.432407 0.087500
7 0.486111 0.908854 0.972222 0.087500
3 0.087963 0.908854 0.077778 0.043750
1 0.256944 0.908854 0.130556 0.087500
7 0.486111 0.977083 0.972222 0.045833
1 0.188426 0.977083 0.278704 0.045833
6 0.500000 0.094792 1.000000 0.102083
3 0.090741 0.094792 0.181481 0.102083
1 0.274074 0.094531 0.159259 0.048438
7 0.500000 0.272917 1.000000 0.254167
1 0.299537 0.202083 0.469444 0.039583
1 0.260648 0.236719 0.391667 0.029687
1 0.229630 0.297656 0.329630 0.036979
1 0.229630 0.339844 0.329630 0.047396
1 0.562963 0.297656 0.329630 0.036979
1 0.562963 0.339844 0.329630 0.047396
1 0.865741 0.297656 0.268519 0.036979
1 0.865741 0.339844 0.268519 0.047396
7 0.500000 0.529167 1.000000 0.254167
1 0.370370 0.458333 0.611111 0.039583
1 0.260648 0.492969 0.391667 0.029687
1 0.229630 0.553906 0.329630 0.036979
1 0.229630 0.596094 0.329630 0.047396
1 0.562963 0.553906 0.329630 0.036979
1 0.562963 0.596094 0.329630 0.047396
1 0.865741 0.553906 0.268519 0.036979
1 0.865741 0.596094 0.268519 0.047396
7 0.500000 0.785417 1.000000 0.254167
1 0.364352 0.714583 0.599074 0.039583
1 0.260648 0.749219 0.391667 0.029687
1 0.229630 0.810156 0.329630 0.036979
1 0.229630 0.852344 0.329630 0.047396
1 0.562963 0.810156 0.329630 0.036979
1 0.562963 0.852344 0.329630 0.047396
1 0.865741 0.810156 0.268519 0.036979
1 0.865741 0.852344 0.268519 0.047396
7 0.500000 0.957292 1.000000 0.085417
1 0.264352 0.970833 0.399074 0.039583
1 0.260648 0.995313 0.391667 0.009375