6 0.500000 0.095312 1.000000 0.103125
4 0.090741 0.095833 0.181481 0.102083
1 0.445370 0.095573 0.501852 0.048438
8 0.512963 0.063542 0.974074 0.039583
1 0.512963 0.063542 0.974074 0.039583
8 0.512963 0.552604 0.974074 0.894792
1 0.512963 0.391667 0.974074 0.393750
4 0.129630 0.164583 0.103704 0.058333
1 0.603704 0.164583 0.792593 0.060417
1 0.536574 0.633854 0.295370 0.032292
1 0.458333 0.669792 0.138889 0.039583
1 0.579630 0.705729 0.381481 0.032292
1 0.159722 0.892969 0.163889 0.053646
1 0.332870 0.892969 0.182407 0.053646
3 0.207407 0.727083 0.259259 0.218750
3 0.207407 0.727083 0.259259 0.218750
1 0.480556 0.741927 0.183333 0.025521
4 0.116667 0.970833 0.077778 0.043750
4 0.097222 0.970833 0.038889 0.043750
3 0.136111 0.970833 0.038889 0.043750
3 0.136111 0.970833 0.038889 0.043750
4 0.298148 0.970833 0.077778 0.043750