6 0.500000 0.189583 1.000000 0.204167
4 0.181481 0.189583 0.362963 0.204167
1 0.733333 0.189062 0.533333 0.096875
9 0.500000 0.384375 1.000000 0.185417
1 0.255556 0.384375 0.407407 0.185417
1 0.691667 0.384375 0.464815 0.185417
7 0.500000 0.564583 1.000000 0.175000
1 0.500000 0.562500 1.000000 0.068750
7 0.500000 0.826042 1.000000 0.347917
1 0.551852 0.971875 0.896296 0.056250
3 0.181481 0.754167 0.155556 0.087500
1 0.516667 0.754167 0.411111 0.079167
3 0.181481 0.856250 0.155556 0.087500
1 0.511111 0.856250 0.400000 0.079167