9 0.453704 0.500000 0.907407 1.000000
1 0.453704 0.277083 0.907407 0.087500
1 0.453704 0.395833 0.907407 0.087500
1 0.453704 0.514583 0.907407 0.087500
1 0.453704 0.602083 0.907407 0.087500
1 0.453704 0.689583 0.907407 0.087500
1 0.453704 0.808333 0.907407 0.087500
1 0.453704 0.895833 0.907407 0.087500
4 0.823148 0.091146 0.168519 0.094792
4 0.155556 0.131250 0.155556 0.087500
1 0.525000 0.171354 0.427778 0.094792
4 0.823148 0.171354 0.168519 0.094792
6 0.500000 0.094792 1.000000 0.102083
1 0.431481 0.075260 0.396296 0.048438
3 0.090741 0.094792 0.181481 0.102083
1 0.328241 0.119271 0.189815 0.039583
8 0.500000 0.178906 1.000000 0.066146
7 0.506481 0.382812 0.987037 0.327083
8 0.506481 0.382812 0.987037 0.327083
1 0.666667 0.382552 0.601852 0.044271
3 0.666667 0.482812 0.077778 0.043750
1 0.209722 0.278125 0.163889 0.034375
1 0.210185 0.487500 0.227778 0.034375
1 0.209722 0.382552 0.137963 0.053646
7 0.506481 0.709896 0.987037 0.327083
8 0.506481 0.709896 0.987037 0.327083
1 0.666667 0.709635 0.601852 0.044271
3 0.666667 0.809896 0.077778 0.043750
1 0.209722 0.605208 0.163889 0.034375
1 0.209722 0.814583 0.095370 0.034375
1 0.209722 0.709635 0.137963 0.053646
7 0.506481 0.936719 0.987037 0.126562
8 0.506481 0.936719 0.987037 0.126562
1 0.540278 0.932292 0.919444 0.034375
1 0.160185 0.988021 0.107407 0.023958