6 0.500000 0.094792 1.000000 0.102083
1 0.363889 0.094531 0.338889 0.048438
4 0.090741 0.094792 0.181481 0.102083
8 0.506481 0.391146 0.987037 0.476042
1 0.215741 0.240625 0.270370 0.039583
1 0.187500 0.460938 0.213889 0.078125
1 0.415741 0.460938 0.190741 0.078125
3 0.119444 0.558333 0.077778 0.043750
8 0.506481 0.811979 0.987037 0.376042
1 0.220370 0.719271 0.279630 0.078125
1 0.453241 0.719271 0.134259 0.078125
3 0.119444 0.816667 0.077778 0.043750
4 0.119444 0.899479 0.077778 0.043750
1 0.605093 0.899479 0.789815 0.034375
4 0.119444 0.980469 0.077778 0.039062
1 0.503241 0.982812 0.586111 0.034375