3 0.103704 0.093750 0.207407 0.087500
1 0.666204 0.094010 0.130556 0.044271
3 0.103704 0.093750 0.207407 0.087500
1 0.332407 0.189844 0.664815 0.091146
1 0.834259 0.189844 0.331481 0.091146
4 0.481019 0.998437 0.345370 0.003125
4 0.839815 0.998437 0.320370 0.003125
3 0.548148 0.626042 0.903704 0.664583
4 0.157870 0.328385 0.123148 0.069271
3 0.548148 0.626042 0.903704 0.664583
3 0.157870 0.328385 0.123148 0.069271
3 0.533333 0.609375 0.933333 0.700000
3 0.131481 0.295833 0.129630 0.072917
1 0.439815 0.857812 0.587037 0.041667
1 0.258333 0.904687 0.224074 0.052083
1 0.470833 0.857812 0.649074 0.041667
1 0.258333 0.904687 0.224074 0.052083
1 0.466667 0.853385 0.696296 0.044271
1 0.236574 0.902865 0.236111 0.054688