6 0.500000 0.087500 1.000000 0.087500
3 0.507407 0.087500 0.962963 0.058333
3 0.985185 0.087500 0.029630 0.087500
3 0.086574 0.087500 0.069444 0.087500
1 0.091204 0.167708 0.182407 0.034375
1 0.666667 0.167708 0.214815 0.034375
7 0.500000 0.602083 1.000000 0.795833
7 0.344907 0.344010 0.643519 0.253646
3 0.344907 0.324479 0.610185 0.195833
1 0.344907 0.441927 0.610185 0.039062
7 0.833333 0.344010 0.333333 0.253646
3 0.841667 0.324479 0.316667 0.195833
1 0.841667 0.441927 0.316667 0.039062
7 0.344907 0.610156 0.643519 0.253646
3 0.344907 0.590625 0.610185 0.195833
1 0.344907 0.708073 0.610185 0.039062
7 0.833333 0.610156 0.333333 0.253646
3 0.841667 0.590625 0.316667 0.195833
1 0.841667 0.708073 0.316667 0.039062
7 0.344907 0.874740 0.643519 0.250521
3 0.344907 0.856771 0.610185 0.195833
1 0.344907 0.974219 0.610185 0.039062
7 0.833333 0.874740 0.333333 0.250521
3 0.841667 0.856771 0.316667 0.195833
1 0.841667 0.974219 0.316667 0.039062