6 0.500000 0.087500 1.000000 0.087500
1 0.843519 0.087500 0.250000 0.087500
4 0.985185 0.087500 0.029630 0.087500
3 0.091667 0.087500 0.103704 0.058333
1 0.247685 0.087240 0.182407 0.044271
1 0.469444 0.185677 0.879630 0.053646
7 0.519444 0.302083 0.961111 0.013542
1 0.152315 0.302083 0.226852 0.013542
1 0.632870 0.302083 0.734259 0.013542
7 0.519444 0.327083 0.961111 0.034375
1 0.152315 0.327083 0.226852 0.034375
1 0.632870 0.327083 0.734259 0.034375
7 0.519444 0.362500 0.961111 0.034375
1 0.152315 0.362500 0.226852 0.034375
1 0.632870 0.362500 0.734259 0.034375
7 0.519444 0.397917 0.961111 0.034375
1 0.152315 0.397917 0.226852 0.034375
1 0.632870 0.397917 0.734259 0.034375
7 0.519444 0.433333 0.961111 0.034375
1 0.152315 0.433333 0.226852 0.034375
1 0.632870 0.433333 0.734259 0.034375
7 0.519444 0.468750 0.961111 0.034375
1 0.152315 0.468750 0.226852 0.034375
1 0.632870 0.468750 0.734259 0.034375
7 0.519444 0.504167 0.961111 0.034375
1 0.152315 0.504167 0.226852 0.034375
1 0.632870 0.504167 0.734259 0.034375
7 0.519444 0.539583 0.961111 0.034375
1 0.152315 0.539583 0.226852 0.034375
1 0.632870 0.539583 0.734259 0.034375
7 0.519444 0.575000 0.961111 0.034375
1 0.152315 0.575000 0.226852 0.034375
1 0.632870 0.575000 0.734259 0.034375
7 0.519444 0.610417 0.961111 0.034375
1 0.152315 0.610417 0.226852 0.034375
1 0.632870 0.610417 0.734259 0.034375
7 0.519444 0.645833 0.961111 0.034375
1 0.152315 0.645833 0.226852 0.034375
1 0.632870 0.645833 0.734259 0.034375
7 0.519444 0.681250 0.961111 0.034375
1 0.152315 0.681250 0.226852 0.034375
1 0.632870 0.681250 0.734259 0.034375
7 0.519444 0.716667 0.961111 0.034375
1 0.152315 0.716667 0.226852 0.034375
1 0.632870 0.716667 0.734259 0.034375
7 0.519444 0.752083 0.961111 0.034375
1 0.152315 0.752083 0.226852 0.034375
1 0.632870 0.752083 0.734259 0.034375
7 0.519444 0.787500 0.961111 0.034375
1 0.152315 0.787500 0.226852 0.034375
1 0.632870 0.787500 0.734259 0.034375
7 0.519444 0.822917 0.961111 0.034375
1 0.152315 0.822917 0.226852 0.034375
1 0.632870 0.822917 0.734259 0.034375
7 0.519444 0.858333 0.961111 0.034375
1 0.152315 0.858333 0.226852 0.034375
1 0.632870 0.858333 0.734259 0.034375
7 0.519444 0.893750 0.961111 0.034375
1 0.152315 0.893750 0.226852 0.034375
1 0.632870 0.893750 0.734259 0.034375
7 0.519444 0.929167 0.961111 0.034375
1 0.152315 0.929167 0.226852 0.034375
1 0.632870 0.929167 0.734259 0.034375
7 0.519444 0.973698 0.961111 0.052604
1 0.152315 0.973698 0.226852 0.052604
1 0.632870 0.964583 0.734259 0.034375
1 0.152315 0.263021 0.226852 0.034375
1 0.632870 0.263021 0.734259 0.034375