6 0.500000 0.094792 1.000000 0.102083
1 0.507870 0.094531 0.484259 0.048438
4 0.048611 0.094792 0.097222 0.102083
4 0.175000 0.094792 0.155556 0.087500
3 0.500000 0.572917 1.000000 0.854167
3 0.662963 0.229687 0.674074 0.109375
2 0.525926 0.325521 0.948148 0.082292
2 0.525926 0.407813 0.948148 0.082292
1 0.655093 0.513542 0.689815 0.070833
1 0.655093 0.609896 0.689815 0.070833
1 0.655093 0.753646 0.689815 0.070833
1 0.537500 0.698958 0.925000 0.070833
1 0.512963 0.190625 0.974074 0.048958
3 0.666667 0.296875 0.185185 0.076042
1 0.362037 0.382552 0.201852 0.054688
1 0.731481 0.391406 0.537037 0.076563
1 0.362037 0.459115 0.201852 0.054688
1 0.731481 0.467969 0.537037 0.076563
1 0.362037 0.535677 0.201852 0.054688
1 0.731481 0.544531 0.537037 0.076563