6 0.500000 0.094792 1.000000 0.102083
4 0.097222 0.094792 0.090741 0.051042
4 0.103704 0.218750 0.103704 0.058333
1 0.535648 0.213802 0.708333 0.048438
1 0.251852 0.275260 0.140741 0.030729
1 0.289815 0.320312 0.216667 0.030208
4 0.103704 0.320312 0.103704 0.026042
3 0.501852 0.320312 0.103704 0.026042
1 0.802778 0.320312 0.394444 0.030208
1 0.666667 0.420833 0.138889 0.034375
7 0.500000 0.661198 1.000000 0.393229
1 0.525926 0.510938 0.948148 0.034375
1 0.525926 0.557552 0.948148 0.044271
1 0.168519 0.623958 0.164815 0.030208
4 0.168519 0.719271 0.233333 0.131250
1 0.531481 0.623958 0.177778 0.030208
4 0.531481 0.719271 0.233333 0.131250
1 0.894444 0.623958 0.175926 0.030208
4 0.888889 0.719271 0.222222 0.131250
7 0.500000 0.929427 1.000000 0.141146
1 0.525926 0.905208 0.948148 0.034375
1 0.399537 0.951823 0.695370 0.044271