6 0.500000 0.094792 1.000000 0.102083
1 0.390741 0.094531 0.314815 0.048438
4 0.090741 0.094792 0.181481 0.102083
9 0.500000 0.196875 1.000000 0.102083
3 0.222222 0.196875 0.444444 0.102083
3 0.666667 0.196875 0.444444 0.102083
3 0.944444 0.196875 0.111111 0.102083
7 0.506481 0.457292 0.987037 0.400000
8 0.506481 0.457292 0.987037 0.400000
1 0.511111 0.313021 0.977778 0.097917
1 0.247222 0.396354 0.346296 0.068750
1 0.719907 0.410938 0.106481 0.039583
1 0.220370 0.483333 0.292593 0.076042
1 0.766667 0.483333 0.200000 0.076042
1 0.511111 0.601562 0.977778 0.097917
7 0.506481 0.787500 0.987037 0.245833
8 0.506481 0.787500 0.987037 0.245833
1 0.253704 0.720313 0.462963 0.097917
1 0.511111 0.837500 0.977778 0.132292
7 0.506481 0.958854 0.987037 0.082292
8 0.506481 0.958854 0.987037 0.082292
1 0.205093 0.962240 0.365741 0.075521