2 0.500000 0.087500 1.000000 0.087500
7 0.500000 0.239323 1.000000 0.216146
3 0.051852 0.199479 0.064815 0.036458
1 0.542130 0.285677 0.915741 0.123438
1 0.284259 0.153385 0.361111 0.029687
1 0.326852 0.199740 0.446296 0.048438
7 0.500000 0.455990 1.000000 0.216146
3 0.051852 0.416146 0.064815 0.036458
1 0.542130 0.502344 0.915741 0.123438
1 0.284259 0.370052 0.361111 0.029687
1 0.292593 0.416406 0.377778 0.048438
7 0.500000 0.672656 1.000000 0.216146
3 0.051852 0.632812 0.064815 0.036458
1 0.542130 0.719010 0.915741 0.123438
1 0.284259 0.586719 0.361111 0.029687
1 0.551852 0.633073 0.896296 0.048438
7 0.500000 0.889323 1.000000 0.216146
3 0.051852 0.849479 0.064815 0.036458
1 0.542130 0.935677 0.915741 0.123438
1 0.284259 0.803385 0.361111 0.029687
1 0.258796 0.849740 0.310185 0.048438