3 0.500000 0.096094 1.000000 0.150521
1 0.500000 0.076302 1.000000 0.100521
7 0.500000 0.078906 1.000000 0.157812
7 0.500000 0.440885 1.000000 0.566146
3 0.581481 0.440885 0.837037 0.566146
3 0.581481 0.440885 0.837037 0.566146
1 0.691204 0.344531 0.613889 0.124479
1 0.671759 0.502604 0.656481 0.067708
4 0.584259 0.581771 0.100000 0.056250
1 0.715741 0.581771 0.162963 0.056250
7 0.500000 0.750260 1.000000 0.052604
7 0.500000 0.888281 1.000000 0.223438
3 0.581481 0.888281 0.837037 0.223438
3 0.581481 0.888281 0.837037 0.223438
1 0.691204 0.950521 0.613889 0.098958