4 0.090741 0.094792 0.155556 0.087500
1 0.610185 0.094792 0.779630 0.039583
4 0.075000 0.186979 0.129630 0.082292
1 0.586111 0.186979 0.827778 0.034375
4 0.075000 0.269271 0.129630 0.082292
1 0.569907 0.269010 0.860185 0.066146
1 0.666667 0.369010 0.240741 0.044271
1 0.666204 0.417708 0.310185 0.034375
1 0.666667 0.801042 0.400000 0.039583
1 0.666667 0.616927 0.248148 0.121354
1 0.804167 0.583073 0.026852 0.053646
4 0.666667 0.529948 0.055556 0.052604
1 0.666667 0.699740 0.055556 0.044271
1 0.706944 0.692448 0.025000 0.029687