8 0.500000 0.184375 1.000000 0.087500
7 0.500000 0.522917 1.000000 0.954167
3 0.222685 0.308073 0.162037 0.091146
3 0.404167 0.308073 0.162037 0.091146
3 0.585648 0.308073 0.162037 0.091146
3 0.767130 0.308073 0.162037 0.091146
3 0.933796 0.308073 0.132407 0.091146
3 0.335185 0.456771 0.624074 0.136458
1 0.334722 0.456510 0.263889 0.044271
3 0.843056 0.456771 0.313889 0.136458
1 0.967593 0.456510 0.064815 0.044271
3 0.335185 0.617188 0.624074 0.136458
1 0.334722 0.616927 0.169444 0.044271
3 0.843056 0.617188 0.313889 0.136458
1 0.964352 0.616927 0.071296 0.044271
3 0.335185 0.777604 0.624074 0.136458
1 0.334722 0.777344 0.175000 0.044271
3 0.843056 0.777604 0.313889 0.136458
1 0.931481 0.777344 0.137037 0.044271
3 0.335185 0.934896 0.624074 0.130208
1 0.335185 0.937760 0.170370 0.044271
3 0.843056 0.934896 0.313889 0.130208
1 0.954630 0.937760 0.090741 0.044271
3 0.078704 0.093229 0.053704 0.065625
1 0.565741 0.093229 0.868519 0.065625