6 0.500000 0.087500 1.000000 0.087500
4 0.091667 0.087500 0.129630 0.087500
3 0.091667 0.087500 0.103704 0.058333
1 0.356944 0.087240 0.400926 0.044271
1 0.500000 0.239583 1.000000 0.034375
1 0.500000 0.338021 1.000000 0.034375
1 0.500000 0.436458 1.000000 0.034375
1 0.500000 0.534896 1.000000 0.034375
1 0.500000 0.633333 1.000000 0.034375
1 0.666204 0.779427 0.386111 0.129688
1 0.037037 0.288802 0.074074 0.064062
1 0.037037 0.387240 0.074074 0.064062
1 0.037037 0.485677 0.074074 0.064062
1 0.037037 0.584115 0.074074 0.064062
1 0.037037 0.682552 0.074074 0.064062