9 0.486111 0.500000 0.972222 1.000000
1 0.186111 0.199479 0.242593 0.072917
7 0.486111 0.313021 0.972222 0.098958
1 0.349074 0.307812 0.387037 0.034375
4 0.907407 0.307812 0.077778 0.043750
7 0.486111 0.417708 0.972222 0.111458
1 0.298611 0.418750 0.473148 0.039583
4 0.881481 0.418750 0.077778 0.043750
7 0.486111 0.528646 0.972222 0.111458
1 0.222222 0.529687 0.320370 0.039583
4 0.881481 0.529687 0.077778 0.043750
7 0.486111 0.639583 0.972222 0.111458
1 0.285185 0.640625 0.446296 0.039583
4 0.881481 0.640625 0.077778 0.043750
7 0.486111 0.750521 0.972222 0.111458
1 0.218056 0.751563 0.312037 0.039583
4 0.881481 0.751563 0.077778 0.043750
7 0.486111 0.861458 0.972222 0.111458
1 0.190278 0.862500 0.256481 0.039583
4 0.881481 0.862500 0.077778 0.043750
7 0.486111 0.958333 0.972222 0.083333
1 0.197685 0.973437 0.271296 0.039583
4 0.868519 0.972135 0.103704 0.055729
2 0.415741 0.098698 0.701852 0.073438
6 0.500000 0.094792 1.000000 0.102083
4 0.090741 0.094792 0.181481 0.102083
1 0.268056 0.094531 0.173148 0.048438
8 0.666667 0.533333 0.096296 0.027083
1 0.532407 0.613802 0.935185 0.097396
1 0.532407 0.717187 0.935185 0.072917
7 0.500000 0.890625 1.000000 0.218750
1 0.532407 0.864323 0.935185 0.097396
1 0.213889 0.939323 0.298148 0.052604
1 0.746296 0.939323 0.507407 0.052604
5 0.500000 0.323698 1.000000 0.355729
3 0.500000 0.323698 1.000000 0.355729