6 0.500000 0.094792 1.000000 0.102083
1 0.402778 0.094531 0.390741 0.048438
3 0.129630 0.094792 0.155556 0.087500
7 0.163889 0.246094 0.327778 0.200521
3 0.163889 0.246094 0.327778 0.200521
7 0.498148 0.246094 0.327778 0.200521
3 0.498148 0.246094 0.327778 0.200521
7 0.832407 0.246094 0.327778 0.200521
3 0.832407 0.246094 0.327778 0.200521
7 0.163889 0.450260 0.327778 0.200521
3 0.163889 0.450260 0.327778 0.200521
7 0.498148 0.450260 0.327778 0.200521
3 0.498148 0.450260 0.327778 0.200521
7 0.832407 0.450260 0.327778 0.200521
3 0.832407 0.450260 0.327778 0.200521
7 0.163889 0.654427 0.327778 0.200521
3 0.163889 0.654427 0.327778 0.200521
7 0.498148 0.654427 0.327778 0.200521
3 0.498148 0.654427 0.327778 0.200521
7 0.832407 0.654427 0.327778 0.200521
3 0.832407 0.654427 0.327778 0.200521
7 0.163889 0.858594 0.327778 0.200521
3 0.163889 0.858594 0.327778 0.200521
7 0.498148 0.858594 0.327778 0.200521
3 0.498148 0.858594 0.327778 0.200521
7 0.832407 0.858594 0.327778 0.200521
3 0.832407 0.858594 0.327778 0.200521
7 0.163889 0.981250 0.327778 0.037500
3 0.163889 0.981250 0.327778 0.037500
7 0.498148 0.981250 0.327778 0.037500
3 0.498148 0.981250 0.327778 0.037500
7 0.832407 0.981250 0.327778 0.037500
3 0.832407 0.981250 0.327778 0.037500