9 0.500000 0.087500 1.000000 0.087500
1 0.166667 0.087500 0.333333 0.051042
1 0.500000 0.087500 0.333333 0.051042
4 0.833333 0.087500 0.118519 0.051042
7 0.500000 0.222396 1.000000 0.182292
1 0.662037 0.222396 0.675926 0.073958
7 0.500000 0.377344 1.000000 0.127604
3 0.145833 0.377344 0.162037 0.091146
4 0.289352 0.360156 0.058333 0.032813
1 0.351852 0.360417 0.066667 0.044792
1 0.551852 0.360417 0.300000 0.044792
4 0.289352 0.396354 0.058333 0.027083
1 0.356944 0.399740 0.063889 0.033854
7 0.500000 0.504948 1.000000 0.127604
4 0.145833 0.504948 0.162037 0.091146
4 0.289352 0.487760 0.058333 0.032813
1 0.351852 0.488021 0.066667 0.044792
1 0.597685 0.488021 0.391667 0.044792
4 0.289352 0.523958 0.058333 0.027083
1 0.356944 0.527344 0.063889 0.033854
7 0.500000 0.632552 1.000000 0.127604
4 0.145833 0.632552 0.162037 0.091146
4 0.289352 0.615365 0.058333 0.032813
1 0.351852 0.615625 0.066667 0.044792
1 0.573611 0.615625 0.343519 0.044792
4 0.289352 0.651563 0.058333 0.027083
1 0.356944 0.654948 0.063889 0.033854
7 0.500000 0.760156 1.000000 0.127604
4 0.145833 0.760156 0.162037 0.091146
4 0.289352 0.742969 0.058333 0.032813
1 0.351852 0.743229 0.066667 0.044792
1 0.543056 0.743229 0.282407 0.044792
4 0.289352 0.779167 0.058333 0.027083
1 0.356944 0.782552 0.063889 0.033854
7 0.500000 0.887760 1.000000 0.127604
3 0.145833 0.887760 0.162037 0.091146
4 0.289352 0.870573 0.058333 0.032813
1 0.351852 0.870833 0.066667 0.044792
1 0.551389 0.870833 0.299074 0.044792
4 0.289352 0.906771 0.058333 0.027083
1 0.356944 0.910156 0.063889 0.033854
7 0.500000 0.975781 1.000000 0.048438
3 0.145833 0.984896 0.162037 0.030208
4 0.289352 0.990885 0.058333 0.018229
1 0.351852 0.988021 0.066667 0.023958
1 0.464352 0.988021 0.125000 0.023958