6 0.500000 0.130729 1.000000 0.173958
4 0.025926 0.111979 0.051852 0.029167
3 0.193519 0.114062 0.307407 0.140625
1 0.516667 0.112240 0.312963 0.044271
9 0.259259 0.521875 0.518519 0.956250
7 0.259259 0.285677 0.518519 0.136979
4 0.119907 0.285677 0.239815 0.136979
1 0.379167 0.285677 0.278704 0.136979
7 0.259259 0.423698 0.518519 0.136979
3 0.119907 0.423698 0.239815 0.136979
1 0.379167 0.423698 0.278704 0.136979
7 0.259259 0.561719 0.518519 0.136979
4 0.119907 0.561719 0.239815 0.136979
1 0.379167 0.561719 0.278704 0.136979