9 0.500000 0.500000 1.000000 1.000000
7 0.500000 0.224479 1.000000 0.448958
3 0.324074 0.266667 0.544444 0.306250
1 0.798148 0.239063 0.403704 0.069792
1 0.776852 0.301563 0.361111 0.055208
7 0.500000 0.536458 1.000000 0.175000
4 0.200926 0.535937 0.194444 0.109375
1 0.752778 0.536458 0.494444 0.060417
7 0.500000 0.711458 1.000000 0.175000
3 0.200926 0.710938 0.194444 0.109375
1 0.749074 0.711458 0.487037 0.060417
7 0.500000 0.886458 1.000000 0.175000
4 0.200926 0.885938 0.194444 0.109375
1 0.749074 0.886458 0.487037 0.060417
7 0.500000 0.986979 1.000000 0.026042
6 0.500000 0.189583 1.000000 0.204167
1 0.733333 0.189583 0.533333 0.091667
3 0.181481 0.189583 0.362963 0.204167
2 0.500000 0.421354 1.000000 0.259375
2 0.538889 0.422917 0.922222 0.145833
1 0.500000 0.615104 1.000000 0.128125
1 0.500000 0.737500 1.000000 0.116667
1 0.500000 0.864062 1.000000 0.128125
1 0.500000 0.964063 1.000000 0.071875