3 0.073611 0.083333 0.113889 0.060417
1 0.565278 0.084896 0.869444 0.082292
3 0.500000 0.222917 1.000000 0.051042
1 0.436574 0.222917 0.873148 0.051042
2 0.511574 0.161458 0.976852 0.051042
4 0.055556 0.161458 0.064815 0.036458
7 0.500000 0.284896 1.000000 0.072917
1 0.500000 0.283073 1.000000 0.069271
7 0.500000 0.357292 1.000000 0.072917
1 0.500000 0.355469 1.000000 0.069271
7 0.500000 0.429688 1.000000 0.072917
1 0.500000 0.427865 1.000000 0.069271
7 0.500000 0.502083 1.000000 0.072917
1 0.500000 0.500260 1.000000 0.069271
7 0.500000 0.574479 1.000000 0.072917
1 0.500000 0.572656 1.000000 0.069271
7 0.500000 0.646875 1.000000 0.072917
1 0.500000 0.645052 1.000000 0.069271
7 0.500000 0.719271 1.000000 0.072917
1 0.500000 0.717448 1.000000 0.069271
7 0.500000 0.791667 1.000000 0.072917
1 0.500000 0.789844 1.000000 0.069271
7 0.500000 0.864062 1.000000 0.072917
1 0.500000 0.862240 1.000000 0.069271
7 0.500000 0.936458 1.000000 0.072917
1 0.500000 0.934635 1.000000 0.069271