6 0.500000 0.087500 1.000000 0.087500
4 0.025926 0.087500 0.051852 0.029167
3 0.078704 0.087500 0.077778 0.043750
1 0.204630 0.087240 0.148148 0.044271
2 0.500000 0.277083 1.000000 0.087500
1 0.500000 0.364583 1.000000 0.087500
2 0.500000 0.539583 1.000000 0.087500
2 0.500000 0.627083 1.000000 0.087500
1 0.500000 0.714583 1.000000 0.087500
2 0.500000 0.189583 1.000000 0.087500
2 0.500000 0.452083 1.000000 0.087500
1 0.500000 0.802083 1.000000 0.087500
2 0.500000 0.802083 1.000000 0.087500
1 0.500000 0.889583 1.000000 0.087500
2 0.500000 0.889583 1.000000 0.087500
1 0.500000 0.966667 1.000000 0.066667
2 0.500000 0.966667 1.000000 0.066667