6 0.500000 0.087500 1.000000 0.087500
1 0.256944 0.087500 0.513889 0.087500
4 0.103704 0.189583 0.129630 0.072917
4 0.787963 0.189583 0.155556 0.087500
1 0.445833 0.189583 0.476852 0.067708
1 0.450463 0.269531 0.802778 0.014063
1 0.170370 0.320312 0.242593 0.058333
7 0.445833 0.387760 0.891667 0.024479
3 0.103704 0.387760 0.155556 0.024479
1 0.530093 0.379427 0.645370 0.007812
7 0.445833 0.436458 0.891667 0.072917
3 0.103704 0.436458 0.155556 0.072917
1 0.530093 0.436458 0.645370 0.039583
7 0.445833 0.509375 0.891667 0.072917
3 0.103704 0.509375 0.155556 0.072917
1 0.530093 0.509375 0.645370 0.039583
7 0.445833 0.589583 0.891667 0.087500
1 0.439352 0.589583 0.826852 0.041667
4 0.813889 0.589583 0.155556 0.058333
7 0.445833 0.677083 0.891667 0.087500
4 0.103704 0.677083 0.155556 0.087500
1 0.530093 0.677083 0.645370 0.039583
3 0.813889 0.677083 0.155556 0.058333
7 0.445833 0.764583 0.891667 0.087500
3 0.103704 0.764583 0.155556 0.087500
1 0.530093 0.764583 0.645370 0.039583
3 0.813889 0.764583 0.155556 0.058333
7 0.445833 0.852083 0.891667 0.087500
3 0.103704 0.852083 0.155556 0.087500
1 0.530093 0.852083 0.645370 0.039583
3 0.813889 0.852083 0.155556 0.058333
7 0.445833 0.939583 0.891667 0.087500
3 0.103704 0.939583 0.155556 0.087500
1 0.530093 0.939583 0.645370 0.039583
3 0.813889 0.939583 0.155556 0.058333
7 0.445833 0.991667 0.891667 0.016667
3 0.103704 0.991667 0.155556 0.016667