9 0.486111 0.521875 0.972222 0.956250
1 0.485648 0.297135 0.341667 0.068229
1 0.485648 0.351823 0.480556 0.041146
3 0.486111 0.162500 0.324074 0.182292
1 0.486111 0.455990 0.874074 0.094271
1 0.486111 0.550781 0.874074 0.094271
7 0.486111 0.643750 0.874074 0.090625
3 0.129630 0.643750 0.127778 0.071875
1 0.566204 0.643490 0.680556 0.064062
1 0.486111 0.736719 0.874074 0.094271
7 0.486111 0.831510 0.874074 0.094271
4 0.132870 0.831510 0.134259 0.075521
1 0.569444 0.831510 0.674074 0.064062
1 0.486111 0.926302 0.874074 0.094271
1 0.666204 0.087500 0.182407 0.061458
3 0.083333 0.087500 0.166667 0.057292