6 0.500000 0.094792 1.000000 0.102083
1 0.395833 0.094531 0.239815 0.048438
3 0.131481 0.094792 0.262963 0.102083
7 0.500000 0.171354 1.000000 0.051042
1 0.516204 0.171354 0.967593 0.034375
7 0.500000 0.235417 1.000000 0.072917
1 0.516204 0.235417 0.967593 0.072917
7 0.500000 0.310417 1.000000 0.072917
1 0.516204 0.310417 0.967593 0.072917
7 0.500000 0.374479 1.000000 0.051042
1 0.516204 0.374479 0.967593 0.034375
7 0.500000 0.438542 1.000000 0.072917
1 0.324074 0.438542 0.583333 0.039583
1 0.858796 0.438542 0.282407 0.039583
7 0.500000 0.513542 1.000000 0.072917
1 0.324074 0.513542 0.583333 0.039583
1 0.858796 0.513542 0.282407 0.039583
7 0.500000 0.588542 1.000000 0.072917
1 0.324074 0.588542 0.583333 0.039583
1 0.858796 0.588542 0.282407 0.039583
7 0.500000 0.663542 1.000000 0.072917
1 0.324074 0.663542 0.583333 0.039583
7 0.500000 0.727604 1.000000 0.051042
1 0.516204 0.727604 0.967593 0.034375
7 0.500000 0.791667 1.000000 0.072917
1 0.324074 0.791667 0.583333 0.039583
7 0.500000 0.866667 1.000000 0.072917
1 0.516204 0.866667 0.967593 0.072917
7 0.500000 0.930729 1.000000 0.051042
1 0.516204 0.930729 0.967593 0.034375
7 0.500000 0.979167 1.000000 0.041667
1 0.516204 0.979167 0.967593 0.041667