4 0.094444 0.172396 0.155556 0.087500
1 0.522222 0.172396 0.700000 0.087500
4 0.094444 0.288021 0.155556 0.087500
1 0.522222 0.288021 0.700000 0.087500
4 0.094444 0.403646 0.155556 0.087500
1 0.522222 0.403646 0.700000 0.087500
4 0.094444 0.519271 0.155556 0.087500
1 0.522222 0.519271 0.700000 0.087500
4 0.094444 0.735417 0.155556 0.087500
1 0.522222 0.735417 0.700000 0.087500
4 0.094444 0.851042 0.155556 0.087500
1 0.522222 0.851042 0.700000 0.087500
4 0.094444 0.961458 0.155556 0.077083
1 0.522222 0.961458 0.700000 0.077083