6 0.500000 0.094792 1.000000 0.102083
1 0.422685 0.094531 0.456481 0.048438
4 0.090741 0.094792 0.181481 0.102083
8 0.533796 0.242969 0.932407 0.118229
1 0.549074 0.242969 0.885185 0.071354
8 0.533796 0.622917 0.932407 0.556250
3 0.150463 0.392969 0.147222 0.082812
1 0.620370 0.392708 0.759259 0.034375
1 0.546759 0.472917 0.906481 0.058333
1 0.542593 0.872135 0.914815 0.034896
1 0.283333 0.527604 0.227778 0.032292
1 0.270370 0.573958 0.201852 0.041667
1 0.274537 0.625000 0.210185 0.041667
1 0.302315 0.676042 0.265741 0.041667
1 0.254630 0.727083 0.170370 0.041667
1 0.261111 0.778125 0.183333 0.041667
1 0.279167 0.829167 0.219444 0.041667
8 0.533796 0.971875 0.932407 0.056250
4 0.150463 0.975260 0.147222 0.049479
1 0.620370 0.987240 0.759259 0.025521