6 0.500000 0.094792 1.000000 0.102083
1 0.393519 0.094531 0.398148 0.048438
4 0.090741 0.094792 0.181481 0.102083
8 0.533796 0.242969 0.932407 0.118229
1 0.549074 0.242969 0.885185 0.071354
8 0.533796 0.600781 0.932407 0.511979
4 0.150463 0.392969 0.147222 0.082812
1 0.620370 0.392708 0.759259 0.034375
1 0.546759 0.472917 0.906481 0.058333
1 0.546759 0.540625 0.906481 0.058333
1 0.546759 0.608333 0.906481 0.058333
1 0.546759 0.676042 0.906481 0.058333
1 0.546759 0.743750 0.906481 0.058333
1 0.546759 0.811458 0.906481 0.058333
8 0.533796 0.949740 0.932407 0.100521
4 0.150463 0.947656 0.147222 0.082812
1 0.620370 0.947656 0.759259 0.041146
1 0.542593 0.996875 0.914815 0.006250