6 0.500000 0.072917 1.000000 0.145833
1 0.287500 0.094531 0.212037 0.044271
4 0.090741 0.094792 0.181481 0.102083
1 0.129630 0.072917 0.064815 0.036458
6 0.500000 0.046615 1.000000 0.005729
1 0.500000 0.187500 1.000000 0.083333
1 0.500000 0.272917 1.000000 0.083333
1 0.500000 0.358333 1.000000 0.083333
1 0.500000 0.443750 1.000000 0.083333
1 0.500000 0.529167 1.000000 0.083333
1 0.500000 0.614583 1.000000 0.083333
1 0.500000 0.700000 1.000000 0.083333
1 0.500000 0.785417 1.000000 0.083333
1 0.500000 0.870833 1.000000 0.083333
1 0.500000 0.956250 1.000000 0.083333