6 0.500000 0.094792 1.000000 0.102083
1 0.332870 0.094531 0.199074 0.048438
4 0.090741 0.094792 0.181481 0.102083
7 0.512963 0.484115 0.974074 0.530729
8 0.512963 0.484115 0.974074 0.530729
3 0.517593 0.387500 0.964815 0.337500
3 0.666204 0.356510 0.308333 0.172396
1 0.533796 0.620052 0.932407 0.091146
1 0.220370 0.695052 0.305556 0.029687
3 0.574074 0.797135 0.851852 0.091146
7 0.512963 0.922396 0.974074 0.155208
8 0.512963 0.922396 0.974074 0.155208
3 0.517593 0.925781 0.964815 0.148438
3 0.666204 0.982552 0.308333 0.034896
4 0.133333 0.184375 0.103704 0.058333
4 0.400000 0.184375 0.103704 0.058333
3 0.666667 0.184375 0.103704 0.058333
4 0.933333 0.184375 0.103704 0.058333