6 0.500000 0.094792 1.000000 0.102083
1 0.332870 0.094531 0.199074 0.048438
4 0.090741 0.094792 0.181481 0.102083
7 0.512963 0.402865 0.974074 0.368229
8 0.512963 0.402865 0.974074 0.368229
3 0.517593 0.327604 0.964815 0.217708
3 0.666204 0.270833 0.308333 0.104167
1 0.533796 0.478906 0.932407 0.048438
1 0.220370 0.532552 0.305556 0.029687
7 0.512963 0.793490 0.974074 0.413021
8 0.512963 0.793490 0.974074 0.413021
3 0.517593 0.792188 0.964815 0.396875
3 0.666204 0.791927 0.308333 0.172396
4 0.133333 0.184375 0.103704 0.058333
3 0.400000 0.184375 0.103704 0.058333
3 0.666667 0.184375 0.103704 0.058333
4 0.933333 0.184375 0.103704 0.058333