6 0.500000 0.087500 1.000000 0.087500
1 0.171296 0.087500 0.342593 0.087500
9 0.500000 0.239063 1.000000 0.186458
3 0.238889 0.239063 0.470370 0.182292
3 0.742593 0.239063 0.470370 0.182292
1 0.238889 0.286458 0.470370 0.087500
1 0.742593 0.286458 0.470370 0.087500
1 0.500000 0.519010 1.000000 0.174479
7 0.500000 0.665625 1.000000 0.116667
1 0.509722 0.665365 0.980556 0.044271
7 0.500000 0.782813 1.000000 0.116667
1 0.509722 0.782552 0.980556 0.044271
7 0.500000 0.900000 1.000000 0.116667
1 0.509722 0.899740 0.980556 0.044271
7 0.500000 0.979427 1.000000 0.041146
1 0.509722 0.997396 0.980556 0.005208
1 0.413426 0.379948 0.697222 0.044271
1 0.229630 0.416927 0.329630 0.029687
1 0.993981 0.394792 0.012037 0.063542