6 0.500000 0.094792 1.000000 0.102083
1 0.392130 0.094531 0.317593 0.048438
4 0.090741 0.094792 0.181481 0.102083
1 0.133333 0.189583 0.266667 0.087500
1 0.400000 0.189583 0.266667 0.087500
1 0.666667 0.189583 0.266667 0.087500
1 0.900000 0.189583 0.200000 0.087500
1 0.137963 0.262500 0.275926 0.058333
1 0.637963 0.262500 0.724074 0.058333
7 0.500000 0.360677 1.000000 0.136979
1 0.137963 0.340885 0.275926 0.039062
1 0.137963 0.379948 0.275926 0.039062
1 0.637963 0.311979 0.724074 0.032292
1 0.637963 0.344271 0.724074 0.032292
1 0.637963 0.376563 0.724074 0.032292
1 0.637963 0.409115 0.724074 0.032813