9 0.500000 0.521875 1.000000 0.956250
4 0.077778 0.094792 0.155556 0.087500
1 0.666204 0.094792 0.269444 0.047917
1 0.500000 0.376042 1.000000 0.110417
1 0.500000 0.588542 1.000000 0.110417
1 0.500000 0.903125 1.000000 0.110417
1 0.074074 0.196875 0.148148 0.102083
1 0.574074 0.209896 0.851852 0.076042
2 0.512963 0.285417 0.974074 0.070833
1 0.356019 0.482292 0.691667 0.102083
3 0.005093 0.482292 0.010185 0.102083
1 0.946296 0.694792 0.107407 0.102083
1 0.092130 0.694792 0.184259 0.102083
1 0.107870 0.796875 0.215741 0.102083
1 0.086111 0.979167 0.172222 0.041667