4 0.087963 0.087500 0.116667 0.065625
3 0.666667 0.087500 0.194444 0.038542
2 0.531019 0.133854 0.937963 0.005208
2 0.531019 0.179688 0.937963 0.082292
1 0.176389 0.179688 0.228704 0.039583
2 0.531019 0.265625 0.937963 0.082292
1 0.272685 0.265625 0.421296 0.039583
0 0.248148 0.353646 0.424074 0.065625
0 0.669444 0.353646 0.418519 0.065625
0 0.939352 0.353646 0.121296 0.065625
2 0.531019 0.440625 0.937963 0.082292
1 0.188889 0.440104 0.253704 0.039583
2 0.531019 0.525000 0.937963 0.082292
1 0.182870 0.525000 0.241667 0.039583
2 0.531019 0.610938 0.937963 0.082292
1 0.157870 0.610938 0.191667 0.039583
2 0.531019 0.696875 0.937963 0.082292
1 0.230556 0.696875 0.337037 0.039583
2 0.531019 0.782813 0.937963 0.082292
1 0.162037 0.782813 0.200000 0.039583
2 0.531019 0.921615 0.937963 0.073438
1 0.244907 0.921354 0.365741 0.039583
1 0.537500 0.998698 0.925000 0.002604