1 0.545370 0.092448 0.909259 0.082812
4 0.991667 0.087500 0.016667 0.072917
3 0.756481 0.948698 0.487037 0.102604
7 0.545370 0.188281 0.909259 0.050521
1 0.288426 0.173698 0.291667 0.021354
1 0.587963 0.174740 0.255556 0.023438
7 0.545370 0.377083 0.909259 0.327083
1 0.309259 0.245312 0.385185 0.034375
1 0.288426 0.433073 0.291667 0.156771
1 0.523611 0.378906 0.126852 0.048438
1 0.600926 0.420312 0.281481 0.034375
1 0.656019 0.461979 0.391667 0.034375
1 0.587963 0.496354 0.255556 0.034375
1 0.254167 0.301302 0.275000 0.077604
1 0.529167 0.301302 0.275000 0.077604
1 0.804167 0.301302 0.275000 0.077604
1 0.970833 0.301302 0.058333 0.077604
1 0.254167 0.327865 0.275000 0.024479
1 0.529167 0.327865 0.275000 0.024479
1 0.804167 0.327865 0.275000 0.024479
1 0.970833 0.327865 0.058333 0.024479
7 0.545370 0.704167 0.909259 0.327083
1 0.303704 0.572396 0.374074 0.034375
1 0.288426 0.760156 0.291667 0.156771
1 0.523611 0.705990 0.126852 0.048438
1 0.600926 0.747396 0.281481 0.034375
1 0.656019 0.789062 0.391667 0.034375
1 0.587963 0.823438 0.255556 0.034375
1 0.254167 0.628385 0.275000 0.077604
1 0.529167 0.628385 0.275000 0.077604
1 0.804167 0.628385 0.275000 0.077604
1 0.970833 0.628385 0.058333 0.077604
1 0.254167 0.654948 0.275000 0.024479
1 0.529167 0.654948 0.275000 0.024479
1 0.804167 0.654948 0.275000 0.024479
1 0.970833 0.654948 0.058333 0.024479
7 0.545370 0.933854 0.909259 0.132292
1 0.291204 0.899479 0.349074 0.034375
1 0.254167 0.955469 0.275000 0.077604
1 0.529167 0.955469 0.275000 0.077604
1 0.804167 0.955469 0.275000 0.077604
1 0.970833 0.955469 0.058333 0.077604
1 0.254167 0.982031 0.275000 0.024479
1 0.529167 0.982031 0.275000 0.024479
1 0.804167 0.982031 0.275000 0.024479
1 0.970833 0.982031 0.058333 0.024479