1 0.564815 0.129948 0.870370 0.048438
7 0.525926 0.203906 0.948148 0.070312
1 0.525926 0.204427 0.948148 0.069271
7 0.525926 0.274219 0.948148 0.070312
1 0.525926 0.274740 0.948148 0.069271
7 0.525926 0.344531 0.948148 0.070312
1 0.525926 0.345052 0.948148 0.069271
7 0.525926 0.414844 0.948148 0.070312
1 0.525926 0.415365 0.948148 0.069271
7 0.525926 0.485156 0.948148 0.070312
1 0.525926 0.485677 0.948148 0.069271
7 0.525926 0.555469 0.948148 0.070312
1 0.525926 0.555990 0.948148 0.069271
7 0.525926 0.625781 0.948148 0.070312
1 0.525926 0.626302 0.948148 0.069271
7 0.525926 0.696094 0.948148 0.070312
1 0.525926 0.696615 0.948148 0.069271
7 0.525926 0.766406 0.948148 0.070312
1 0.525926 0.766927 0.948148 0.069271
7 0.525926 0.836719 0.948148 0.070312
1 0.525926 0.837240 0.948148 0.069271
7 0.525926 0.907031 0.948148 0.070312
1 0.525926 0.907552 0.948148 0.069271
7 0.525926 0.971094 0.948148 0.057813
1 0.525926 0.971615 0.948148 0.056771