6 0.500000 0.094792 1.000000 0.102083
1 0.362500 0.059635 0.621296 0.031771
4 0.090741 0.094792 0.181481 0.102083
3 0.500000 0.094792 1.000000 0.102083
1 0.963889 0.125260 0.072222 0.029687
1 0.616667 0.094531 0.766667 0.042188
8 0.500000 0.293229 1.000000 0.294792
1 0.500000 0.408854 1.000000 0.063542
1 0.545370 0.158333 0.909259 0.025000
1 0.038889 0.188021 0.077778 0.034375
1 0.545370 0.208333 0.909259 0.075000
1 0.038889 0.263021 0.077778 0.034375
1 0.545370 0.283333 0.909259 0.075000
1 0.038889 0.338021 0.077778 0.034375
1 0.545370 0.338021 0.909259 0.034375
1 0.217130 0.488281 0.330556 0.036979
8 0.500000 0.652083 1.000000 0.261458
3 0.525926 0.567708 0.948148 0.034375
4 0.077778 0.565104 0.051852 0.029167
1 0.564815 0.567708 0.870370 0.034375
3 0.525926 0.623958 0.948148 0.034375
3 0.077778 0.621354 0.051852 0.029167
1 0.564815 0.623958 0.870370 0.034375
3 0.525926 0.680208 0.948148 0.034375
4 0.077778 0.677604 0.051852 0.029167
1 0.564815 0.680208 0.870370 0.034375
1 0.500000 0.751042 1.000000 0.063542
1 0.359259 0.830469 0.614815 0.036979
8 0.500000 0.931771 1.000000 0.136458
1 0.525926 0.939583 0.948148 0.093750