6 0.500000 0.094792 1.000000 0.102083
4 0.090741 0.094792 0.077778 0.072917
3 0.500000 0.226042 1.000000 0.364583
3 0.500000 0.226042 1.000000 0.364583
1 0.590278 0.226042 0.819444 0.364583
1 0.500000 0.454688 1.000000 0.092708
7 0.500000 0.552083 1.000000 0.102083
1 0.525926 0.552083 0.948148 0.034375
7 0.500000 0.656250 1.000000 0.102083
1 0.525926 0.656250 0.948148 0.034375
7 0.500000 0.760417 1.000000 0.102083
1 0.525926 0.760417 0.948148 0.034375
7 0.500000 0.864583 1.000000 0.102083
1 0.525926 0.864583 0.948148 0.034375
7 0.500000 0.958854 1.000000 0.082292
1 0.525926 0.968750 0.948148 0.034375