3 0.162037 0.089063 0.324074 0.072917
3 0.863426 0.089323 0.204630 0.064062
4 0.806944 0.089323 0.125000 0.049479
1 0.500000 0.176042 1.000000 0.082292
1 0.500000 0.258333 1.000000 0.082292
1 0.500000 0.171354 1.000000 0.072917
1 0.500000 0.244271 1.000000 0.072917
1 0.500000 0.390104 1.000000 0.072917
1 0.500000 0.535937 1.000000 0.072917
1 0.500000 0.608854 1.000000 0.072917
1 0.500000 0.681771 1.000000 0.072917
1 0.500000 0.754687 1.000000 0.072917
1 0.500000 0.827604 1.000000 0.072917
1 0.500000 0.968490 1.000000 0.063021
3 0.089815 0.316927 0.081481 0.042188
1 0.300926 0.316927 0.301852 0.044271
1 0.146296 0.463021 0.227778 0.039583
1 0.118056 0.900521 0.171296 0.039583
3 0.500000 0.089323 1.000000 0.091146
3 0.500000 0.089323 1.000000 0.091146
4 0.089352 0.089583 0.143519 0.072917
1 0.500000 0.212500 1.000000 0.082292
1 0.548611 0.297396 0.902778 0.065625
3 0.667130 0.477865 0.291667 0.164062
1 0.500000 0.598177 1.000000 0.032813
3 0.667130 0.745573 0.291667 0.164062
1 0.500000 0.865885 1.000000 0.032813
1 0.654167 0.982031 0.387963 0.035937