9 0.453704 0.521875 0.907407 0.956250
7 0.453704 0.180469 0.907407 0.273438
3 0.453704 0.180469 0.842593 0.091146
7 0.453704 0.365885 0.907407 0.098437
1 0.453704 0.365885 0.907407 0.098437
7 0.453704 0.463802 0.907407 0.098437
1 0.453704 0.463802 0.907407 0.098437
7 0.453704 0.561719 0.907407 0.098437
1 0.453704 0.561719 0.907407 0.098437
7 0.453704 0.659635 0.907407 0.098437
1 0.453704 0.659635 0.907407 0.098437
7 0.453704 0.757552 0.907407 0.098437
1 0.453704 0.757552 0.907407 0.098437
7 0.453704 0.855469 0.907407 0.098437
1 0.453704 0.855469 0.907407 0.098437
7 0.453704 0.952083 0.907407 0.095833
1 0.453704 0.952083 0.907407 0.095833
6 0.500000 0.094792 1.000000 0.102083
3 0.090741 0.094792 0.181481 0.102083
1 0.604167 0.089063 0.741667 0.043750
4 0.987500 0.094792 0.025000 0.087500
7 0.156481 0.200521 0.279630 0.068750
1 0.156481 0.200521 0.240741 0.046875
7 0.481019 0.200521 0.302778 0.068750
1 0.422685 0.200521 0.147222 0.046875
4 0.554630 0.202344 0.116667 0.032813
7 0.500000 0.333073 1.000000 0.166146
3 0.194444 0.332031 0.388889 0.164062
1 0.710648 0.274219 0.578704 0.029687
1 0.710648 0.307031 0.578704 0.029687
7 0.500000 0.499219 1.000000 0.166146
3 0.194444 0.498177 0.388889 0.164062
1 0.710648 0.440365 0.578704 0.029687
1 0.710648 0.485938 0.578704 0.055208
7 0.500000 0.665365 1.000000 0.166146
3 0.194444 0.664323 0.388889 0.164062
1 0.710648 0.606510 0.578704 0.029687
1 0.710648 0.639323 0.578704 0.029687
7 0.500000 0.831510 1.000000 0.166146
3 0.194444 0.830469 0.388889 0.164062
1 0.710648 0.772656 0.578704 0.029687
1 0.710648 0.805469 0.578704 0.029687
7 0.500000 0.957292 1.000000 0.085417
3 0.194444 0.957292 0.388889 0.085417
1 0.710648 0.938802 0.578704 0.029687
1 0.710648 0.971615 0.578704 0.029687