6 0.500000 0.178646 1.000000 0.182292
4 0.193519 0.178125 0.142593 0.062500
7 0.500000 0.434375 1.000000 0.329167
4 0.226852 0.433854 0.324074 0.255208
1 0.726852 0.426563 0.546296 0.088542
1 0.726852 0.500521 0.546296 0.059375
1 0.722222 0.344271 0.537037 0.076042
3 0.995370 0.344792 0.009259 0.043750
7 0.500000 0.763542 1.000000 0.329167
4 0.226852 0.763021 0.324074 0.255208
1 0.726852 0.755729 0.546296 0.088542
1 0.726852 0.829688 0.546296 0.059375
1 0.676852 0.673438 0.446296 0.076042
3 0.940741 0.673958 0.081481 0.043750
7 0.500000 0.964063 1.000000 0.071875
3 0.226852 0.982292 0.324074 0.035417
1 0.567593 0.982292 0.227778 0.035417
4 0.722222 0.990625 0.081481 0.018750