1 0.418519 0.110417 0.261111 0.133333
7 0.606481 0.209896 0.787037 0.065625
1 0.978704 0.209896 0.042593 0.065625
1 0.576852 0.209896 0.727778 0.065625
7 0.606481 0.275521 0.787037 0.065625
1 0.978704 0.275521 0.042593 0.065625
1 0.576852 0.275521 0.727778 0.065625
7 0.606481 0.341146 0.787037 0.065625
1 0.980556 0.341146 0.038889 0.065625
1 0.578704 0.341146 0.731481 0.065625
7 0.606481 0.406771 0.787037 0.065625
1 0.976852 0.406771 0.046296 0.065625
1 0.575000 0.406771 0.724074 0.065625
7 0.606481 0.472396 0.787037 0.065625
1 0.979630 0.472396 0.040741 0.065625
1 0.577778 0.472396 0.729630 0.065625
7 0.606481 0.538021 0.787037 0.065625
1 0.977315 0.538021 0.045370 0.065625
1 0.575463 0.538021 0.725000 0.065625
7 0.606481 0.603646 0.787037 0.065625
1 0.981481 0.603646 0.037037 0.065625
1 0.579630 0.603646 0.733333 0.065625
7 0.606481 0.669271 0.787037 0.065625
1 0.978704 0.669271 0.042593 0.065625
1 0.576852 0.669271 0.727778 0.065625
7 0.606481 0.734896 0.787037 0.065625
1 0.982870 0.734896 0.034259 0.065625
1 0.581019 0.734896 0.736111 0.065625
7 0.606481 0.800521 0.787037 0.065625
1 0.978704 0.800521 0.042593 0.065625
1 0.576852 0.800521 0.727778 0.065625
7 0.606481 0.866146 0.787037 0.065625
1 0.980556 0.866146 0.038889 0.065625
1 0.578704 0.866146 0.731481 0.065625
7 0.606481 0.931771 0.787037 0.065625
1 0.981481 0.931771 0.037037 0.065625
1 0.579630 0.931771 0.733333 0.065625
7 0.606481 0.982292 0.787037 0.035417
1 0.977778 0.982292 0.044444 0.035417
1 0.575926 0.982292 0.725926 0.035417