3 0.500000 0.250260 1.000000 0.500521
1 0.474074 0.250000 0.203704 0.072917
4 0.666667 0.250000 0.051852 0.029167
1 0.851852 0.250000 0.188889 0.072917
3 0.500000 0.565625 1.000000 0.130208
1 0.407870 0.555729 0.362037 0.044792
1 0.543056 0.592448 0.632407 0.024479
3 0.500000 0.689063 1.000000 0.116667
1 0.483333 0.672396 0.512963 0.044792
1 0.434259 0.709115 0.414815 0.024479
3 0.090741 0.564583 0.077778 0.043750
4 0.090741 0.684896 0.077778 0.043750
1 0.243981 0.848958 0.487963 0.117708
1 0.769907 0.847396 0.460185 0.114583
4 0.090741 0.848958 0.077778 0.043750
4 0.090741 0.992969 0.077778 0.014063
1 0.421759 0.984635 0.480556 0.030729
1 0.850463 0.984635 0.299074 0.030729