3 0.344444 0.521875 0.014815 0.956250
1 0.676852 0.107031 0.646296 0.064062
1 0.676852 0.218750 0.646296 0.034375
1 0.676852 0.465104 0.646296 0.087500
3 0.038889 0.105729 0.077778 0.087500
1 0.210648 0.105729 0.252778 0.087500
3 0.038889 0.193229 0.077778 0.087500
1 0.200926 0.193229 0.233333 0.087500
4 0.038889 0.280729 0.077778 0.087500
1 0.200926 0.280729 0.233333 0.087500
3 0.038889 0.368229 0.077778 0.087500
1 0.200926 0.368229 0.233333 0.087500
3 0.038889 0.455729 0.077778 0.087500
1 0.200926 0.455729 0.233333 0.087500
3 0.038889 0.543229 0.077778 0.087500
1 0.200926 0.543229 0.233333 0.087500