6 0.500000 0.094792 1.000000 0.102083
1 0.616667 0.094531 0.766667 0.048438
4 0.090741 0.094792 0.181481 0.102083
7 0.500000 0.488542 1.000000 0.685417
7 0.500000 0.488542 1.000000 0.685417
8 0.500000 0.592448 1.000000 0.054688
1 0.343056 0.678125 0.634259 0.087500
1 0.836574 0.678125 0.326852 0.087500
1 0.343056 0.772917 0.634259 0.087500
1 0.836574 0.772917 0.326852 0.087500
3 0.500000 0.382812 1.000000 0.473958
1 0.500000 0.528385 1.000000 0.036979
7 0.500000 0.915625 1.000000 0.168750
3 0.500000 0.915625 1.000000 0.168750
3 0.500000 0.401042 1.000000 0.510417
8 0.500000 0.828125 1.000000 0.343750
1 0.516204 0.777865 0.967593 0.024479
1 0.500000 0.720052 0.935185 0.091146
1 0.500000 0.973437 1.000000 0.053125
3 0.146296 0.841667 0.227778 0.065625
1 0.146296 0.885677 0.227778 0.022396
1 0.146296 0.908073 0.227778 0.022396
3 0.406481 0.841667 0.227778 0.065625
1 0.406481 0.885677 0.227778 0.022396
1 0.406481 0.908073 0.227778 0.022396
4 0.666667 0.841667 0.227778 0.065625
1 0.666667 0.895573 0.227778 0.042188
3 0.906481 0.841667 0.187037 0.065625
1 0.906481 0.895573 0.187037 0.042188