6 0.500000 0.094792 1.000000 0.102083
1 0.334259 0.094531 0.201852 0.048438
4 0.090741 0.094792 0.181481 0.102083
2 0.519444 0.178646 0.961111 0.065625
9 0.500000 0.255208 1.000000 0.087500
1 0.666667 0.255208 0.442593 0.034375
1 0.519444 0.364583 0.961111 0.087500
1 0.519444 0.459375 0.961111 0.087500
1 0.519444 0.554167 0.961111 0.087500
1 0.519444 0.648958 0.961111 0.087500
1 0.519444 0.743750 0.961111 0.087500
1 0.519444 0.838542 0.961111 0.087500
1 0.519444 0.933333 0.961111 0.087500
1 0.519444 0.992188 0.961111 0.015625