9 0.486111 0.500000 0.972222 1.000000
7 0.486111 0.072917 0.972222 0.058333
1 0.486111 0.072917 0.972222 0.058333
7 0.486111 0.145313 0.972222 0.087500
3 0.079630 0.145313 0.081481 0.036458
1 0.244444 0.145313 0.488889 0.087500
7 0.486111 0.232292 0.972222 0.087500
3 0.079630 0.232292 0.081481 0.036458
1 0.272222 0.232292 0.544444 0.087500
7 0.486111 0.304688 0.972222 0.058333
1 0.486111 0.304688 0.972222 0.058333
7 0.486111 0.377083 0.972222 0.087500
4 0.079630 0.377083 0.081481 0.036458
1 0.209259 0.377083 0.418519 0.087500
7 0.486111 0.464062 0.972222 0.087500
4 0.079630 0.464062 0.081481 0.036458
1 0.234259 0.464062 0.468519 0.087500
7 0.486111 0.536458 0.972222 0.058333
1 0.486111 0.536458 0.972222 0.058333
7 0.486111 0.608854 0.972222 0.087500
4 0.079630 0.608854 0.081481 0.036458
1 0.311574 0.608854 0.623148 0.087500
7 0.486111 0.681250 0.972222 0.058333
1 0.486111 0.681250 0.972222 0.058333
7 0.486111 0.753646 0.972222 0.087500
4 0.079630 0.753646 0.081481 0.036458
1 0.303241 0.753646 0.606481 0.087500
7 0.486111 0.840625 0.972222 0.087500
4 0.079630 0.840625 0.081481 0.036458
1 0.281944 0.840625 0.563889 0.087500
7 0.486111 0.913021 0.972222 0.058333
1 0.486111 0.913021 0.972222 0.058333
7 0.486111 0.970833 0.972222 0.058333
4 0.079630 0.983594 0.081481 0.032813
1 0.222685 0.970833 0.445370 0.058333
6 0.500000 0.116667 1.000000 0.145833
4 0.090741 0.116667 0.181481 0.102083
1 0.334722 0.116406 0.202778 0.048438
7 0.500000 0.235156 1.000000 0.091146
1 0.525926 0.235156 0.948148 0.091146