3 0.500000 0.521875 1.000000 0.956250
9 0.810185 0.567448 0.379630 0.865104
1 0.810185 0.167969 0.379630 0.066146
7 0.810185 0.238021 0.379630 0.073958
1 0.826389 0.233073 0.347222 0.036979
7 0.810185 0.311458 0.379630 0.073958
1 0.826389 0.306510 0.347222 0.036979
7 0.810185 0.384896 0.379630 0.073958
1 0.826389 0.379948 0.347222 0.036979
7 0.810185 0.458333 0.379630 0.073958
1 0.826389 0.453385 0.347222 0.036979
7 0.810185 0.531771 0.379630 0.073958
1 0.826389 0.526823 0.347222 0.036979
7 0.810185 0.605208 0.379630 0.073958
1 0.826389 0.600260 0.347222 0.036979
7 0.810185 0.678646 0.379630 0.073958
1 0.826389 0.673698 0.347222 0.036979
3 0.162037 0.166927 0.324074 0.064062
1 0.738426 0.166927 0.523148 0.064062