6 0.500000 0.087500 1.000000 0.087500
1 0.198148 0.087500 0.348148 0.087500
7 0.525926 0.189583 0.948148 0.116667
1 0.171296 0.189323 0.187037 0.044271
7 0.525926 0.307292 0.948148 0.116667
1 0.216667 0.307031 0.277778 0.044271
7 0.525926 0.425000 0.948148 0.116667
1 0.243519 0.424740 0.331481 0.044271
7 0.525926 0.542708 0.948148 0.116667
1 0.186574 0.542448 0.217593 0.044271
7 0.525926 0.660417 0.948148 0.116667
1 0.264352 0.660156 0.373148 0.044271
7 0.525926 0.778125 0.948148 0.116667
1 0.172222 0.777865 0.188889 0.044271
7 0.525926 0.895833 0.948148 0.116667
1 0.216204 0.895573 0.276852 0.044271