7 0.500000 0.087500 1.000000 0.087500
3 0.057407 0.087500 0.081481 0.045833
1 0.564352 0.087500 0.867593 0.039583
7 0.500000 0.176042 1.000000 0.087500
3 0.057407 0.176042 0.081481 0.045833
1 0.564352 0.176042 0.867593 0.039583
7 0.500000 0.264583 1.000000 0.087500
4 0.057407 0.264583 0.081481 0.045833
1 0.564352 0.264583 0.867593 0.039583
7 0.500000 0.353125 1.000000 0.087500
3 0.057407 0.353125 0.081481 0.045833
1 0.564352 0.353125 0.867593 0.039583
7 0.500000 0.441667 1.000000 0.087500
3 0.057407 0.441667 0.081481 0.045833
1 0.516204 0.441667 0.771296 0.039583
1 0.950000 0.441406 0.096296 0.047396
7 0.500000 0.530208 1.000000 0.087500
3 0.057407 0.530208 0.081481 0.045833
1 0.564352 0.530208 0.867593 0.039583
7 0.500000 0.618750 1.000000 0.087500
4 0.057407 0.618750 0.081481 0.045833
1 0.564352 0.618750 0.867593 0.039583
7 0.500000 0.707292 1.000000 0.087500
3 0.057407 0.707292 0.081481 0.045833
1 0.564352 0.707292 0.867593 0.039583
7 0.500000 0.795833 1.000000 0.087500
3 0.057407 0.795573 0.081481 0.046354
1 0.564352 0.795833 0.867593 0.039583
7 0.500000 0.884375 1.000000 0.087500
4 0.057407 0.884375 0.081481 0.045833
1 0.564352 0.884375 0.867593 0.039583
7 0.500000 0.964583 1.000000 0.070833
3 0.057407 0.972917 0.081481 0.045833
1 0.564352 0.972917 0.867593 0.039583