9 0.500000 0.189583 1.000000 0.204167
3 0.266667 0.189583 0.533333 0.204167
3 0.766667 0.189583 0.466667 0.204167
9 0.500000 0.823958 1.000000 0.175000
1 0.444444 0.823958 0.888889 0.175000
1 0.944444 0.823958 0.111111 0.175000
3 0.500000 0.514062 1.000000 0.444792
8 0.227778 0.604167 0.351852 0.206250
4 0.227778 0.604167 0.311111 0.175000
7 0.500000 0.601562 1.000000 0.619792
7 0.525926 0.970313 0.948148 0.059375
8 0.525926 0.970313 0.948148 0.059375
3 0.532407 0.976042 0.935185 0.047917
1 0.680556 0.559375 0.450000 0.068750