9 0.453704 0.500000 0.907407 1.000000
1 0.453704 0.350000 0.907407 0.087500
1 0.453704 0.437500 0.907407 0.087500
1 0.453704 0.525000 0.907407 0.087500
1 0.453704 0.612500 0.907407 0.087500
1 0.453704 0.716667 0.907407 0.087500
1 0.453704 0.804167 0.907407 0.087500
1 0.453704 0.891667 0.907407 0.087500
1 0.453704 0.967708 0.907407 0.064583
1 0.453704 0.230729 0.803704 0.063542
6 0.500000 0.094792 1.000000 0.102083
1 0.479167 0.094531 0.569444 0.048438
3 0.090741 0.094792 0.181481 0.102083
9 0.500000 0.192188 1.000000 0.092708
1 0.222222 0.192188 0.444444 0.092708
1 0.666667 0.192188 0.444444 0.092708
1 0.944444 0.192188 0.111111 0.092708
7 0.508333 0.323437 0.983333 0.140625
1 0.537500 0.323437 0.925000 0.111458
7 0.508333 0.464062 0.983333 0.140625
1 0.537500 0.464062 0.925000 0.111458
7 0.508333 0.583333 0.983333 0.097917
1 0.537500 0.583333 0.925000 0.068750
7 0.508333 0.702604 0.983333 0.140625
1 0.537500 0.702604 0.925000 0.111458
7 0.508333 0.843229 0.983333 0.140625
1 0.537500 0.843229 0.925000 0.111458
7 0.508333 0.956771 0.983333 0.086458
1 0.537500 0.962500 0.925000 0.068750