9 0.453704 0.500000 0.907407 1.000000
1 0.453704 0.408333 0.907407 0.087500
1 0.453704 0.495833 0.907407 0.087500
1 0.453704 0.583333 0.907407 0.087500
1 0.453704 0.670833 0.907407 0.087500
1 0.453704 0.758333 0.907407 0.087500
1 0.453704 0.845833 0.907407 0.087500
1 0.453704 0.933333 0.907407 0.087500
1 0.453704 0.988542 0.907407 0.022917
3 0.453704 0.175000 0.907407 0.350000
1 0.414815 0.303646 0.725926 0.034375
3 0.149074 0.113021 0.194444 0.109375
4 0.816667 0.298958 0.077778 0.043750
8 0.500000 0.386979 1.000000 0.437500
8 0.666667 0.554167 0.020370 0.011458
1 0.666204 0.386979 0.539815 0.087500
3 0.500000 0.386979 1.000000 0.437500
7 0.500000 0.673177 1.000000 0.105729
1 0.339815 0.673177 0.627778 0.091146
1 0.839815 0.673177 0.320370 0.091146
7 0.500000 0.778906 1.000000 0.105729
1 0.339815 0.778906 0.627778 0.091146
1 0.839815 0.778906 0.320370 0.091146
7 0.500000 0.915885 1.000000 0.168229
1 0.500000 0.896094 1.000000 0.099479
8 0.230556 0.976562 0.409259 0.046875
3 0.230556 0.976562 0.409259 0.046875
8 0.666204 0.976562 0.410185 0.046875
3 0.666204 0.976562 0.410185 0.046875
8 0.948611 0.976562 0.102778 0.046875
3 0.948611 0.976562 0.102778 0.046875
1 0.600926 0.102604 0.798148 0.072917
3 0.117593 0.102604 0.077778 0.043750