3 0.500000 0.500000 1.000000 1.000000
6 0.500000 0.051042 1.000000 0.102083
1 0.337500 0.050781 0.208333 0.048438
4 0.090741 0.051042 0.181481 0.102083
4 0.933333 0.051042 0.133333 0.087500
9 0.500000 0.153125 1.000000 0.102083
1 0.332870 0.153125 0.208333 0.034375
1 0.935648 0.153125 0.128704 0.034375
1 0.714815 0.453385 0.466667 0.223438
4 0.582870 0.313802 0.162037 0.091146
1 0.779630 0.313802 0.166667 0.059896
1 0.446759 0.682813 0.526852 0.034375
1 0.879630 0.682813 0.240741 0.034375
1 0.927315 0.584896 0.145370 0.039583
1 0.920370 0.632552 0.131481 0.044271
1 0.413426 0.585677 0.215741 0.036979
1 0.588889 0.584896 0.101852 0.039583
1 0.331019 0.626823 0.041667 0.044271
1 0.412963 0.628125 0.101852 0.039583
1 0.506481 0.626823 0.031481 0.044271
1 0.583333 0.628125 0.101852 0.039583