6 0.500000 0.175000 1.000000 0.175000
3 0.183333 0.175000 0.207407 0.116667
1 0.656481 0.174479 0.687037 0.088542
7 0.551852 0.363021 0.896296 0.201042
1 0.597222 0.328646 0.805556 0.088542
1 0.597222 0.407292 0.805556 0.068750
7 0.551852 0.566146 0.896296 0.201042
1 0.597222 0.531771 0.805556 0.088542
1 0.597222 0.610417 0.805556 0.068750
7 0.551852 0.769271 0.896296 0.201042
1 0.525926 0.734896 0.662963 0.088542
1 0.597222 0.813542 0.805556 0.068750
7 0.551852 0.935937 0.896296 0.128125
1 0.500000 0.938021 0.611111 0.088542
1 0.597222 0.991146 0.805556 0.017708