9 0.500000 0.500000 1.000000 1.000000
1 0.500000 0.031250 1.000000 0.062500
1 0.500000 0.106250 1.000000 0.087500
1 0.500000 0.193750 1.000000 0.087500
1 0.500000 0.281250 1.000000 0.087500
1 0.500000 0.368750 1.000000 0.087500
1 0.500000 0.456250 1.000000 0.087500
1 0.500000 0.543750 1.000000 0.087500
1 0.500000 0.631250 1.000000 0.087500
1 0.500000 0.718750 1.000000 0.087500
1 0.500000 0.806250 1.000000 0.087500
1 0.500000 0.893750 1.000000 0.087500
1 0.500000 0.968750 1.000000 0.062500
6 0.500000 0.094792 1.000000 0.102083
3 0.090741 0.094792 0.181481 0.102083
3 0.653704 0.094792 0.388889 0.087500
1 0.141204 0.189583 0.282407 0.034375
1 0.667130 0.189583 0.613889 0.034375
7 0.500000 0.284375 1.000000 0.102083
3 0.246296 0.275260 0.375926 0.083854
1 0.741667 0.242448 0.516667 0.018229
7 0.500000 0.426563 1.000000 0.182292
3 0.246296 0.426563 0.375926 0.145833
1 0.741667 0.380729 0.516667 0.054167
1 0.723148 0.420833 0.479630 0.026042
7 0.500000 0.608854 1.000000 0.182292
3 0.246296 0.608854 0.375926 0.145833
1 0.741667 0.578385 0.516667 0.084896
1 0.725000 0.633854 0.483333 0.026042
7 0.500000 0.791146 1.000000 0.182292
3 0.246296 0.791146 0.375926 0.145833
1 0.741667 0.745313 0.516667 0.054167
1 0.725000 0.785417 0.483333 0.026042
7 0.500000 0.941146 1.000000 0.117708
3 0.246296 0.950260 0.375926 0.099479
1 0.741667 0.927604 0.516667 0.054167
1 0.724537 0.967708 0.482407 0.026042