7 0.778704 0.138542 0.442593 0.087500
1 0.804630 0.138281 0.390741 0.044271
7 0.778704 0.227083 0.442593 0.087500
1 0.804630 0.226823 0.390741 0.044271
7 0.778704 0.315625 0.442593 0.087500
1 0.804630 0.315365 0.390741 0.044271
7 0.778704 0.404167 0.442593 0.087500
1 0.804630 0.403906 0.390741 0.044271
7 0.778704 0.492708 0.442593 0.087500
1 0.804630 0.492448 0.390741 0.044271
7 0.778704 0.581250 0.442593 0.087500
1 0.804630 0.580990 0.390741 0.044271
7 0.778704 0.669792 0.442593 0.087500
1 0.804630 0.669531 0.390741 0.044271
7 0.778704 0.758333 0.442593 0.087500
1 0.804630 0.758073 0.390741 0.044271