3 0.500000 0.021875 1.000000 0.043750
4 0.065278 0.082031 0.097222 0.054688
1 0.271296 0.082292 0.314815 0.058333
4 0.103241 0.214062 0.076852 0.112500
4 0.103241 0.326562 0.076852 0.111458
1 0.306481 0.213802 0.264815 0.044271
1 0.959259 0.213802 0.081481 0.060937
1 0.339815 0.326302 0.331481 0.044271
1 0.959259 0.326302 0.081481 0.060937
3 0.099074 0.581250 0.068519 0.038542
1 0.362500 0.581771 0.458333 0.039583
4 0.099074 0.746875 0.068519 0.038542
1 0.322222 0.747396 0.377778 0.039583
4 0.099074 0.421354 0.068519 0.038542
1 0.352315 0.421354 0.437963 0.038542
1 0.252778 0.666667 0.194444 0.043750
1 0.448148 0.666667 0.194444 0.043750
1 0.643519 0.666667 0.194444 0.043750
1 0.838889 0.666667 0.194444 0.043750
1 0.968519 0.666667 0.062963 0.043750
1 0.252778 0.832292 0.194444 0.043750
1 0.448148 0.832292 0.194444 0.043750
1 0.643519 0.832292 0.194444 0.043750
1 0.838889 0.832292 0.194444 0.043750
1 0.968519 0.832292 0.062963 0.043750
1 0.252778 0.496875 0.194444 0.043750
1 0.448148 0.496875 0.194444 0.043750
1 0.643519 0.496875 0.194444 0.043750
1 0.838889 0.496875 0.194444 0.043750
1 0.968519 0.496875 0.062963 0.043750