6 0.500000 0.094792 1.000000 0.102083
1 0.520370 0.094531 0.574074 0.048438
4 0.090741 0.094792 0.181481 0.102083
7 0.516204 0.382031 0.967593 0.435937
1 0.540741 0.235417 0.918519 0.087500
1 0.540741 0.305729 0.918519 0.034375
1 0.540741 0.415885 0.918519 0.167187
3 0.276389 0.545052 0.389815 0.054688
3 0.666204 0.544792 0.389815 0.043750
1 0.930556 0.545052 0.138889 0.042188
7 0.516204 0.803125 0.967593 0.369792
1 0.540741 0.689583 0.918519 0.087500
1 0.540741 0.759896 0.918519 0.034375
1 0.540741 0.836979 0.918519 0.101042
4 0.276389 0.933073 0.389815 0.054688
4 0.666204 0.932813 0.389815 0.043750
1 0.930556 0.933073 0.138889 0.042188