6 0.500000 0.094792 1.000000 0.102083
1 0.325000 0.094531 0.261111 0.048438
4 0.090741 0.094792 0.181481 0.102083
1 0.666204 0.177344 0.271296 0.044271
7 0.094907 0.320833 0.189815 0.116667
1 0.094444 0.313542 0.051852 0.034375
7 0.284722 0.320833 0.189815 0.116667
1 0.284259 0.313542 0.051852 0.034375
7 0.474537 0.320833 0.189815 0.116667
1 0.474074 0.313542 0.051852 0.034375
7 0.664352 0.320833 0.189815 0.116667
1 0.663889 0.313542 0.051852 0.034375
7 0.854167 0.320833 0.189815 0.116667
1 0.853704 0.313542 0.051852 0.034375
7 0.974537 0.320833 0.050926 0.116667
7 0.094907 0.437500 0.189815 0.116667
1 0.094444 0.430208 0.025926 0.034375
7 0.284722 0.437500 0.189815 0.116667
1 0.284259 0.430208 0.025926 0.034375
7 0.474537 0.437500 0.189815 0.116667
1 0.474074 0.430208 0.025926 0.034375
7 0.664352 0.437500 0.189815 0.116667
1 0.663889 0.430208 0.025926 0.034375
7 0.854167 0.437500 0.189815 0.116667
1 0.853704 0.430208 0.025926 0.034375
3 0.853704 0.454688 0.025926 0.014583
7 0.974537 0.437500 0.050926 0.116667
7 0.094907 0.554167 0.189815 0.116667
1 0.094444 0.546875 0.025926 0.034375
7 0.284722 0.554167 0.189815 0.116667
1 0.284259 0.546875 0.051852 0.034375
7 0.474537 0.554167 0.189815 0.116667
1 0.474074 0.546875 0.051852 0.034375
7 0.664352 0.554167 0.189815 0.116667
1 0.663889 0.546875 0.051852 0.034375
7 0.854167 0.554167 0.189815 0.116667
1 0.853704 0.546875 0.051852 0.034375
7 0.974537 0.554167 0.050926 0.116667
7 0.094907 0.670833 0.189815 0.116667
1 0.094444 0.663542 0.051852 0.034375
7 0.284722 0.670833 0.189815 0.116667
1 0.284259 0.663542 0.051852 0.034375
7 0.474537 0.670833 0.189815 0.116667
1 0.474074 0.663542 0.051852 0.034375
7 0.664352 0.670833 0.189815 0.116667
1 0.663889 0.663542 0.051852 0.034375
7 0.854167 0.670833 0.189815 0.116667
1 0.853704 0.663542 0.051852 0.034375
7 0.974537 0.670833 0.050926 0.116667
7 0.094907 0.787500 0.189815 0.116667
1 0.094444 0.780208 0.051852 0.034375
7 0.284722 0.787500 0.189815 0.116667
1 0.284259 0.780208 0.051852 0.034375
7 0.474537 0.787500 0.189815 0.116667
1 0.474074 0.780208 0.051852 0.034375
7 0.664352 0.787500 0.189815 0.116667
1 0.663889 0.780208 0.051852 0.034375
7 0.854167 0.787500 0.189815 0.116667
1 0.853704 0.780208 0.051852 0.034375
7 0.974537 0.787500 0.050926 0.116667
7 0.094907 0.904167 0.189815 0.116667
1 0.094444 0.896875 0.051852 0.034375
7 0.284722 0.904167 0.189815 0.116667
1 0.284259 0.896875 0.025926 0.034375
7 0.474537 0.904167 0.189815 0.116667
1 0.474074 0.896875 0.025926 0.034375
7 0.664352 0.904167 0.189815 0.116667
1 0.663889 0.896875 0.025926 0.034375
7 0.854167 0.904167 0.189815 0.116667
1 0.853704 0.896875 0.025926 0.034375
7 0.974537 0.904167 0.050926 0.116667
3 0.064352 0.173177 0.058333 0.042188