9 0.796296 0.500000 0.407407 1.000000
1 0.796296 0.947917 0.407407 0.104167
4 0.787037 0.343750 0.129630 0.072917
1 0.796296 0.530208 0.407407 0.145833
1 0.796296 0.676042 0.407407 0.145833
1 0.796296 0.821875 0.407407 0.145833
6 0.500000 0.189583 1.000000 0.204167
1 0.823148 0.189583 0.353704 0.204167
3 0.462037 0.189062 0.198148 0.111458
4 0.181481 0.189583 0.362963 0.204167
9 0.500000 0.379167 1.000000 0.175000
1 0.444444 0.379167 0.888889 0.175000
1 0.944444 0.379167 0.111111 0.175000
1 0.532407 0.613542 0.935185 0.293750
1 0.532407 0.916667 0.935185 0.166667