6 0.500000 0.189583 1.000000 0.204167
4 0.181481 0.189583 0.362963 0.204167
1 0.539815 0.189062 0.301852 0.096875
1 0.551852 0.514583 0.896296 0.116667
7 0.551852 0.693750 0.896296 0.233333
3 0.220370 0.693750 0.233333 0.131250
1 0.717593 0.664062 0.564815 0.073958
1 0.717593 0.730729 0.564815 0.059375
7 0.551852 0.907292 0.896296 0.185417
4 0.220370 0.931250 0.233333 0.131250
1 0.717593 0.901563 0.564815 0.073958
1 0.717593 0.968229 0.564815 0.059375
3 0.332407 0.371354 0.194444 0.109375
3 0.950000 0.371354 0.100000 0.109375