6 0.500000 0.087500 1.000000 0.087500
3 0.563426 0.087240 0.813889 0.020313
4 0.985185 0.087500 0.029630 0.087500
3 0.025926 0.087500 0.051852 0.029167
3 0.091667 0.087500 0.103704 0.058333
9 0.388889 0.565625 0.777778 0.868750
7 0.388889 0.175000 0.777778 0.087500
1 0.388889 0.175000 0.777778 0.087500
7 0.388889 0.264583 0.777778 0.087500
1 0.388889 0.264583 0.777778 0.087500
7 0.388889 0.354167 0.777778 0.087500
1 0.388889 0.354167 0.777778 0.087500
7 0.388889 0.443750 0.777778 0.087500
1 0.388889 0.443750 0.777778 0.087500
7 0.516204 0.337240 0.967593 0.375521
1 0.516204 0.173437 0.967593 0.047917
3 0.516204 0.382812 0.967593 0.284375
1 0.258796 0.219010 0.413889 0.043229