6 0.500000 0.189583 1.000000 0.204167
4 0.181481 0.189583 0.362963 0.204167
1 0.539815 0.189062 0.301852 0.096875
7 0.551852 0.559896 0.896296 0.215625
4 0.220370 0.551042 0.233333 0.131250
1 0.717593 0.521354 0.564815 0.073958
1 0.717593 0.588021 0.564815 0.059375
7 0.551852 0.788542 0.896296 0.233333
3 0.220370 0.788542 0.233333 0.131250
1 0.708333 0.758854 0.546296 0.073958
1 0.717593 0.825521 0.564815 0.059375
7 0.551852 0.954688 0.896296 0.090625
3 0.220370 0.980208 0.233333 0.039583
1 0.638889 0.979688 0.407407 0.040625
3 0.332407 0.371354 0.194444 0.109375
4 0.950000 0.371354 0.100000 0.109375