6 0.500000 0.100260 1.000000 0.113021
1 0.511111 0.100000 0.659259 0.087500
4 0.090741 0.100000 0.181481 0.102083
9 0.500000 0.544792 1.000000 0.087500
3 0.222222 0.544792 0.444444 0.087500
3 0.666667 0.544792 0.444444 0.087500
4 0.944444 0.544792 0.111111 0.087500
1 0.500000 0.244271 1.000000 0.102083
1 0.500000 0.317448 1.000000 0.044271
1 0.222222 0.416667 0.444444 0.058333
1 0.222222 0.467708 0.444444 0.043750
1 0.666667 0.416667 0.444444 0.058333
1 0.666667 0.463021 0.444444 0.034375
1 0.944444 0.416667 0.111111 0.058333
1 0.944444 0.463021 0.111111 0.034375