6 0.500000 0.094792 1.000000 0.102083
4 0.090741 0.094792 0.181481 0.102083
1 0.292593 0.094531 0.222222 0.058854
9 0.500000 0.198177 1.000000 0.104688
1 0.222222 0.198177 0.444444 0.104688
1 0.666667 0.198177 0.444444 0.104688
1 0.944444 0.198177 0.111111 0.104688
7 0.503241 0.328125 0.993519 0.147917
3 0.138426 0.326823 0.263889 0.054688
1 0.468056 0.327083 0.395370 0.041667
7 0.503241 0.476042 0.993519 0.147917
3 0.138426 0.474740 0.263889 0.054688
1 0.468056 0.475000 0.395370 0.041667
7 0.503241 0.623958 0.993519 0.147917
3 0.138426 0.622917 0.263889 0.036458
1 0.468056 0.622917 0.395370 0.041667
7 0.503241 0.771875 0.993519 0.147917
4 0.138426 0.770573 0.263889 0.054688
1 0.468056 0.770833 0.395370 0.041667
7 0.503241 0.919792 0.993519 0.147917
3 0.138426 0.918490 0.263889 0.054688
1 0.468056 0.918750 0.395370 0.041667
7 0.503241 0.996875 0.993519 0.006250