8 0.506481 0.143750 0.987037 0.017708
3 0.103241 0.140365 0.162037 0.010937
8 0.506481 0.204948 0.987037 0.104688
3 0.103241 0.204948 0.162037 0.091146
1 0.608333 0.185938 0.783333 0.034375
1 0.608333 0.217969 0.783333 0.029687
8 0.506481 0.309635 0.987037 0.104688
3 0.103241 0.309635 0.162037 0.091146
1 0.608333 0.290625 0.783333 0.034375
1 0.608333 0.322656 0.783333 0.029687
8 0.506481 0.414323 0.987037 0.104688
4 0.103241 0.414323 0.162037 0.091146
1 0.608333 0.395313 0.783333 0.034375
1 0.608333 0.427344 0.783333 0.029687
8 0.506481 0.733333 0.987037 0.533333
3 0.103241 0.519010 0.162037 0.091146
1 0.608333 0.500000 0.783333 0.034375
1 0.608333 0.532031 0.783333 0.029687
8 0.506481 0.623698 0.987037 0.104688
4 0.103241 0.623698 0.162037 0.091146
1 0.097222 0.054688 0.148148 0.083333
1 0.608333 0.636719 0.783333 0.029687
8 0.506481 0.728385 0.987037 0.104688
3 0.103241 0.728385 0.162037 0.091146
1 0.608333 0.709375 0.783333 0.034375
1 0.608333 0.741406 0.783333 0.029687
8 0.506481 0.833073 0.987037 0.104688
3 0.103241 0.833073 0.162037 0.091146
1 0.608333 0.814063 0.783333 0.034375
1 0.608333 0.846094 0.783333 0.029687
8 0.506481 0.937760 0.987037 0.104688
3 0.103241 0.937760 0.162037 0.091146
1 0.608333 0.918750 0.783333 0.034375
1 0.608333 0.950781 0.783333 0.029687
8 0.506481 0.995052 0.987037 0.009896
3 0.103241 0.998437 0.162037 0.003125