6 0.500000 0.185938 1.000000 0.102083
1 0.302778 0.185677 0.216667 0.048438
4 0.090741 0.185938 0.181481 0.102083
1 0.500000 0.267708 1.000000 0.032292
1 0.500000 0.558854 1.000000 0.032292
1 0.500000 0.850000 1.000000 0.032292
7 0.259259 0.407813 0.414815 0.218750
3 0.246296 0.407813 0.388889 0.218750
1 0.246296 0.485156 0.388889 0.029687
7 0.674074 0.407813 0.414815 0.218750
3 0.661111 0.407813 0.388889 0.218750
1 0.661111 0.484896 0.388889 0.055208
7 0.940741 0.407813 0.118519 0.218750
3 0.940741 0.407813 0.118519 0.218750
1 0.940741 0.484896 0.118519 0.055208
7 0.259259 0.698958 0.414815 0.218750
3 0.246296 0.698958 0.388889 0.218750
1 0.246296 0.776042 0.388889 0.055208
7 0.674074 0.698958 0.414815 0.218750
3 0.661111 0.698958 0.388889 0.218750
1 0.661111 0.776302 0.388889 0.029687
7 0.940741 0.698958 0.118519 0.218750
3 0.940741 0.698958 0.118519 0.218750
1 0.940741 0.776302 0.118519 0.029687
7 0.259259 0.940365 0.414815 0.119271
3 0.246296 0.940365 0.388889 0.119271
7 0.674074 0.940365 0.414815 0.119271
3 0.661111 0.940365 0.388889 0.119271
7 0.940741 0.940365 0.118519 0.119271
3 0.940741 0.940365 0.118519 0.119271