6 0.500000 0.185938 1.000000 0.102083
1 0.406481 0.185677 0.424074 0.048438
4 0.090741 0.185938 0.181481 0.102083
7 0.500000 0.237760 1.000000 0.205729
3 0.500000 0.237760 1.000000 0.205729
3 0.666667 0.204687 0.275926 0.139583
7 0.500000 0.387240 1.000000 0.093229
3 0.106944 0.386198 0.162037 0.091146
1 0.610185 0.367188 0.779630 0.034375
1 0.610185 0.398177 0.779630 0.027604
7 0.500000 0.480469 1.000000 0.093229
3 0.106944 0.479427 0.162037 0.091146
1 0.610185 0.460417 0.779630 0.034375
1 0.610185 0.491406 0.779630 0.027604
7 0.500000 0.573698 1.000000 0.093229
3 0.106944 0.572656 0.162037 0.091146
1 0.610185 0.553646 0.779630 0.034375
1 0.610185 0.584635 0.779630 0.027604
7 0.500000 0.666927 1.000000 0.093229
3 0.106944 0.665885 0.162037 0.091146
1 0.610185 0.646875 0.779630 0.034375
1 0.610185 0.677865 0.779630 0.027604
7 0.500000 0.760156 1.000000 0.093229
3 0.106944 0.759115 0.162037 0.091146
1 0.610185 0.740104 0.779630 0.034375
1 0.610185 0.771094 0.779630 0.027604
7 0.500000 0.853385 1.000000 0.093229
3 0.106944 0.852344 0.162037 0.091146
1 0.610185 0.833333 0.779630 0.034375
1 0.610185 0.864323 0.779630 0.027604
7 0.500000 0.946615 1.000000 0.093229
3 0.106944 0.945573 0.162037 0.091146
1 0.610185 0.926562 0.779630 0.034375
1 0.610185 0.957552 0.779630 0.027604
7 0.500000 0.996615 1.000000 0.006771
3 0.106944 0.996615 0.162037 0.006771