6 0.500000 0.189583 1.000000 0.204167
4 0.181481 0.189583 0.362963 0.204167
1 0.681481 0.189583 0.637037 0.175000
7 0.500000 0.422917 1.000000 0.262500
3 0.233333 0.422917 0.259259 0.145833
1 0.733333 0.389583 0.533333 0.079167
3 0.525000 0.461979 0.116667 0.065625
1 0.817593 0.461979 0.364815 0.059375
7 0.500000 0.685417 1.000000 0.262500
3 0.233333 0.685417 0.259259 0.145833
1 0.733333 0.652083 0.533333 0.079167
3 0.525000 0.724479 0.116667 0.065625
1 0.817593 0.724479 0.364815 0.059375
7 0.500000 0.908333 1.000000 0.183333
3 0.233333 0.937500 0.259259 0.125000
1 0.733333 0.914583 0.533333 0.079167
3 0.525000 0.977083 0.116667 0.045833
1 0.817593 0.978646 0.364815 0.042708