9 0.500000 0.500000 1.000000 1.000000
7 0.500000 0.045312 1.000000 0.090625
7 0.500000 0.178125 1.000000 0.175000
3 0.181481 0.178125 0.155556 0.087500
1 0.733333 0.178125 0.533333 0.175000
7 0.500000 0.353125 1.000000 0.175000
4 0.181481 0.353125 0.155556 0.087500
1 0.733333 0.353125 0.533333 0.175000
7 0.500000 0.528125 1.000000 0.175000
3 0.181481 0.528125 0.155556 0.087500
1 0.733333 0.528125 0.533333 0.175000
7 0.500000 0.703125 1.000000 0.175000
3 0.181481 0.703125 0.155556 0.087500
1 0.733333 0.703125 0.533333 0.175000
7 0.500000 0.878125 1.000000 0.175000
4 0.181481 0.878125 0.155556 0.087500
1 0.733333 0.878125 0.533333 0.175000
7 0.500000 0.982812 1.000000 0.034375
6 0.500000 0.189583 1.000000 0.204167
1 0.693519 0.189062 0.453704 0.088542
3 0.181481 0.189583 0.362963 0.204167
8 0.500000 0.365104 1.000000 0.146875
7 0.500000 0.658854 1.000000 0.440625
8 0.525926 0.669792 0.948148 0.404167
1 0.525926 0.669792 0.948148 0.404167
7 0.500000 0.939583 1.000000 0.120833
3 0.191667 0.968750 0.150000 0.062500
1 0.685185 0.972396 0.629630 0.055208