6 0.500000 0.094792 1.000000 0.102083
4 0.090741 0.094792 0.181481 0.102083
1 0.329630 0.094531 0.192593 0.048438
7 0.500000 0.241927 1.000000 0.017188
3 0.181481 0.234635 0.311111 0.002604
7 0.500000 0.332813 1.000000 0.160417
1 0.681481 0.309375 0.637037 0.073958
1 0.590741 0.373437 0.455556 0.039583
3 0.181481 0.332813 0.311111 0.131250
7 0.500000 0.495312 1.000000 0.160417
1 0.681481 0.471875 0.637037 0.073958
1 0.590741 0.535937 0.455556 0.039583
3 0.181481 0.495312 0.311111 0.131250
7 0.500000 0.797917 1.000000 0.160417
1 0.593981 0.758333 0.462037 0.039583
1 0.525463 0.836979 0.325000 0.039583
1 0.208333 0.189583 0.338889 0.034375
1 0.647685 0.189583 0.384259 0.034375
1 0.958796 0.189583 0.082407 0.034375