4 0.090741 0.094792 0.181481 0.102083
1 0.590741 0.094792 0.818519 0.102083
1 0.170370 0.271094 0.340741 0.029687
3 0.476852 0.233333 0.207407 0.116667
4 0.695833 0.240625 0.178704 0.102083
3 0.881019 0.240625 0.178704 0.102083
1 0.170370 0.358073 0.340741 0.029687
2 0.686574 0.357292 0.626852 0.072917
1 0.170370 0.445573 0.340741 0.029687
1 0.686574 0.444792 0.626852 0.072917
1 0.170370 0.562760 0.340741 0.029687
4 0.437963 0.546875 0.129630 0.072917
1 0.564815 0.560417 0.072222 0.034375
1 0.170370 0.650260 0.340741 0.029687
1 0.686574 0.648958 0.626852 0.072917