6 0.500000 0.087500 1.000000 0.087500
4 0.061574 0.087240 0.123148 0.069271
3 0.666667 0.087500 0.653704 0.087500
7 0.500000 0.565625 1.000000 0.868750
7 0.500000 0.197135 1.000000 0.131771
3 0.194444 0.183333 0.259259 0.104167
1 0.678241 0.147396 0.643519 0.032292
1 0.678241 0.178385 0.643519 0.029687
7 0.500000 0.364583 1.000000 0.203125
3 0.194444 0.365625 0.259259 0.145833
1 0.678241 0.329688 0.643519 0.073958
1 0.678241 0.381510 0.643519 0.029687
7 0.500000 0.567708 1.000000 0.203125
3 0.194444 0.568750 0.259259 0.145833
1 0.678241 0.515625 0.643519 0.039583
1 0.678241 0.550260 0.643519 0.029687
3 0.500000 0.844010 1.000000 0.311979
3 0.666204 0.898698 0.162037 0.091146