6 0.500000 0.094792 1.000000 0.102083
1 0.334259 0.094531 0.201852 0.048438
4 0.090741 0.094792 0.181481 0.102083
7 0.655556 0.175000 0.688889 0.058333
1 0.345833 0.177083 0.069444 0.032292
1 0.822222 0.177083 0.131481 0.032292
7 0.655556 0.602083 0.688889 0.795833
1 0.655556 0.215365 0.688889 0.022396
7 0.655556 0.306771 0.688889 0.160417
3 0.393056 0.306771 0.134259 0.138542
1 0.730093 0.306510 0.539815 0.036979
7 0.655556 0.469271 0.688889 0.160417
3 0.393056 0.469271 0.134259 0.138542
1 0.730093 0.469010 0.539815 0.036979
9 0.155556 0.572917 0.311111 0.854167
7 0.155556 0.190885 0.311111 0.090104
4 0.158796 0.190885 0.304630 0.085938
1 0.158796 0.223958 0.304630 0.019792
1 0.020370 0.190885 0.027778 0.085938
7 0.155556 0.283073 0.311111 0.090104
3 0.158796 0.283073 0.304630 0.085938
1 0.158796 0.316146 0.304630 0.019792
1 0.020370 0.283073 0.027778 0.085938
7 0.155556 0.375260 0.311111 0.090104
4 0.158796 0.375260 0.304630 0.085938
1 0.158796 0.375260 0.304630 0.085938
7 0.155556 0.467448 0.311111 0.090104
3 0.158796 0.467448 0.304630 0.085938
1 0.158796 0.467448 0.304630 0.085938
7 0.155556 0.559635 0.311111 0.090104
3 0.158796 0.559635 0.304630 0.085938
1 0.158796 0.559635 0.304630 0.085938
7 0.155556 0.651823 0.311111 0.090104
4 0.158796 0.651823 0.304630 0.085938
1 0.158796 0.651823 0.304630 0.085938
7 0.155556 0.744010 0.311111 0.090104
3 0.158796 0.744010 0.304630 0.085938
1 0.158796 0.744010 0.304630 0.085938
7 0.155556 0.836198 0.311111 0.090104
3 0.158796 0.836198 0.304630 0.085938
1 0.158796 0.836198 0.304630 0.085938
7 0.155556 0.928385 0.311111 0.090104
3 0.158796 0.928385 0.304630 0.085938
1 0.158796 0.928385 0.304630 0.085938
7 0.155556 0.987760 0.311111 0.024479
3 0.158796 0.988802 0.304630 0.022396
1 0.158796 0.988802 0.304630 0.022396