4 0.082407 0.090104 0.164815 0.092708
1 0.666204 0.089844 0.256481 0.063021
1 0.591667 0.188281 0.816667 0.084896
1 0.591667 0.291406 0.816667 0.084896
1 0.591667 0.371615 0.816667 0.075521
4 0.240741 0.452865 0.114815 0.086979
2 0.649074 0.452865 0.701852 0.086979
4 0.240741 0.541406 0.114815 0.082812
2 0.649074 0.541406 0.701852 0.082812
4 0.238426 0.627865 0.110185 0.082812
2 0.646759 0.627865 0.706481 0.082812
4 0.240741 0.714323 0.114815 0.082812
1 0.649074 0.714323 0.701852 0.082812
3 0.240741 0.800781 0.114815 0.082812
1 0.649074 0.800781 0.701852 0.082812
1 0.591667 0.965365 0.816667 0.028646
4 0.240741 0.889323 0.114815 0.086979
2 0.437037 0.889323 0.277778 0.086979
4 0.726852 0.889323 0.114815 0.086979
2 0.892130 0.889323 0.215741 0.086979
1 0.519907 0.989844 0.315741 0.020313
1 0.721296 0.989844 0.087037 0.020313
1 0.867593 0.989844 0.205556 0.020313