9 0.469907 0.500000 0.939815 1.000000
1 0.250463 0.161719 0.384259 0.045312
3 0.469907 0.253646 0.939815 0.087500
4 0.090741 0.253646 0.077778 0.043750
1 0.560648 0.253646 0.654630 0.034375
1 0.469907 0.359896 0.939815 0.087500
3 0.469907 0.447396 0.939815 0.087500
3 0.090741 0.447396 0.077778 0.043750
1 0.876852 0.447135 0.022222 0.029687
1 0.523611 0.447396 0.580556 0.034375
1 0.469907 0.541667 0.836111 0.034375
3 0.469907 0.609896 0.939815 0.087500
3 0.090741 0.609896 0.077778 0.043750
1 0.560648 0.609896 0.654630 0.034375
3 0.469907 0.697396 0.939815 0.087500
4 0.090741 0.697396 0.077778 0.043750
1 0.560648 0.697396 0.654630 0.034375
3 0.469907 0.784896 0.939815 0.087500
3 0.090741 0.784896 0.077778 0.043750
1 0.560648 0.784896 0.654630 0.034375
3 0.469907 0.872396 0.939815 0.087500
3 0.090741 0.872396 0.077778 0.043750
1 0.560648 0.872396 0.654630 0.034375
1 0.469907 0.967448 0.939815 0.065104
3 0.105556 0.066667 0.172222 0.096875
1 0.666204 0.057552 0.456481 0.056771