6 0.500000 0.087500 1.000000 0.087500
4 0.120370 0.087500 0.103704 0.058333
1 0.292130 0.087500 0.175000 0.039583
1 0.648611 0.414062 0.702778 0.097917
1 0.666667 0.482812 0.403704 0.039583
2 0.660648 0.550000 0.678704 0.058333
2 0.660648 0.617708 0.678704 0.058333
2 0.660648 0.685417 0.678704 0.058333
1 0.660648 0.765625 0.678704 0.065625
1 0.660648 0.845833 0.678704 0.065625
1 0.823611 0.345313 0.291667 0.039583
3 0.989815 0.341146 0.020370 0.036458
1 0.666667 0.936198 0.638889 0.042188
1 0.666667 0.983333 0.207407 0.033333