1 0.500000 0.080208 1.000000 0.039583
8 0.220370 0.231250 0.362963 0.218750
3 0.220370 0.202083 0.362963 0.160417
1 0.220370 0.311458 0.362963 0.058333
3 0.343519 0.311458 0.103704 0.058333
8 0.647222 0.231250 0.362963 0.218750
3 0.647222 0.202083 0.362963 0.160417
1 0.647222 0.311458 0.362963 0.058333
3 0.770370 0.311458 0.103704 0.058333
8 0.946296 0.231250 0.107407 0.218750
3 0.946296 0.202083 0.107407 0.160417
1 0.946296 0.311458 0.107407 0.058333
8 0.220370 0.464583 0.362963 0.218750
3 0.220370 0.435417 0.362963 0.160417
1 0.220370 0.544792 0.362963 0.058333
3 0.343519 0.544792 0.103704 0.058333
8 0.647222 0.464583 0.362963 0.218750
3 0.647222 0.435417 0.362963 0.160417
1 0.647222 0.544792 0.362963 0.058333
3 0.770370 0.544792 0.103704 0.058333
8 0.946296 0.464583 0.107407 0.218750
3 0.946296 0.435417 0.107407 0.160417
1 0.946296 0.544792 0.107407 0.058333
8 0.220370 0.697917 0.362963 0.218750
3 0.220370 0.668750 0.362963 0.160417
1 0.220370 0.778125 0.362963 0.058333
3 0.343519 0.778125 0.103704 0.058333
8 0.647222 0.697917 0.362963 0.218750
3 0.647222 0.668750 0.362963 0.160417
1 0.647222 0.778125 0.362963 0.058333
3 0.770370 0.778125 0.103704 0.058333
8 0.946296 0.697917 0.107407 0.218750
3 0.946296 0.668750 0.107407 0.160417
1 0.946296 0.778125 0.107407 0.058333
8 0.220370 0.910937 0.362963 0.178125
3 0.220370 0.902083 0.362963 0.160417
1 0.220370 0.991146 0.362963 0.017708
3 0.343519 0.991146 0.103704 0.017708
8 0.647222 0.910937 0.362963 0.178125
3 0.647222 0.902083 0.362963 0.160417
1 0.647222 0.991146 0.362963 0.017708
3 0.770370 0.991146 0.103704 0.017708
8 0.946296 0.910937 0.107407 0.178125
3 0.946296 0.902083 0.107407 0.160417
1 0.946296 0.991146 0.107407 0.017708