6 0.500000 0.094792 1.000000 0.102083
1 0.460185 0.094531 0.453704 0.045312
4 0.090741 0.094792 0.181481 0.102083
2 0.516667 0.203906 0.966667 0.078646
3 0.113889 0.451302 0.194444 0.040104
1 0.134259 0.526823 0.170370 0.036979
1 0.524537 0.717448 0.950926 0.027604
1 0.524537 0.940365 0.950926 0.078646
1 0.524537 0.570312 0.950926 0.031250
1 0.524537 0.601562 0.950926 0.031250
1 0.524537 0.630990 0.950926 0.027604
1 0.103241 0.750260 0.108333 0.027604
1 0.267593 0.748958 0.220370 0.031250
1 0.465741 0.750260 0.077778 0.027604
1 0.614815 0.748958 0.220370 0.031250
1 0.103241 0.783594 0.108333 0.027604
1 0.267593 0.782292 0.220370 0.031250
1 0.465741 0.783594 0.077778 0.027604
1 0.614815 0.782292 0.220370 0.031250
1 0.103241 0.816927 0.108333 0.027604
1 0.267593 0.815625 0.220370 0.031250
1 0.465741 0.816927 0.077778 0.027604
1 0.614815 0.815625 0.220370 0.031250
1 0.103241 0.850260 0.108333 0.027604
1 0.267593 0.848958 0.220370 0.031250