1 0.674537 0.098177 0.245370 0.038021
3 0.105556 0.203646 0.146296 0.082292
1 0.605556 0.203385 0.788889 0.036979
7 0.500000 0.203646 1.000000 0.101042
3 0.105556 0.203646 0.146296 0.082292
1 0.605556 0.203385 0.788889 0.036979
7 0.500000 0.306771 1.000000 0.101042
4 0.073148 0.306771 0.081481 0.045833
1 0.573148 0.306510 0.853704 0.036979
7 0.500000 0.409896 1.000000 0.101042
4 0.073148 0.409896 0.081481 0.045833
1 0.573148 0.409635 0.853704 0.036979
7 0.500000 0.513021 1.000000 0.101042
4 0.073148 0.513021 0.081481 0.045833
1 0.573148 0.512760 0.853704 0.036979
7 0.500000 0.616146 1.000000 0.101042
4 0.073148 0.616146 0.081481 0.045833
1 0.573148 0.615885 0.853704 0.036979
7 0.500000 0.719271 1.000000 0.101042
4 0.073148 0.719271 0.081481 0.045833
1 0.573148 0.719010 0.853704 0.036979
7 0.500000 0.822396 1.000000 0.101042
4 0.073148 0.822396 0.081481 0.045833
1 0.573148 0.822135 0.853704 0.036979
7 0.500000 0.925521 1.000000 0.101042
4 0.073148 0.925521 0.081481 0.045833
1 0.573148 0.925260 0.853704 0.036979
7 0.500000 0.989062 1.000000 0.021875