6 0.500000 0.175000 1.000000 0.175000
4 0.183333 0.175000 0.259259 0.175000
3 0.183333 0.175000 0.207407 0.116667
1 0.656481 0.174479 0.687037 0.088542
7 0.500000 0.408333 1.000000 0.291667
4 0.221296 0.408333 0.324074 0.202083
1 0.714815 0.344271 0.570370 0.088542
1 0.714815 0.452604 0.570370 0.128125
7 0.500000 0.704167 1.000000 0.291667
3 0.221296 0.704167 0.324074 0.202083
1 0.714815 0.669271 0.570370 0.088542
1 0.714815 0.747917 0.570370 0.068750
7 0.500000 0.927083 1.000000 0.145833
3 0.221296 0.949479 0.324074 0.101042
1 0.714815 0.960417 0.570370 0.079167