3 0.500000 0.521875 1.000000 0.956250
6 0.500000 0.094792 1.000000 0.102083
4 0.090741 0.094792 0.181481 0.102083
4 0.270833 0.094531 0.160185 0.090104
1 0.422222 0.094531 0.072222 0.048438
1 0.498611 0.094531 0.080556 0.048438
3 0.500000 0.776042 1.000000 0.447917
2 0.500000 0.593229 1.000000 0.058333
4 0.082870 0.670312 0.165741 0.075000
3 0.248611 0.668490 0.165741 0.049479
7 0.408796 0.670312 0.139815 0.075000
4 0.408796 0.670312 0.139815 0.075000
7 0.548611 0.670312 0.139815 0.075000
3 0.548611 0.670312 0.139815 0.075000
4 0.586111 0.689583 0.064815 0.036458
7 0.688426 0.670312 0.139815 0.075000
3 0.688426 0.670312 0.139815 0.075000
4 0.725926 0.689583 0.064815 0.036458
7 0.828241 0.670312 0.139815 0.075000
3 0.828241 0.670312 0.139815 0.075000
4 0.865741 0.689583 0.064815 0.036458
7 0.949074 0.670312 0.101852 0.075000
4 0.949074 0.670312 0.101852 0.075000
7 0.166667 0.771615 0.333333 0.105729
4 0.166204 0.771615 0.187963 0.105729
7 0.500000 0.771615 0.333333 0.105729
4 0.499537 0.771615 0.187963 0.105729
7 0.833333 0.771615 0.333333 0.105729
3 0.832870 0.771615 0.187963 0.105729
7 0.166667 0.899219 0.333333 0.105729
4 0.166204 0.899219 0.187963 0.105729
7 0.500000 0.899219 0.333333 0.105729
4 0.499537 0.899219 0.187963 0.105729
7 0.833333 0.899219 0.333333 0.105729
4 0.832870 0.899219 0.187963 0.105729
7 0.166667 0.986979 0.333333 0.026042
4 0.166204 0.986979 0.187963 0.026042
7 0.500000 0.986979 0.333333 0.026042
3 0.499537 0.986979 0.187963 0.026042
7 0.833333 0.986979 0.333333 0.026042
4 0.832870 0.986979 0.187963 0.026042