3 0.065278 0.083594 0.097222 0.054688
1 0.666204 0.083594 0.154630 0.044271
7 0.500000 0.273698 1.000000 0.299479
4 0.157870 0.221615 0.204630 0.115104
1 0.648148 0.183854 0.703704 0.039583
1 0.424074 0.240365 0.255556 0.029687
1 0.165278 0.372396 0.330556 0.102083
1 0.499537 0.372396 0.330556 0.102083
1 0.833796 0.372396 0.330556 0.102083
7 0.500000 0.432552 1.000000 0.018229
7 0.500000 0.509115 1.000000 0.098437
1 0.666204 0.500000 0.619444 0.080208
7 0.500000 0.567448 1.000000 0.018229
1 0.222222 0.690885 0.444444 0.192188
1 0.666667 0.626823 0.444444 0.064062
1 0.944444 0.626823 0.111111 0.064062
1 0.666667 0.690885 0.444444 0.064062
1 0.944444 0.690885 0.111111 0.064062
1 0.666667 0.754948 0.444444 0.064062
1 0.944444 0.754948 0.111111 0.064062
1 0.222222 0.912500 0.444444 0.175000
1 0.666667 0.857031 0.444444 0.064062
1 0.944444 0.857031 0.111111 0.064062
1 0.666667 0.921094 0.444444 0.064062
1 0.944444 0.921094 0.111111 0.064062
1 0.666667 0.976562 0.444444 0.046875