6 0.500000 0.094792 1.000000 0.102083
1 0.423611 0.094792 0.458333 0.041667
4 0.090741 0.094792 0.181481 0.102083
3 0.500000 0.782031 1.000000 0.019271
4 0.162037 0.622656 0.194444 0.098437
4 0.152315 0.622656 0.175000 0.098437
1 0.221296 0.732552 0.377778 0.029687
1 0.454630 0.733073 0.088889 0.029687
1 0.524537 0.954427 0.950926 0.035937
3 0.500000 0.427083 1.000000 0.562500
4 0.287963 0.849479 0.146296 0.082292
4 0.287963 0.849479 0.064815 0.036458
4 0.475926 0.849479 0.146296 0.082292
4 0.475926 0.849479 0.064815 0.036458
1 0.180093 0.986198 0.262037 0.027604