6 0.500000 0.087500 1.000000 0.087500
1 0.187500 0.087500 0.375000 0.087500
9 0.388889 0.565625 0.777778 0.868750
7 0.388889 0.180990 0.777778 0.099479
4 0.051852 0.180729 0.103704 0.058333
1 0.228241 0.180990 0.249074 0.099479
7 0.388889 0.282552 0.777778 0.099479
3 0.051852 0.282292 0.103704 0.058333
1 0.344444 0.282552 0.481481 0.099479
7 0.388889 0.384115 0.777778 0.099479
4 0.051852 0.383854 0.103704 0.058333
1 0.325926 0.384115 0.444444 0.099479
7 0.388889 0.485677 0.777778 0.099479
4 0.051852 0.485417 0.103704 0.058333
1 0.258796 0.485677 0.310185 0.099479
7 0.388889 0.587240 0.777778 0.099479
4 0.051852 0.586979 0.103704 0.058333
1 0.341667 0.587240 0.475926 0.099479
1 0.500000 0.565625 1.000000 0.868750