6 0.500000 0.131250 1.000000 0.175000
4 0.879630 0.087500 0.181481 0.087500
4 0.879630 0.087500 0.181481 0.087500
4 0.879630 0.087500 0.181481 0.087500
4 0.985185 0.087500 0.029630 0.087500
4 0.025926 0.087500 0.051852 0.029167
3 0.091667 0.087500 0.103704 0.058333
1 0.375926 0.087240 0.438889 0.044271
1 0.666204 0.174740 0.308333 0.029687
7 0.500000 0.270313 1.000000 0.103125
3 0.036111 0.270313 0.038889 0.103125
1 0.539352 0.246354 0.921296 0.055208
1 0.539352 0.297917 0.921296 0.047917
7 0.500000 0.375521 1.000000 0.103125
3 0.036111 0.375521 0.038889 0.103125
1 0.539352 0.351562 0.921296 0.055208
1 0.539352 0.403125 0.921296 0.047917
7 0.500000 0.480729 1.000000 0.103125
3 0.036111 0.480729 0.038889 0.103125
1 0.539352 0.456771 0.921296 0.055208
1 0.539352 0.508333 0.921296 0.047917
7 0.500000 0.585938 1.000000 0.103125
3 0.036111 0.585938 0.038889 0.103125
1 0.539352 0.561979 0.921296 0.055208
1 0.539352 0.613542 0.921296 0.047917
7 0.500000 0.691146 1.000000 0.103125
3 0.036111 0.691146 0.038889 0.103125
1 0.539352 0.667188 0.921296 0.055208
1 0.539352 0.718750 0.921296 0.047917
7 0.500000 0.796354 1.000000 0.103125
3 0.036111 0.796354 0.038889 0.103125
1 0.539352 0.772396 0.921296 0.055208
1 0.539352 0.823958 0.921296 0.047917
7 0.500000 0.901563 1.000000 0.103125
3 0.036111 0.901563 0.038889 0.103125
1 0.539352 0.877604 0.921296 0.055208
1 0.539352 0.929167 0.921296 0.047917
7 0.500000 0.977604 1.000000 0.044792
3 0.036111 0.977604 0.038889 0.044792
1 0.539352 0.977604 0.921296 0.044792
1 0.500000 0.277344 1.000000 0.080729
1 0.500000 0.627865 1.000000 0.080729
1 0.164815 0.346875 0.264815 0.058333
1 0.150463 0.405208 0.236111 0.058333
1 0.207407 0.463542 0.350000 0.058333
1 0.185648 0.521875 0.306481 0.058333
1 0.514815 0.346875 0.264815 0.058333
1 0.535648 0.405208 0.306481 0.058333
1 0.547222 0.463542 0.329630 0.058333
1 0.516204 0.521875 0.267593 0.058333
1 0.831481 0.346875 0.238889 0.058333
1 0.856019 0.405208 0.287963 0.058333
1 0.856019 0.463542 0.287963 0.058333
1 0.847222 0.521875 0.270370 0.058333
0 0.153241 0.706771 0.241667 0.058333
0 0.480093 0.706771 0.217593 0.058333