3 0.500000 0.521875 1.000000 0.956250
3 0.081019 0.089323 0.162037 0.091146
4 0.923611 0.089323 0.152778 0.091146
1 0.504630 0.089323 0.685185 0.091146
7 0.500000 0.272396 1.000000 0.109375
4 0.097222 0.272396 0.181481 0.102083
1 0.605556 0.254427 0.788889 0.054688
1 0.605556 0.300000 0.788889 0.036458
7 0.500000 0.382292 1.000000 0.109375
4 0.097222 0.382292 0.181481 0.102083
1 0.605556 0.364323 0.788889 0.054688
1 0.605556 0.409896 0.788889 0.036458
7 0.500000 0.492188 1.000000 0.109375
4 0.097222 0.492188 0.181481 0.102083
1 0.605556 0.474219 0.788889 0.054688
1 0.605556 0.519792 0.788889 0.036458
7 0.500000 0.602083 1.000000 0.109375
4 0.097222 0.602083 0.181481 0.102083
1 0.605556 0.584115 0.788889 0.054688
1 0.605556 0.629687 0.788889 0.036458
3 0.071296 0.175000 0.142593 0.080208
1 0.571296 0.175000 0.857407 0.080208