6 0.500000 0.051042 1.000000 0.102083
1 0.312037 0.050781 0.520370 0.048438
1 0.666204 0.970052 0.667593 0.059896
4 0.064815 0.080208 0.074074 0.041667
1 0.500000 0.144531 1.000000 0.084896
3 0.500000 0.418750 1.000000 0.750000
1 0.500000 0.820312 1.000000 0.053125
1 0.504630 0.865625 0.990741 0.037500
7 0.500000 0.226302 1.000000 0.078646
3 0.118981 0.226302 0.075000 0.042188
1 0.436111 0.225000 0.494444 0.039583
7 0.500000 0.307031 1.000000 0.078646
3 0.118981 0.307031 0.075000 0.042188
1 0.436111 0.305729 0.494444 0.039583
7 0.500000 0.387760 1.000000 0.078646
3 0.118981 0.387760 0.075000 0.042188
1 0.436111 0.386458 0.494444 0.039583
7 0.500000 0.468490 1.000000 0.078646
3 0.118981 0.468490 0.075000 0.042188
1 0.436111 0.467187 0.494444 0.039583
7 0.500000 0.549219 1.000000 0.078646
3 0.118981 0.549219 0.075000 0.042188
1 0.403704 0.547917 0.429630 0.039583
7 0.500000 0.645833 1.000000 0.110417
3 0.118981 0.645573 0.075000 0.042188
1 0.594444 0.645833 0.811111 0.073958
7 0.500000 0.742448 1.000000 0.078646
3 0.118981 0.742448 0.075000 0.042188
1 0.594444 0.741146 0.811111 0.039583
7 0.500000 0.839063 1.000000 0.110417
3 0.118981 0.838802 0.075000 0.042188
1 0.594444 0.839063 0.811111 0.073958
7 0.500000 0.935677 1.000000 0.078646
3 0.118981 0.935677 0.075000 0.042188
1 0.594444 0.934375 0.811111 0.039583