6 0.500000 0.185938 1.000000 0.102083
1 0.336574 0.185677 0.284259 0.048438
4 0.090741 0.185938 0.181481 0.102083
7 0.500000 0.262500 1.000000 0.255208
3 0.500000 0.262500 1.000000 0.255208
3 0.666667 0.294792 0.275926 0.155208
7 0.222222 0.525000 0.444444 0.269792
3 0.222222 0.488542 0.324074 0.182292
1 0.124074 0.615885 0.222222 0.029687
7 0.666667 0.525000 0.444444 0.269792
3 0.666667 0.488542 0.324074 0.182292
1 0.552778 0.615885 0.190741 0.029687
7 0.944444 0.525000 0.111111 0.269792
3 0.974537 0.488542 0.050926 0.182292
1 0.950926 0.616146 0.098148 0.055208
7 0.666667 0.794792 0.444444 0.269792
3 0.666667 0.758333 0.324074 0.182292
1 0.573148 0.885677 0.231481 0.029687
7 0.944444 0.794792 0.111111 0.269792
3 0.974537 0.758333 0.050926 0.182292
1 0.950926 0.885677 0.098148 0.029687
7 0.222222 0.964844 0.444444 0.070312
3 0.222222 0.968490 0.324074 0.063021
7 0.666667 0.964844 0.444444 0.070312
3 0.666667 0.968490 0.324074 0.063021
7 0.944444 0.964844 0.111111 0.070312
3 0.974537 0.968490 0.050926 0.063021