6 0.500000 0.094792 1.000000 0.102083
1 0.345833 0.094531 0.225000 0.048438
4 0.090741 0.094792 0.181481 0.102083
7 0.500000 0.226823 1.000000 0.161979
1 0.190278 0.194792 0.276852 0.039583
1 0.525926 0.246615 0.948148 0.064062
7 0.500000 0.373958 1.000000 0.132292
1 0.240278 0.356771 0.376852 0.039583
1 0.235648 0.393750 0.367593 0.034375
7 0.500000 0.489063 1.000000 0.097917
1 0.331019 0.489063 0.558333 0.039583
7 0.500000 0.604167 1.000000 0.132292
1 0.266667 0.586979 0.429630 0.039583
1 0.525926 0.623958 0.948148 0.034375