9 0.492593 0.500000 0.985185 1.000000
3 0.492593 0.117708 0.985185 0.235417
7 0.492593 0.279167 0.985185 0.087500
1 0.505556 0.279167 0.907407 0.043750
7 0.492593 0.366146 0.985185 0.087500
1 0.505556 0.366146 0.907407 0.043750
7 0.492593 0.453125 0.985185 0.087500
1 0.505556 0.453125 0.907407 0.043750
7 0.492593 0.540104 0.985185 0.087500
1 0.505556 0.540104 0.907407 0.043750
7 0.492593 0.627083 0.985185 0.087500
1 0.505556 0.627083 0.907407 0.043750
7 0.492593 0.714063 0.985185 0.087500
1 0.505556 0.714063 0.907407 0.043750
7 0.492593 0.801042 0.985185 0.087500
1 0.505556 0.801042 0.907407 0.043750
7 0.492593 0.922135 0.985185 0.155729
1 0.431019 0.895312 0.758333 0.043750
2 0.871759 0.891667 0.123148 0.036458
1 0.481019 0.982292 0.858333 0.035417
3 0.921759 0.982812 0.023148 0.021875
6 0.500000 0.094792 1.000000 0.102083
3 0.090741 0.094792 0.181481 0.102083
3 0.352315 0.094792 0.243519 0.082292
3 0.525926 0.094792 0.038889 0.021875
6 0.500000 0.209635 1.000000 0.127604
1 0.475000 0.191406 0.851852 0.032813
1 0.475000 0.226042 0.851852 0.036458
7 0.501852 0.485156 0.996296 0.419271
3 0.501852 0.485156 0.996296 0.419271
3 0.068519 0.311979 0.129630 0.072917
3 0.501852 0.485156 0.996296 0.419271
1 0.518056 0.630208 0.963889 0.092708
1 0.142130 0.568750 0.212037 0.030208
1 0.266667 0.568750 0.037037 0.030208
1 0.334722 0.568750 0.099074 0.030208
7 0.501852 0.848437 0.996296 0.303125
3 0.501852 0.848437 0.996296 0.303125
3 0.068519 0.733333 0.129630 0.072917
3 0.501852 0.848437 0.996296 0.303125