1 0.316667 0.094792 0.535185 0.057292
1 0.500000 0.185417 1.000000 0.079167
1 0.500000 0.275260 1.000000 0.100521
1 0.500000 0.482031 1.000000 0.100521
3 0.122222 0.378646 0.146296 0.082292
1 0.298148 0.378385 0.107407 0.030729
3 0.122222 0.585417 0.146296 0.082292
1 0.308333 0.585156 0.127778 0.030729
3 0.122222 0.689583 0.146296 0.082292
1 0.282870 0.689323 0.076852 0.030729
3 0.122222 0.793750 0.146296 0.082292
1 0.324537 0.793490 0.160185 0.030729
3 0.122222 0.897917 0.146296 0.082292
1 0.321759 0.897656 0.154630 0.030729
3 0.122222 0.980469 0.146296 0.039062
1 0.373148 0.993229 0.257407 0.013542