6 0.500000 0.094792 1.000000 0.102083
4 0.090741 0.094792 0.181481 0.102083
1 0.317130 0.094531 0.167593 0.048438
8 0.508333 0.256510 0.983333 0.148438
3 0.217593 0.256510 0.388889 0.136979
1 0.706019 0.233594 0.587963 0.091146
1 0.706019 0.296354 0.587963 0.034375
8 0.508333 0.404948 0.983333 0.148438
3 0.217593 0.404948 0.388889 0.136979
1 0.706019 0.382031 0.587963 0.091146
1 0.706019 0.444792 0.587963 0.034375
8 0.508333 0.553385 0.983333 0.148438
3 0.217593 0.553385 0.388889 0.136979
1 0.706019 0.530469 0.587963 0.091146
8 0.508333 0.701823 0.983333 0.148438
3 0.217593 0.701823 0.388889 0.136979
1 0.706019 0.678906 0.587963 0.091146
1 0.706019 0.741667 0.587963 0.034375
8 0.508333 0.850260 0.983333 0.148438
3 0.217593 0.850260 0.388889 0.136979
1 0.706019 0.827344 0.587963 0.091146
8 0.508333 0.962240 0.983333 0.075521
3 0.217593 0.965104 0.388889 0.069792
1 0.706019 0.965104 0.587963 0.069792