3 0.500000 0.500000 1.000000 1.000000
3 0.500000 0.500000 1.000000 1.000000
3 0.500000 0.021875 1.000000 0.043750
1 0.653704 0.087240 0.418519 0.050521
4 0.893981 0.087240 0.062037 0.032813
4 0.051852 0.087500 0.103704 0.058333
1 0.051389 0.087240 0.050926 0.029687
1 0.666204 0.517188 0.463889 0.062500
1 0.666667 0.850781 0.492593 0.039062
1 0.666667 0.364844 0.335185 0.223438
1 0.889815 0.364844 0.111111 0.223438
4 0.388889 0.592187 0.029630 0.021875
1 0.458796 0.592187 0.076852 0.039583
4 0.528704 0.592187 0.029630 0.021875
1 0.598611 0.592187 0.076852 0.039583
1 0.767593 0.592187 0.227778 0.039583
1 0.666667 0.524479 0.246296 0.138542
3 0.221296 0.933333 0.064815 0.036458
1 0.221759 0.971354 0.232407 0.039583
1 0.221296 0.995573 0.100000 0.008854
3 0.665741 0.933333 0.064815 0.036458
1 0.666204 0.971354 0.095370 0.039583
1 0.665741 0.995573 0.177778 0.008854