6 0.500000 0.094792 1.000000 0.102083
1 0.563426 0.094792 0.412037 0.034375
4 0.295370 0.094792 0.124074 0.069792
4 0.090741 0.094792 0.181481 0.102083
9 0.500000 0.189583 1.000000 0.087500
1 0.084259 0.189583 0.168519 0.087500
1 0.296759 0.189583 0.256481 0.087500
1 0.579630 0.189583 0.309259 0.087500
1 0.867130 0.189583 0.265741 0.087500
1 0.202778 0.424219 0.340741 0.044271
1 0.516204 0.321354 0.967593 0.128125
1 0.516204 0.510677 0.967593 0.099479
1 0.516204 0.624740 0.967593 0.099479
1 0.516204 0.738802 0.967593 0.099479
1 0.516204 0.852865 0.967593 0.099479
1 0.516204 0.958594 0.967593 0.082812