6 0.500000 0.094792 1.000000 0.102083
4 0.090741 0.094792 0.181481 0.102083
3 0.653704 0.094792 0.388889 0.087500
1 0.666667 0.189583 0.233333 0.087500
1 0.106481 0.189583 0.212963 0.034375
1 0.400926 0.189583 0.220370 0.034375
1 0.911111 0.189583 0.177778 0.034375
7 0.500000 0.271354 1.000000 0.076042
1 0.529167 0.271354 0.941667 0.032292
7 0.500000 0.613542 1.000000 0.608333
1 0.500000 0.796094 1.000000 0.129688
3 0.500000 0.520312 1.000000 0.421875
4 0.666667 0.520312 0.194444 0.109375
1 0.084722 0.875521 0.052778 0.026042
1 0.151852 0.874740 0.081481 0.027604
7 0.500000 0.958854 1.000000 0.082292
3 0.246296 0.967969 0.375926 0.064062
4 0.245833 0.990625 0.097222 0.018750
1 0.741667 0.967969 0.516667 0.064062
1 0.529167 0.271354 0.941667 0.032292