6 0.500000 0.094792 1.000000 0.102083
1 0.256944 0.094531 0.410185 0.048438
4 0.946296 0.094792 0.107407 0.087500
3 0.500000 0.572917 1.000000 0.854167
1 0.500000 0.284635 1.000000 0.277604
1 0.500000 0.445312 1.000000 0.043750
3 0.332407 0.508854 0.103704 0.067708
1 0.363889 0.525521 0.061111 0.034375
1 0.332870 0.559896 0.154630 0.034375
3 0.974074 0.508854 0.051852 0.067708
1 0.948148 0.559896 0.103704 0.034375
1 0.333333 0.701562 0.666667 0.204167
1 0.833333 0.701562 0.333333 0.204167
1 0.333333 0.901823 0.666667 0.196354
1 0.833333 0.901823 0.333333 0.196354