6 0.500000 0.094792 1.000000 0.102083
4 0.090741 0.094792 0.181481 0.102083
1 0.535185 0.094792 0.603704 0.102083
3 0.500000 0.149479 1.000000 0.007292
7 0.500000 0.094792 1.000000 0.102083
7 0.500000 0.315104 1.000000 0.338542
3 0.243519 0.282813 0.453704 0.255208
3 0.133333 0.220833 0.233333 0.131250
4 0.418519 0.381250 0.103704 0.058333
1 0.744907 0.182292 0.510185 0.032292
1 0.744907 0.389323 0.510185 0.042188
4 0.517593 0.443750 0.064815 0.036458
1 0.706944 0.443750 0.280556 0.034375
1 0.748148 0.350781 0.503704 0.027604
7 0.500000 0.653646 1.000000 0.338542
3 0.243519 0.621354 0.453704 0.255208
4 0.418519 0.719792 0.103704 0.058333
1 0.744907 0.520833 0.510185 0.032292
1 0.744907 0.727865 0.510185 0.042188
4 0.517593 0.782292 0.064815 0.036458
1 0.706944 0.782292 0.280556 0.034375
1 0.748148 0.689323 0.503704 0.027604
7 0.500000 0.911458 1.000000 0.177083
3 0.243519 0.916146 0.453704 0.167708
1 0.744907 0.873437 0.510185 0.060417