6 0.500000 0.087500 1.000000 0.087500
1 0.112500 0.087500 0.225000 0.087500
1 0.612500 0.087500 0.775000 0.087500
7 0.500000 0.175000 1.000000 0.087500
1 0.500000 0.175000 1.000000 0.087500
7 0.500000 0.263542 1.000000 0.087500
1 0.500000 0.263542 1.000000 0.087500
1 0.500000 0.156250 1.000000 0.050000
1 0.500000 0.228646 1.000000 0.087500
1 0.500000 0.318229 1.000000 0.087500
1 0.500000 0.407813 1.000000 0.087500
1 0.500000 0.485938 1.000000 0.050000
1 0.500000 0.817708 1.000000 0.050000
1 0.500000 0.890104 1.000000 0.087500
1 0.500000 0.967969 1.000000 0.064062
1 0.508333 0.558333 0.983333 0.068750
1 0.508333 0.647917 0.983333 0.068750
1 0.508333 0.737500 0.983333 0.068750