1 0.403704 0.094531 0.418519 0.048438
4 0.090741 0.094792 0.181481 0.102083
9 0.445833 0.572917 0.891667 0.854167
1 0.445833 0.166146 0.891667 0.040625
7 0.445833 0.226042 0.891667 0.080208
4 0.056944 0.225781 0.113889 0.064062
1 0.325000 0.225781 0.422222 0.036979
1 0.445833 0.285938 0.891667 0.040625
7 0.445833 0.345833 0.891667 0.080208
3 0.056944 0.345573 0.113889 0.064062
1 0.310185 0.345573 0.392593 0.036979
7 0.445833 0.425521 0.891667 0.080208
4 0.056944 0.425260 0.113889 0.064062
1 0.274537 0.425260 0.321296 0.036979
1 0.445833 0.485417 0.891667 0.040625
7 0.445833 0.545312 0.891667 0.080208
4 0.056944 0.545052 0.113889 0.064062
1 0.243519 0.545052 0.259259 0.036979
7 0.445833 0.625000 0.891667 0.080208
3 0.056944 0.624740 0.113889 0.064062
1 0.287963 0.624740 0.348148 0.036979
7 0.445833 0.704688 0.891667 0.080208
3 0.056944 0.704427 0.113889 0.064062
1 0.237963 0.704427 0.248148 0.036979
7 0.445833 0.784375 0.891667 0.080208
3 0.056944 0.784115 0.113889 0.064062
1 0.251389 0.784115 0.275000 0.036979
1 0.445833 0.864062 0.891667 0.080208
7 0.445833 0.943750 0.891667 0.080208
4 0.056944 0.943490 0.113889 0.064062
1 0.338426 0.943490 0.449074 0.036979
1 0.445833 0.991667 0.891667 0.016667
0 0.500000 0.264323 1.000000 0.091146