6 0.500000 0.094792 1.000000 0.102083
1 0.284259 0.094792 0.464815 0.039583
4 0.933333 0.094792 0.133333 0.087500
1 0.833333 0.196875 0.333333 0.102083
1 0.332870 0.196875 0.249074 0.102083
7 0.500000 0.306771 1.000000 0.116667
3 0.100926 0.306771 0.155556 0.087500
4 0.175000 0.332292 0.064815 0.036458
1 0.623148 0.286458 0.753704 0.039583
1 0.623148 0.317448 0.753704 0.022396
7 0.500000 0.423438 1.000000 0.116667
3 0.100926 0.423438 0.155556 0.087500
3 0.175000 0.448958 0.064815 0.036458
1 0.623148 0.403125 0.753704 0.039583
1 0.623148 0.434115 0.753704 0.022396
7 0.500000 0.540104 1.000000 0.116667
3 0.100926 0.540104 0.155556 0.087500
3 0.175000 0.565625 0.064815 0.036458
1 0.623148 0.519792 0.753704 0.039583
1 0.623148 0.550781 0.753704 0.022396
7 0.500000 0.656771 1.000000 0.116667
4 0.100926 0.656771 0.155556 0.087500
3 0.175000 0.682292 0.064815 0.036458
1 0.623148 0.636458 0.753704 0.039583
1 0.623148 0.667448 0.753704 0.022396
7 0.500000 0.773438 1.000000 0.116667
3 0.100926 0.773438 0.155556 0.087500
3 0.175000 0.798958 0.064815 0.036458
1 0.623148 0.753125 0.753704 0.039583
1 0.623148 0.784115 0.753704 0.022396
7 0.500000 0.890104 1.000000 0.116667
3 0.100926 0.890104 0.155556 0.087500
3 0.175000 0.915625 0.064815 0.036458
1 0.623148 0.869792 0.753704 0.039583
1 0.623148 0.900781 0.753704 0.022396
7 0.500000 0.974219 1.000000 0.051562
3 0.100926 0.981510 0.155556 0.036979
1 0.623148 0.983333 0.753704 0.033333