9 0.453704 0.521875 0.907407 0.956250
1 0.453704 0.288021 0.907407 0.087500
1 0.453704 0.375521 0.907407 0.087500
1 0.453704 0.463021 0.907407 0.087500
1 0.453704 0.550521 0.907407 0.087500
1 0.453704 0.638021 0.907407 0.087500
1 0.453704 0.725521 0.907407 0.087500
1 0.453704 0.813021 0.907407 0.087500
1 0.453704 0.900521 0.907407 0.087500
4 0.165278 0.136719 0.226852 0.127604
1 0.593056 0.102344 0.525000 0.058854
4 0.356481 0.160938 0.051852 0.029167
1 0.472222 0.158854 0.153704 0.029167
3 0.600926 0.160938 0.051852 0.029167
1 0.711111 0.161458 0.142593 0.034375
6 0.500000 0.094792 1.000000 0.102083
1 0.261574 0.094531 0.134259 0.048438
4 0.090741 0.094792 0.181481 0.102083
7 0.500000 0.270052 1.000000 0.248438
8 0.500000 0.262760 1.000000 0.233854
1 0.525926 0.157031 0.948148 0.022396
1 0.525926 0.259375 0.948148 0.182292
7 0.500000 0.519271 1.000000 0.250000
8 0.500000 0.519271 1.000000 0.220833
1 0.525926 0.457813 0.948148 0.039583
1 0.525926 0.539062 0.948148 0.122917
7 0.500000 0.754427 1.000000 0.220312
8 0.500000 0.754427 1.000000 0.191146
1 0.525926 0.707812 0.948148 0.039583
1 0.525926 0.774219 0.948148 0.093229
7 0.500000 0.932292 1.000000 0.135417
8 0.500000 0.939583 1.000000 0.120833
1 0.525926 0.928125 0.948148 0.039583
1 0.525926 0.973958 0.948148 0.052083