6 0.500000 0.094792 1.000000 0.102083
1 0.524074 0.094531 0.659259 0.048438
4 0.090741 0.094792 0.181481 0.102083
4 0.933333 0.094792 0.133333 0.087500
9 0.500000 0.196875 1.000000 0.102083
1 0.166667 0.196875 0.201852 0.034375
1 0.500000 0.196875 0.120370 0.034375
1 0.833333 0.196875 0.162963 0.034375
8 0.500000 0.430208 1.000000 0.364583
8 0.500000 0.809896 1.000000 0.380208
3 0.074537 0.673438 0.097222 0.045833
1 0.587500 0.649219 0.825000 0.058854
1 0.587500 0.703125 0.825000 0.048958
3 0.074537 0.781250 0.097222 0.045833
1 0.587500 0.757031 0.825000 0.058854
1 0.587500 0.810937 0.825000 0.048958
3 0.074537 0.889062 0.097222 0.045833
1 0.587500 0.864844 0.825000 0.058854
1 0.587500 0.918750 0.825000 0.048958
3 0.074537 0.986979 0.097222 0.026042
1 0.587500 0.971615 0.825000 0.056771