6 0.500000 0.094792 1.000000 0.102083
1 0.307407 0.094531 0.148148 0.048438
4 0.090741 0.094792 0.181481 0.102083
1 0.222222 0.246094 0.444444 0.200521
8 0.222222 0.446615 0.444444 0.200521
1 0.222222 0.446615 0.444444 0.200521
8 0.222222 0.647135 0.444444 0.200521
1 0.222222 0.647135 0.444444 0.200521
1 0.222222 0.847656 0.444444 0.200521
1 0.666667 0.182292 0.444444 0.072917
1 0.944444 0.182292 0.111111 0.072917
7 0.666667 0.264583 0.392593 0.062500
1 0.666667 0.264583 0.392593 0.058333
7 0.666667 0.327083 0.392593 0.062500
1 0.666667 0.327083 0.392593 0.058333
7 0.666667 0.389583 0.392593 0.062500
1 0.666667 0.389583 0.392593 0.058333
7 0.666667 0.452083 0.392593 0.062500
1 0.666667 0.452083 0.392593 0.058333
7 0.666667 0.514583 0.392593 0.062500
1 0.666667 0.514583 0.392593 0.058333
7 0.666667 0.577083 0.392593 0.062500
1 0.666667 0.577083 0.392593 0.058333
7 0.666667 0.639583 0.392593 0.062500
1 0.666667 0.639583 0.392593 0.058333
7 0.666667 0.702083 0.392593 0.062500
1 0.666667 0.702083 0.392593 0.058333
7 0.666667 0.764583 0.392593 0.062500
1 0.666667 0.764583 0.392593 0.058333
7 0.666667 0.827083 0.392593 0.062500
1 0.666667 0.827083 0.392593 0.058333
7 0.666667 0.889583 0.392593 0.062500
1 0.666667 0.889583 0.392593 0.058333
7 0.666667 0.952083 0.392593 0.062500
1 0.666667 0.952083 0.392593 0.058333
7 0.666667 0.991667 0.392593 0.016667
1 0.666667 0.992708 0.392593 0.014583
7 0.957407 0.264583 0.085185 0.062500
1 0.957407 0.264583 0.085185 0.058333
7 0.957407 0.327083 0.085185 0.062500
1 0.957407 0.327083 0.085185 0.058333
7 0.957407 0.389583 0.085185 0.062500
1 0.957407 0.389583 0.085185 0.058333
7 0.957407 0.452083 0.085185 0.062500
1 0.957407 0.452083 0.085185 0.058333
7 0.957407 0.514583 0.085185 0.062500
1 0.957407 0.514583 0.085185 0.058333
7 0.957407 0.577083 0.085185 0.062500
1 0.957407 0.577083 0.085185 0.058333
7 0.957407 0.639583 0.085185 0.062500
1 0.957407 0.639583 0.085185 0.058333
7 0.957407 0.702083 0.085185 0.062500
1 0.957407 0.702083 0.085185 0.058333
7 0.957407 0.764583 0.085185 0.062500
1 0.957407 0.764583 0.085185 0.058333
7 0.957407 0.827083 0.085185 0.062500
1 0.957407 0.827083 0.085185 0.058333
7 0.957407 0.889583 0.085185 0.062500
1 0.957407 0.889583 0.085185 0.058333
7 0.957407 0.952083 0.085185 0.062500
1 0.957407 0.952083 0.085185 0.058333
7 0.957407 0.991667 0.085185 0.016667
1 0.957407 0.992708 0.085185 0.014583