6 0.500000 0.094792 1.000000 0.102083
3 0.090741 0.094792 0.181481 0.102083
4 0.698148 0.094792 0.181481 0.087500
4 0.985185 0.094792 0.029630 0.087500
4 0.879630 0.094792 0.103704 0.058333
1 0.666667 0.344792 0.444444 0.087500
1 0.944444 0.344792 0.111111 0.087500
1 0.221759 0.344792 0.269444 0.034375
4 0.259722 0.195052 0.162037 0.091146
1 0.260185 0.268229 0.520370 0.065625
1 0.666204 0.175781 0.291667 0.029687
1 0.666204 0.223438 0.291667 0.035417
1 0.666204 0.270833 0.291667 0.032292
3 0.995833 0.195052 0.008333 0.091146
1 0.906019 0.268229 0.187963 0.065625