1 0.666667 0.079948 0.266667 0.053646
7 0.500000 0.148177 1.000000 0.063021
1 0.500000 0.148177 1.000000 0.063021
7 0.500000 0.239063 1.000000 0.116667
1 0.372222 0.221615 0.646296 0.053646
1 0.290741 0.265625 0.483333 0.034375
7 0.500000 0.329948 1.000000 0.063021
1 0.500000 0.329948 1.000000 0.063021
7 0.500000 0.420833 1.000000 0.116667
1 0.317593 0.403385 0.537037 0.053646
1 0.281944 0.447396 0.465741 0.034375
7 0.500000 0.538542 1.000000 0.116667
1 0.372222 0.521094 0.646296 0.053646
1 0.290741 0.565104 0.483333 0.034375
7 0.500000 0.629427 1.000000 0.063021
1 0.500000 0.629427 1.000000 0.063021
7 0.500000 0.720313 1.000000 0.116667
1 0.372222 0.702865 0.646296 0.053646
1 0.290741 0.746875 0.483333 0.034375