9 0.421296 0.521875 0.842593 0.956250
1 0.421296 0.226042 0.842593 0.364583
6 0.500000 0.094792 1.000000 0.102083
4 0.090741 0.094792 0.181481 0.102083
3 0.666667 0.094792 0.518519 0.080208
3 0.574074 0.238021 0.851852 0.005208
7 0.500000 0.493490 1.000000 0.501563
8 0.500000 0.493490 1.000000 0.501563
3 0.504630 0.400260 0.990741 0.301563
3 0.504630 0.400260 0.990741 0.301563
1 0.520833 0.614844 0.958333 0.091146
1 0.169907 0.689844 0.256481 0.029687
7 0.500000 0.872135 1.000000 0.255729
8 0.500000 0.872135 1.000000 0.255729
3 0.504630 0.875521 0.990741 0.248958
3 0.504630 0.875521 0.990741 0.248958
9 0.500000 0.189583 1.000000 0.087500
1 0.944444 0.189583 0.111111 0.087500
1 0.222222 0.189323 0.137037 0.029687
1 0.666667 0.189323 0.187037 0.029687