1 0.179630 0.101042 0.242593 0.048958
1 0.193981 0.254688 0.271296 0.058333
1 0.249537 0.181771 0.349074 0.068750
1 0.574537 0.181771 0.262037 0.068750
1 0.862500 0.181771 0.275000 0.068750
1 0.291667 0.345833 0.285185 0.039583
5 0.149074 0.417187 0.103704 0.058333
5 0.149074 0.417187 0.103704 0.058333
1 0.405093 0.417187 0.356481 0.058333
1 0.638889 0.417187 0.059259 0.058333
5 0.149074 0.475521 0.103704 0.058333
5 0.149074 0.475521 0.103704 0.058333
1 0.450926 0.475521 0.448148 0.058333
1 0.730556 0.475521 0.059259 0.058333
5 0.149074 0.533854 0.103704 0.058333
5 0.149074 0.533854 0.103704 0.058333
1 0.371296 0.533854 0.288889 0.058333
1 0.571296 0.533854 0.059259 0.058333
5 0.149074 0.592187 0.103704 0.058333
5 0.149074 0.592187 0.103704 0.058333
1 0.339815 0.592187 0.225926 0.058333
1 0.508333 0.592187 0.059259 0.058333
5 0.149074 0.650521 0.103704 0.058333
5 0.149074 0.650521 0.103704 0.058333
1 0.397685 0.650521 0.341667 0.058333
1 0.624074 0.650521 0.059259 0.058333
5 0.149074 0.708854 0.103704 0.058333
5 0.149074 0.708854 0.103704 0.058333
1 0.412963 0.708854 0.372222 0.058333
1 0.654630 0.708854 0.059259 0.058333
5 0.149074 0.767188 0.103704 0.058333
5 0.149074 0.767188 0.103704 0.058333
1 0.284722 0.767188 0.115741 0.058333
1 0.398148 0.767188 0.059259 0.058333
5 0.149074 0.825521 0.103704 0.058333
5 0.149074 0.825521 0.103704 0.058333
1 0.320370 0.825521 0.187037 0.058333
1 0.469444 0.825521 0.059259 0.058333
5 0.149074 0.883854 0.103704 0.058333
5 0.149074 0.883854 0.103704 0.058333
1 0.292593 0.883854 0.131481 0.058333
1 0.404630 0.883854 0.040741 0.058333
5 0.149074 0.942187 0.103704 0.058333
5 0.149074 0.942187 0.103704 0.058333
1 0.329630 0.942187 0.205556 0.058333
1 0.478704 0.942187 0.040741 0.058333
5 0.149074 0.985677 0.103704 0.028646
5 0.149074 0.985677 0.103704 0.028646
1 0.393981 0.985677 0.334259 0.028646
1 0.607407 0.985677 0.040741 0.028646
4 0.084259 0.345833 0.051852 0.029167
1 0.537500 0.345313 0.028704 0.039583