3 0.500000 0.521875 1.000000 0.956250
3 0.162037 0.166927 0.324074 0.064062
7 0.500000 0.287760 1.000000 0.119271
4 0.178704 0.290625 0.324074 0.102083
4 0.178241 0.290365 0.086111 0.048438
1 0.686574 0.251302 0.626852 0.034896
1 0.686574 0.285156 0.626852 0.032813
7 0.500000 0.407552 1.000000 0.119271
4 0.178704 0.410417 0.324074 0.102083
4 0.178241 0.410156 0.086111 0.048438
1 0.686574 0.371094 0.626852 0.034896
1 0.686574 0.404948 0.626852 0.032813
7 0.500000 0.527344 1.000000 0.119271
3 0.178704 0.530208 0.324074 0.102083
4 0.178241 0.529948 0.086111 0.048438
1 0.686574 0.490885 0.626852 0.034896
1 0.686574 0.524740 0.626852 0.032813
7 0.500000 0.647135 1.000000 0.119271
3 0.178704 0.650000 0.324074 0.102083
4 0.178241 0.649740 0.086111 0.048438
1 0.686574 0.610677 0.626852 0.034896
1 0.686574 0.644531 0.626852 0.032813
7 0.500000 0.783073 1.000000 0.151562
3 0.178704 0.769792 0.324074 0.102083
3 0.178241 0.769531 0.086111 0.048438
1 0.686574 0.750260 0.626852 0.074479
1 0.686574 0.803906 0.626852 0.032813
1 0.686574 0.836719 0.626852 0.032813
7 0.500000 0.919010 1.000000 0.119271
3 0.178704 0.921875 0.324074 0.102083
4 0.178241 0.921615 0.086111 0.048438
1 0.686574 0.902344 0.626852 0.074479
1 0.686574 0.955990 0.626852 0.032813
7 0.500000 0.989583 1.000000 0.020833
3 0.178704 0.995313 0.324074 0.009375
1 0.686574 0.992448 0.626852 0.015104
1 0.763426 0.166927 0.239815 0.064062