6 0.500000 0.087500 1.000000 0.087500
4 0.071296 0.087500 0.142593 0.080208
3 0.426389 0.087500 0.117593 0.087500
3 0.586574 0.087500 0.117593 0.087500
3 0.746759 0.087500 0.117593 0.087500
4 0.906944 0.087500 0.117593 0.087500
7 0.500000 0.561979 1.000000 0.342708
1 0.150926 0.567187 0.224074 0.080208
1 0.133333 0.670573 0.266667 0.124479
1 0.400000 0.670573 0.266667 0.124479
1 0.666667 0.670573 0.266667 0.124479
1 0.900000 0.670573 0.200000 0.124479
1 0.084259 0.431510 0.103704 0.032813
1 0.110185 0.475521 0.155556 0.029167
1 0.776852 0.431510 0.155556 0.032813
1 0.776852 0.475521 0.155556 0.029167
3 0.084722 0.229948 0.071296 0.040104
3 0.084722 0.352344 0.071296 0.032813
1 0.084722 0.180469 0.071296 0.027604
1 0.587500 0.180469 0.825000 0.098437
1 0.084722 0.279427 0.071296 0.027604
1 0.587500 0.279427 0.825000 0.098437
1 0.279630 0.352344 0.187037 0.040104