7 0.177315 0.586458 0.319444 0.178125
4 0.177315 0.564844 0.226852 0.127604
1 0.177315 0.655729 0.130556 0.032292
7 0.503241 0.586458 0.319444 0.178125
4 0.503241 0.564844 0.226852 0.127604
1 0.503241 0.655729 0.150926 0.032292
1 0.829167 0.586458 0.319444 0.178125
7 0.997685 0.586458 0.004630 0.178125
1 0.177315 0.793750 0.319444 0.178125
7 0.503241 0.793750 0.319444 0.178125
4 0.503241 0.772135 0.226852 0.127604
1 0.503241 0.863021 0.199074 0.032292
7 0.829167 0.793750 0.319444 0.178125
3 0.829167 0.772135 0.226852 0.127604
1 0.829167 0.863021 0.217593 0.032292
7 0.997685 0.793750 0.004630 0.178125
7 0.177315 0.955990 0.319444 0.088021
4 0.177315 0.957812 0.226852 0.084375
1 0.503241 0.955990 0.319444 0.088021