6 0.500000 0.134896 1.000000 0.269792
4 0.162037 0.178646 0.324074 0.182292
6 0.500000 0.134896 1.000000 0.269792
1 0.500000 0.134896 1.000000 0.269792
1 0.556481 0.725521 0.620370 0.088542
1 0.564815 0.982292 0.870370 0.035417
1 0.500000 0.372917 1.000000 0.208333
7 0.500000 0.622917 1.000000 0.291667
3 0.946296 0.622917 0.107407 0.247917
7 0.500000 0.911979 1.000000 0.176042
3 0.179630 0.911979 0.359259 0.176042
3 0.760185 0.911979 0.479630 0.176042
3 0.383333 0.881250 0.292593 0.164583
1 0.797222 0.881250 0.405556 0.068750
7 0.500000 0.492188 1.000000 0.182292
3 0.162037 0.492188 0.324074 0.182292
1 0.529630 0.491667 0.411111 0.068750
1 0.884259 0.491667 0.231481 0.064583
7 0.500000 0.688021 1.000000 0.211458
3 0.162037 0.673438 0.324074 0.182292
1 0.662037 0.655208 0.675926 0.068750
1 0.512037 0.721875 0.375926 0.064583
7 0.500000 0.896354 1.000000 0.207292
1 0.162037 0.898438 0.324074 0.182292
1 0.482407 0.865625 0.316667 0.068750
1 0.500000 0.932292 0.351852 0.064583
1 0.333333 0.335417 0.666667 0.131250
1 0.833333 0.335417 0.333333 0.131250