6 0.500000 0.094792 1.000000 0.102083
4 0.108796 0.094792 0.152778 0.083333
3 0.666204 0.094792 0.602778 0.065625
7 0.500000 0.353385 1.000000 0.415104
8 0.500000 0.545833 1.000000 0.030208
3 0.500000 0.290885 1.000000 0.290104
1 0.500000 0.483333 1.000000 0.094792
7 0.500000 0.603906 1.000000 0.081771
1 0.332407 0.603906 0.664815 0.081771
1 0.834259 0.603906 0.331481 0.081771
7 0.500000 0.674740 1.000000 0.055729
1 0.276389 0.674740 0.487963 0.029687
7 0.500000 0.820833 1.000000 0.232292
1 0.516204 0.807292 0.967593 0.069792
1 0.130556 0.734115 0.261111 0.040104
4 0.295370 0.734115 0.068519 0.040104
1 0.939352 0.728125 0.121296 0.028125
1 0.082870 0.881510 0.100926 0.030729
1 0.150463 0.878125 0.034259 0.041667
1 0.211111 0.872396 0.087037 0.060417
7 0.500000 0.966927 1.000000 0.055729
1 0.162037 0.966927 0.259259 0.029687
7 0.500000 0.998437 1.000000 0.003125