1 0.953704 0.172656 0.092593 0.048438
1 0.877315 0.214062 0.245370 0.034375
3 0.500000 0.521875 1.000000 0.956250
6 0.500000 0.094792 1.000000 0.102083
1 0.590741 0.094792 0.818519 0.053125
4 0.090741 0.094792 0.181481 0.102083
1 0.333333 0.163021 0.666667 0.034375
1 0.333333 0.230208 0.666667 0.100000
1 0.833333 0.163021 0.333333 0.034375
1 0.833333 0.230208 0.333333 0.100000
1 0.197685 0.433073 0.228704 0.029687
1 0.509722 0.433073 0.228704 0.029687
1 0.821759 0.433073 0.228704 0.029687
1 0.197685 0.638281 0.228704 0.029687
1 0.509722 0.638281 0.228704 0.029687
1 0.821759 0.638281 0.228704 0.029687
1 0.197685 0.843490 0.228704 0.029687
1 0.509722 0.843490 0.228704 0.029687
1 0.821759 0.843490 0.228704 0.029687
3 0.197685 0.353906 0.125000 0.070312
4 0.509722 0.353906 0.125000 0.070312
4 0.821759 0.353906 0.125000 0.070312
3 0.197685 0.559115 0.125000 0.070312
3 0.509722 0.559115 0.125000 0.070312
3 0.821759 0.559115 0.125000 0.070312
3 0.197685 0.764323 0.125000 0.070312
3 0.509722 0.764323 0.125000 0.070312
4 0.821759 0.764323 0.125000 0.070312
4 0.197685 0.967187 0.125000 0.065625
3 0.509722 0.967187 0.125000 0.065625
4 0.821759 0.967187 0.125000 0.065625