6 0.500000 0.096615 1.000000 0.105729
1 0.616667 0.096615 0.766667 0.048438
4 0.090741 0.094792 0.181481 0.102083
7 0.500000 0.183854 1.000000 0.068750
1 0.564815 0.183854 0.870370 0.068750
3 0.090741 0.183854 0.077778 0.068750
7 0.500000 0.263542 1.000000 0.090625
1 0.564815 0.263542 0.870370 0.090625
3 0.090741 0.263542 0.077778 0.090625
7 0.500000 0.354167 1.000000 0.090625
1 0.564815 0.354167 0.870370 0.090625
3 0.090741 0.354167 0.077778 0.090625
7 0.500000 0.444792 1.000000 0.090625
1 0.564815 0.444792 0.870370 0.090625
3 0.090741 0.444792 0.077778 0.090625
7 0.500000 0.535417 1.000000 0.090625
1 0.564815 0.535417 0.870370 0.090625
3 0.090741 0.535417 0.077778 0.090625
7 0.500000 0.626042 1.000000 0.090625
1 0.564815 0.626042 0.870370 0.090625
3 0.090741 0.626042 0.077778 0.090625
7 0.500000 0.716667 1.000000 0.090625
1 0.564815 0.716667 0.870370 0.090625
3 0.090741 0.716667 0.077778 0.090625
7 0.500000 0.807292 1.000000 0.090625
1 0.564815 0.807292 0.870370 0.090625
3 0.090741 0.807292 0.077778 0.090625
7 0.500000 0.915104 1.000000 0.125000
1 0.564815 0.915104 0.870370 0.125000
4 0.090741 0.915104 0.077778 0.125000
7 0.500000 0.988802 1.000000 0.022396
1 0.564815 0.988802 0.870370 0.022396
3 0.090741 0.988802 0.077778 0.022396
3 0.500000 0.997656 1.000000 0.004687