1 0.578704 0.121875 0.842593 0.064583
7 0.562500 0.231250 0.875000 0.116667
4 0.261111 0.231250 0.233333 0.094792
1 0.698611 0.227604 0.602778 0.087500
7 0.562500 0.348958 0.875000 0.116667
4 0.261111 0.348958 0.233333 0.094792
1 0.698611 0.345313 0.602778 0.087500
7 0.562500 0.466667 0.875000 0.116667
4 0.261111 0.466667 0.233333 0.094792
1 0.698611 0.463021 0.602778 0.087500
7 0.562500 0.584375 0.875000 0.116667
3 0.261111 0.584375 0.233333 0.094792
1 0.698611 0.580729 0.602778 0.087500
7 0.562500 0.702083 0.875000 0.116667
4 0.261111 0.702083 0.233333 0.094792
1 0.698611 0.698438 0.602778 0.087500
7 0.562500 0.819792 0.875000 0.116667
4 0.261111 0.819792 0.233333 0.094792
1 0.698611 0.816146 0.602778 0.087500
7 0.562500 0.937500 0.875000 0.116667
4 0.261111 0.937500 0.233333 0.094792
1 0.698611 0.933854 0.602778 0.087500
7 0.562500 0.998437 0.875000 0.003125