3 0.500000 0.521875 1.000000 0.956250
9 0.875000 0.567448 0.250000 0.865104
1 0.875000 0.167969 0.250000 0.066146
7 0.875000 0.235677 0.250000 0.069271
1 0.891204 0.235417 0.217593 0.041667
7 0.875000 0.304427 0.250000 0.069271
1 0.891204 0.304167 0.217593 0.041667
7 0.875000 0.373177 0.250000 0.069271
1 0.891204 0.372917 0.217593 0.041667
7 0.875000 0.441927 0.250000 0.069271
1 0.891204 0.441667 0.217593 0.041667
7 0.875000 0.510677 0.250000 0.069271
1 0.891204 0.510417 0.217593 0.041667
7 0.875000 0.579427 0.250000 0.069271
1 0.891204 0.579167 0.217593 0.041667
7 0.875000 0.648177 0.250000 0.069271
1 0.891204 0.647917 0.217593 0.041667
1 0.500000 0.255208 1.000000 0.109375
7 0.500000 0.365104 1.000000 0.110417
1 0.118519 0.347135 0.172222 0.073438
3 0.285648 0.365104 0.097222 0.072917
1 0.626852 0.365104 0.520370 0.072917
1 0.959722 0.365104 0.080556 0.072917
7 0.500000 0.475521 1.000000 0.110417
1 0.118519 0.457552 0.172222 0.073438
3 0.285648 0.475521 0.097222 0.072917
1 0.626852 0.475521 0.520370 0.072917
1 0.959722 0.475521 0.080556 0.072917
7 0.500000 0.585938 1.000000 0.110417
1 0.118519 0.567969 0.172222 0.073438
3 0.285648 0.585938 0.097222 0.072917
1 0.626852 0.585938 0.520370 0.072917
1 0.959722 0.585938 0.080556 0.072917
1 0.500000 0.695833 1.000000 0.109375
7 0.500000 0.805729 1.000000 0.110417
1 0.118519 0.787760 0.172222 0.073438
3 0.285648 0.805729 0.097222 0.072917
1 0.626852 0.805729 0.520370 0.072917
1 0.959722 0.805729 0.080556 0.072917
7 0.500000 0.916146 1.000000 0.110417
1 0.118519 0.898177 0.172222 0.073438
3 0.285648 0.916146 0.097222 0.072917
1 0.626852 0.916146 0.520370 0.072917
1 0.959722 0.916146 0.080556 0.072917
7 0.500000 0.985677 1.000000 0.028646
1 0.118519 0.985938 0.172222 0.028125
3 0.285648 0.990625 0.097222 0.018750
1 0.626852 0.990625 0.520370 0.018750
1 0.959722 0.990625 0.080556 0.018750
3 0.162037 0.166927 0.324074 0.064062
1 0.763426 0.166927 0.471296 0.064062