1 0.533333 0.575781 0.933333 0.064062
1 0.366667 0.685937 0.600000 0.119792
1 0.833333 0.685937 0.333333 0.119792
3 0.106481 0.103646 0.212963 0.119792
3 0.319444 0.103646 0.212963 0.119792
3 0.532407 0.103646 0.212963 0.119792
3 0.652778 0.103646 0.027778 0.119792
4 0.773148 0.103646 0.212963 0.119792
3 0.939815 0.103646 0.120370 0.119792
1 0.188889 0.654687 0.344444 0.044792
1 0.400000 0.719010 0.766667 0.083854
1 0.375463 0.783333 0.717593 0.044792
1 0.400000 0.847656 0.766667 0.083854
1 0.900000 0.644271 0.200000 0.240625
1 0.900000 0.882292 0.200000 0.235417
1 0.305556 0.555729 0.274074 0.044792
1 0.316204 0.600521 0.295370 0.044792