6 0.500000 0.094792 1.000000 0.102083
1 0.263426 0.094531 0.137963 0.048438
4 0.090741 0.094792 0.181481 0.102083
7 0.500000 0.323437 1.000000 0.355208
4 0.994907 0.209635 0.010185 0.127604
3 0.557870 0.323437 0.884259 0.355208
3 0.557870 0.323437 0.884259 0.355208
3 0.567593 0.354167 0.864815 0.271875
1 0.567593 0.187500 0.864815 0.061458
7 0.500000 0.678646 1.000000 0.355208
4 0.994907 0.564844 0.010185 0.127604
3 0.557870 0.678646 0.884259 0.355208
3 0.557870 0.678646 0.884259 0.355208
3 0.567593 0.709375 0.864815 0.271875
1 0.567593 0.542708 0.864815 0.061458