6 0.500000 0.094792 1.000000 0.102083
1 0.400926 0.094531 0.335185 0.048438
4 0.090741 0.094792 0.181481 0.102083
3 0.123148 0.216667 0.129630 0.072917
2 0.623148 0.183854 0.753704 0.076042
7 0.500000 0.336458 1.000000 0.114583
4 0.123148 0.335417 0.129630 0.072917
1 0.434259 0.316406 0.375926 0.036979
1 0.623148 0.356771 0.753704 0.032292
7 0.500000 0.451042 1.000000 0.114583
4 0.123148 0.450000 0.129630 0.072917
1 0.418519 0.430990 0.344444 0.036979
1 0.623148 0.471354 0.753704 0.032292
7 0.500000 0.565625 1.000000 0.114583
4 0.123148 0.564583 0.129630 0.072917
1 0.425000 0.564323 0.357407 0.036979
7 0.500000 0.680208 1.000000 0.114583
3 0.123148 0.679167 0.129630 0.072917
1 0.383333 0.678906 0.274074 0.036979
7 0.500000 0.794792 1.000000 0.114583
4 0.123148 0.793750 0.129630 0.072917
1 0.356481 0.774740 0.220370 0.036979
1 0.623148 0.815104 0.753704 0.032292
7 0.500000 0.909375 1.000000 0.114583
4 0.123148 0.908333 0.129630 0.072917
1 0.408796 0.889323 0.325000 0.036979
1 0.623148 0.929688 0.753704 0.032292
7 0.500000 0.983333 1.000000 0.033333
3 0.123148 0.993229 0.129630 0.013542