6 0.500000 0.087500 1.000000 0.087500
4 0.078241 0.087500 0.156481 0.087500
4 0.025926 0.087500 0.051852 0.029167
3 0.091667 0.087500 0.103704 0.058333
4 0.879630 0.087500 0.240741 0.087500
4 0.862963 0.087500 0.181481 0.065625
4 0.978704 0.087500 0.042593 0.065625
1 0.316204 0.087240 0.319444 0.044271
3 0.500000 0.346615 1.000000 0.430729
1 0.500000 0.595833 1.000000 0.067708
1 0.500000 0.738281 1.000000 0.217188
1 0.500000 0.880729 1.000000 0.067708
7 0.500000 0.957292 1.000000 0.085417
4 0.154630 0.959635 0.250000 0.056771
1 0.654630 0.959635 0.690741 0.036979