1 0.386111 0.094792 0.409259 0.068750
1 0.386111 0.163542 0.409259 0.068750
1 0.386111 0.232292 0.409259 0.068750
1 0.386111 0.301042 0.409259 0.068750
1 0.386111 0.369792 0.409259 0.068750
1 0.386111 0.438542 0.409259 0.068750
1 0.386111 0.507292 0.409259 0.068750
1 0.386111 0.576042 0.409259 0.068750
1 0.386111 0.644792 0.409259 0.068750
1 0.386111 0.713542 0.409259 0.068750
1 0.386111 0.782292 0.409259 0.068750
1 0.386111 0.851042 0.409259 0.068750
1 0.386111 0.919792 0.409259 0.068750
1 0.386111 0.977083 0.409259 0.045833