6 0.500000 0.087500 1.000000 0.087500
1 0.550463 0.087500 0.787963 0.087500
4 0.025926 0.087500 0.051852 0.029167
3 0.091667 0.087500 0.103704 0.058333
4 0.985185 0.087500 0.029630 0.087500
4 0.985185 0.087500 0.029630 0.065625
3 0.500000 0.565625 1.000000 0.868750
7 0.500000 0.189583 1.000000 0.116667
1 0.500000 0.189583 1.000000 0.097917
7 0.500000 0.307292 1.000000 0.116667
1 0.500000 0.307292 1.000000 0.097917
7 0.500000 0.425000 1.000000 0.116667
1 0.500000 0.425000 1.000000 0.097917
7 0.500000 0.542708 1.000000 0.116667
1 0.500000 0.542708 1.000000 0.097917
7 0.500000 0.660417 1.000000 0.116667
1 0.500000 0.660417 1.000000 0.097917
7 0.500000 0.778125 1.000000 0.116667
1 0.500000 0.778125 1.000000 0.097917
7 0.500000 0.877604 1.000000 0.080208
1 0.500000 0.882292 1.000000 0.070833
1 0.500000 0.935937 1.000000 0.035417
3 0.071296 0.981510 0.077778 0.036979
4 0.439352 0.976823 0.226852 0.046354
4 0.666204 0.976823 0.226852 0.046354
4 0.889815 0.976823 0.220370 0.046354