6 0.500000 0.094792 1.000000 0.102083
4 0.090741 0.094792 0.181481 0.102083
8 0.666667 0.094792 0.166667 0.016667
1 0.500000 0.218750 1.000000 0.145833
1 0.094907 0.318750 0.189815 0.034375
1 0.284722 0.318750 0.189815 0.034375
1 0.475000 0.318750 0.190741 0.034375
1 0.665741 0.318750 0.190741 0.034375
1 0.856481 0.318750 0.190741 0.034375
1 0.975926 0.318750 0.048148 0.034375
7 0.094907 0.348177 0.189815 0.003646
7 0.284722 0.348177 0.189815 0.003646
7 0.474537 0.348177 0.189815 0.003646
7 0.664352 0.348177 0.189815 0.003646
7 0.854167 0.348177 0.189815 0.003646
7 0.974537 0.348177 0.050926 0.003646
7 0.094907 0.405990 0.189815 0.111979
1 0.094907 0.405990 0.189815 0.106771
7 0.284722 0.405990 0.189815 0.111979
1 0.284722 0.405990 0.189815 0.106771
7 0.474537 0.405990 0.189815 0.111979
1 0.474537 0.405990 0.189815 0.106771
7 0.664352 0.405990 0.189815 0.111979
1 0.664352 0.405990 0.189815 0.106771
7 0.854167 0.405990 0.189815 0.111979
1 0.854167 0.405990 0.189815 0.106771
7 0.974537 0.405990 0.050926 0.111979
1 0.974537 0.405990 0.050926 0.106771
7 0.094907 0.517969 0.189815 0.111979
1 0.094907 0.517969 0.189815 0.106771
7 0.284722 0.517969 0.189815 0.111979
1 0.284722 0.517969 0.189815 0.106771
7 0.474537 0.517969 0.189815 0.111979
1 0.474537 0.517969 0.189815 0.106771
7 0.664352 0.517969 0.189815 0.111979
1 0.664352 0.517969 0.189815 0.106771
7 0.854167 0.517969 0.189815 0.111979
1 0.854167 0.517969 0.189815 0.106771
7 0.974537 0.517969 0.050926 0.111979
1 0.974537 0.517969 0.050926 0.106771
7 0.094907 0.629948 0.189815 0.111979
1 0.094907 0.629948 0.189815 0.106771
7 0.284722 0.629948 0.189815 0.111979
1 0.284722 0.629948 0.189815 0.106771
7 0.474537 0.629948 0.189815 0.111979
1 0.474537 0.629948 0.189815 0.106771
7 0.664352 0.629948 0.189815 0.111979
1 0.664352 0.629948 0.189815 0.106771
7 0.854167 0.629948 0.189815 0.111979
1 0.854167 0.629948 0.189815 0.106771
7 0.974537 0.629948 0.050926 0.111979
1 0.974537 0.629948 0.050926 0.106771
7 0.094907 0.741927 0.189815 0.111979
1 0.094907 0.741927 0.189815 0.106771
7 0.284722 0.741927 0.189815 0.111979
1 0.284722 0.741927 0.189815 0.106771
7 0.474537 0.741927 0.189815 0.111979
1 0.474537 0.741927 0.189815 0.106771
7 0.664352 0.741927 0.189815 0.111979
1 0.664352 0.715104 0.082407 0.053125
1 0.664352 0.768490 0.021296 0.053646
7 0.854167 0.741927 0.189815 0.111979
1 0.854167 0.741927 0.189815 0.106771
7 0.974537 0.741927 0.050926 0.111979
1 0.974537 0.741927 0.050926 0.106771
7 0.094907 0.853906 0.189815 0.111979
1 0.094907 0.853906 0.189815 0.106771
7 0.284722 0.853906 0.189815 0.111979
1 0.284722 0.853906 0.189815 0.106771
7 0.474537 0.853906 0.189815 0.111979
1 0.474537 0.853906 0.189815 0.106771
7 0.664352 0.853906 0.189815 0.111979
1 0.664352 0.853906 0.189815 0.106771
7 0.854167 0.853906 0.189815 0.111979
1 0.854167 0.853906 0.189815 0.106771
7 0.974537 0.853906 0.050926 0.111979
1 0.992130 0.827083 0.015741 0.053125
7 0.094907 0.954948 0.189815 0.090104
1 0.094907 0.956250 0.189815 0.087500
7 0.284722 0.954948 0.189815 0.090104
1 0.284722 0.956250 0.189815 0.087500
7 0.474537 0.954948 0.189815 0.090104
1 0.474537 0.956250 0.189815 0.087500
7 0.664352 0.954948 0.189815 0.090104
1 0.664352 0.956250 0.189815 0.087500
7 0.854167 0.954948 0.189815 0.090104
1 0.854167 0.956250 0.189815 0.087500
7 0.974537 0.954948 0.050926 0.090104
1 0.974537 0.956250 0.050926 0.087500
3 0.386574 0.519271 0.071296 0.101042