3 0.500000 0.133073 1.000000 0.178646
6 0.500000 0.094792 1.000000 0.102083
1 0.599074 0.094792 0.801852 0.102083
4 0.090741 0.094792 0.181481 0.102083
7 0.233333 0.185938 0.466667 0.080208
1 0.233333 0.184115 0.466667 0.076563
7 0.700000 0.185938 0.466667 0.080208
1 0.700000 0.184115 0.466667 0.076563
7 0.966667 0.185938 0.066667 0.080208
1 0.966667 0.183854 0.066667 0.046875
7 0.500000 0.260677 1.000000 0.069271
1 0.500000 0.258854 1.000000 0.065625
7 0.500000 0.400521 1.000000 0.206250
1 0.126389 0.370573 0.162037 0.091146
4 0.087963 0.467187 0.103704 0.058333
1 0.569907 0.467187 0.860185 0.039583
1 0.628241 0.344271 0.743519 0.056250
1 0.628241 0.392188 0.743519 0.039583
7 0.500000 0.608854 1.000000 0.206250
1 0.126389 0.578906 0.162037 0.091146
4 0.087963 0.675521 0.103704 0.058333
1 0.569907 0.675521 0.860185 0.039583
1 0.628241 0.552604 0.743519 0.056250
1 0.628241 0.600521 0.743519 0.039583
7 0.500000 0.817187 1.000000 0.206250
1 0.126389 0.787240 0.162037 0.091146
4 0.087963 0.883854 0.103704 0.058333
1 0.569907 0.883854 0.860185 0.039583
1 0.628241 0.760938 0.743519 0.056250
1 0.628241 0.808854 0.743519 0.039583
7 0.500000 0.961198 1.000000 0.077604
1 0.126389 0.975000 0.162037 0.050000
1 0.628241 0.969271 0.743519 0.056250
1 0.628241 0.998698 0.743519 0.002604