3 0.500000 0.829948 1.000000 0.340104
3 0.500000 0.821615 1.000000 0.356771
1 0.549074 0.110937 0.877778 0.105208
1 0.549074 0.194792 0.877778 0.105208
1 0.549074 0.278646 0.877778 0.105208
1 0.549074 0.362500 0.877778 0.105208
1 0.549074 0.446354 0.877778 0.105208
1 0.549074 0.530208 0.877778 0.105208
1 0.633333 0.103646 0.733333 0.105208
1 0.933333 0.971875 0.133333 0.056250
4 0.133333 0.097135 0.266667 0.106771
1 0.430093 0.196875 0.326852 0.052083
2 0.639815 0.253385 0.720370 0.060937
1 0.421759 0.324479 0.310185 0.052083
2 0.639815 0.380990 0.720370 0.060937
1 0.391667 0.452083 0.250000 0.052083
2 0.639815 0.508594 0.720370 0.060937
1 0.359722 0.579688 0.186111 0.052083
2 0.639815 0.636198 0.720370 0.060937
1 0.468056 0.707292 0.402778 0.052083
2 0.639815 0.763802 0.720370 0.060937
1 0.512963 0.834896 0.492593 0.052083
1 0.633333 0.891406 0.733333 0.060937
4 0.370370 0.104167 0.103704 0.043750
2 0.711111 0.103125 0.577778 0.065625