6 0.500000 0.094792 1.000000 0.102083
1 0.385185 0.094531 0.303704 0.048438
4 0.090741 0.094792 0.181481 0.102083
1 0.162037 0.170573 0.324074 0.049479
1 0.184259 0.395052 0.368519 0.049479
1 0.507407 0.238802 0.950000 0.030729
1 0.991204 0.238802 0.017593 0.054688
1 0.507407 0.326302 0.950000 0.030729
1 0.991204 0.326302 0.017593 0.054688
1 0.501852 0.447656 0.938889 0.030729
1 0.985648 0.448958 0.028704 0.058333
1 0.501852 0.535156 0.938889 0.030729
1 0.985648 0.536458 0.028704 0.058333
1 0.501852 0.622656 0.938889 0.030729
1 0.985648 0.623958 0.028704 0.058333
1 0.501852 0.710156 0.938889 0.030729
1 0.985648 0.711458 0.028704 0.058333
1 0.501852 0.797656 0.938889 0.030729
1 0.985648 0.798958 0.028704 0.058333
1 0.501852 0.885156 0.938889 0.030729
1 0.985648 0.886458 0.028704 0.058333
1 0.501852 0.972656 0.938889 0.030729
1 0.985648 0.972396 0.028704 0.055208