6 0.500000 0.094792 1.000000 0.102083
4 0.090741 0.094792 0.181481 0.102083
1 0.318981 0.094531 0.171296 0.048438
4 0.342593 0.189583 0.129630 0.087500
1 0.666667 0.189583 0.518519 0.087500
4 0.962963 0.189583 0.074074 0.087500
1 0.524537 0.691927 0.950926 0.064062
4 0.120370 0.331771 0.155556 0.087500
3 0.393519 0.331771 0.155556 0.087500
4 0.666667 0.331771 0.155556 0.087500
3 0.931019 0.331771 0.137963 0.087500
3 0.120370 0.455729 0.155556 0.087500
3 0.393519 0.455729 0.155556 0.087500
3 0.666667 0.455729 0.155556 0.087500
3 0.931019 0.455729 0.137963 0.087500
3 0.120370 0.579688 0.155556 0.087500
4 0.393519 0.579688 0.155556 0.087500
3 0.666667 0.579688 0.155556 0.087500
3 0.931019 0.579688 0.137963 0.087500