6 0.500000 0.094792 1.000000 0.102083
4 0.090741 0.094792 0.181481 0.102083
4 0.424074 0.094792 0.129630 0.102083
1 0.667130 0.094792 0.356481 0.102083
4 0.910185 0.094792 0.129630 0.102083
1 0.666204 0.200521 0.330556 0.109375
1 0.187037 0.218750 0.203704 0.109375
4 0.103704 0.726042 0.103704 0.087500
1 0.597222 0.726042 0.805556 0.073958
7 0.250000 0.975260 0.138889 0.049479
7 0.388889 0.975260 0.138889 0.049479
7 0.527778 0.975260 0.138889 0.049479
7 0.666667 0.975260 0.138889 0.049479
7 0.805556 0.975260 0.138889 0.049479
7 0.937500 0.975260 0.125000 0.049479
1 0.186574 0.318229 0.113889 0.034375
1 0.187037 0.362240 0.114815 0.053646
1 0.187037 0.445833 0.118519 0.034375
1 0.187037 0.489844 0.094444 0.053646
1 0.187037 0.573438 0.120370 0.034375