6 0.500000 0.094792 1.000000 0.102083
4 0.090741 0.094792 0.181481 0.102083
3 0.445370 0.094792 0.181481 0.102083
1 0.554630 0.094792 0.037037 0.102083
1 0.778704 0.094792 0.037037 0.102083
4 0.887963 0.094792 0.181481 0.102083
1 0.666204 0.077604 0.063889 0.034375
1 0.666667 0.111979 0.088889 0.034375
7 0.500000 0.374740 1.000000 0.278646
1 0.590741 0.340365 0.818519 0.209896
6 0.571759 0.479687 0.856481 0.068750
4 0.213426 0.479687 0.139815 0.068750
4 0.481019 0.479687 0.136111 0.068750
7 0.500000 0.758073 1.000000 0.483854
3 0.097222 0.578125 0.116667 0.065625
1 0.339815 0.555208 0.316667 0.039583
1 0.648611 0.556771 0.300926 0.034375
1 0.863426 0.556771 0.128704 0.034375
3 0.590741 0.794010 0.818519 0.411979
9 0.500000 0.189583 1.000000 0.087500
1 0.944444 0.189583 0.111111 0.087500
1 0.222222 0.189323 0.137037 0.029687
1 0.666667 0.189323 0.187037 0.029687