6 0.500000 0.094792 1.000000 0.102083
1 0.476389 0.094792 0.486111 0.039583
4 0.090741 0.094792 0.181481 0.102083
7 0.333333 0.320833 0.666667 0.350000
3 0.333333 0.320833 0.666667 0.350000
1 0.333333 0.471615 0.112963 0.048438
7 0.833333 0.320833 0.333333 0.350000
3 0.833333 0.320833 0.333333 0.350000
1 0.922685 0.471615 0.154630 0.048438
7 0.333333 0.670833 0.666667 0.350000
3 0.333333 0.670833 0.666667 0.350000
1 0.332870 0.821615 0.213889 0.048438
7 0.833333 0.670833 0.333333 0.350000
3 0.833333 0.670833 0.333333 0.350000
1 0.957407 0.821615 0.085185 0.048438
7 0.333333 0.922917 0.666667 0.154167
3 0.333333 0.922917 0.666667 0.154167
7 0.833333 0.922917 0.333333 0.154167
3 0.833333 0.922917 0.333333 0.154167