9 0.421296 0.500000 0.842593 1.000000
3 0.420833 0.142187 0.175000 0.123958
7 0.421296 0.320833 0.842593 0.087500
1 0.421296 0.320833 0.777778 0.051042
7 0.421296 0.408333 0.842593 0.087500
1 0.421296 0.408333 0.777778 0.051042
7 0.421296 0.495833 0.842593 0.087500
1 0.421296 0.495833 0.777778 0.051042
7 0.421296 0.583333 0.842593 0.087500
1 0.421296 0.583333 0.777778 0.051042
7 0.421296 0.670833 0.842593 0.087500
1 0.421296 0.670833 0.777778 0.051042
7 0.421296 0.758333 0.842593 0.087500
1 0.421296 0.758333 0.777778 0.051042
7 0.421296 0.845833 0.842593 0.087500
1 0.421296 0.845833 0.777778 0.051042
3 0.500000 0.105729 1.000000 0.123958
6 0.500000 0.105729 1.000000 0.123958
3 0.090741 0.105729 0.181481 0.102083
3 0.230093 0.105469 0.097222 0.054688
1 0.667130 0.105469 0.665741 0.047396
9 0.500000 0.222396 1.000000 0.109375
1 0.170370 0.222396 0.340741 0.109375
1 0.519444 0.222396 0.357407 0.109375
1 0.849074 0.222396 0.301852 0.109375
7 0.500000 0.488021 1.000000 0.417708
3 0.506481 0.488021 0.987037 0.417708
1 0.198148 0.321094 0.305556 0.047396
1 0.290741 0.634896 0.490741 0.087500
1 0.784259 0.611719 0.431481 0.041146
7 0.500000 0.848437 1.000000 0.303125
3 0.506481 0.848437 0.987037 0.303125