9 0.453704 0.500000 0.907407 1.000000
1 0.453704 0.477604 0.907407 0.087500
1 0.453704 0.565104 0.907407 0.087500
1 0.453704 0.652604 0.907407 0.087500
1 0.453704 0.740104 0.907407 0.087500
1 0.453704 0.827604 0.907407 0.087500
1 0.453704 0.915104 0.907407 0.087500
1 0.453704 0.979427 0.907407 0.041146
3 0.453704 0.209635 0.907407 0.419271
3 0.453241 0.155469 0.291667 0.164062
1 0.453704 0.269010 0.703704 0.044271
3 0.160185 0.350000 0.155556 0.045833
1 0.160185 0.388802 0.194444 0.024479
3 0.443519 0.350000 0.155556 0.045833
1 0.443056 0.388802 0.184259 0.024479
4 0.736111 0.350000 0.155556 0.045833
1 0.736574 0.388802 0.213889 0.024479
6 0.500000 0.094792 1.000000 0.102083
1 0.541204 0.094531 0.615741 0.048438
3 0.090741 0.094792 0.181481 0.102083
9 0.500000 0.189583 1.000000 0.087500
1 0.099537 0.189583 0.199074 0.087500
1 0.315278 0.189583 0.154630 0.034375
1 0.549074 0.189583 0.142593 0.034375
1 0.852315 0.189583 0.295370 0.034375
4 0.136111 0.274479 0.103704 0.043750
2 0.593981 0.273438 0.812037 0.065625