6 0.500000 0.094792 1.000000 0.102083
4 0.090741 0.094792 0.181481 0.102083
3 0.666667 0.094792 0.518519 0.080208
8 0.500000 0.266667 1.000000 0.062500
1 0.147685 0.262240 0.212037 0.053646
8 0.500000 0.416406 1.000000 0.236979
1 0.354167 0.335938 0.625000 0.062500
1 0.833333 0.335938 0.333333 0.062500
1 0.107407 0.411198 0.131481 0.088021
1 0.160648 0.490625 0.237963 0.070833
3 0.510185 0.410938 0.155556 0.087500
1 0.666667 0.406250 0.157407 0.078125
3 0.823148 0.410938 0.155556 0.087500
8 0.500000 0.653385 1.000000 0.236979
1 0.354167 0.572917 0.625000 0.062500
1 0.833333 0.572917 0.333333 0.062500
1 0.107407 0.648177 0.131481 0.088021
1 0.160648 0.727604 0.237963 0.070833
3 0.510185 0.647917 0.155556 0.087500
1 0.666667 0.643229 0.157407 0.078125
4 0.823148 0.647917 0.155556 0.087500
8 0.500000 0.885938 1.000000 0.228125
1 0.354167 0.809896 0.625000 0.062500
1 0.833333 0.809896 0.333333 0.062500
1 0.107407 0.885156 0.131481 0.088021
1 0.146296 0.964583 0.209259 0.070833
3 0.510185 0.884896 0.155556 0.087500
1 0.666667 0.880208 0.157407 0.078125
3 0.823148 0.884896 0.155556 0.087500
9 0.500000 0.189583 1.000000 0.087500
1 0.166667 0.189583 0.333333 0.087500
1 0.833333 0.189583 0.333333 0.087500
1 0.500000 0.189323 0.179630 0.029687