6 0.500000 0.087500 1.000000 0.087500
4 0.026852 0.087500 0.053704 0.087500
4 0.025926 0.087500 0.051852 0.029167
1 0.806481 0.087240 0.387037 0.073438
9 0.500000 0.565625 1.000000 0.868750
3 0.500000 0.565625 1.000000 0.868750
4 0.141204 0.211198 0.278704 0.088021
4 0.141204 0.369531 0.278704 0.088021
1 0.141204 0.527865 0.278704 0.088021
1 0.141204 0.686198 0.278704 0.088021
4 0.141204 0.845052 0.278704 0.088021
4 0.141204 0.979948 0.278704 0.040104
7 0.641204 0.175781 0.717593 0.088021
1 0.641204 0.175521 0.717593 0.087500
7 0.641204 0.264323 0.717593 0.088021
1 0.641204 0.264062 0.717593 0.087500
7 0.641204 0.352865 0.717593 0.088021
1 0.641204 0.352604 0.717593 0.087500
7 0.641204 0.441406 0.717593 0.088021
1 0.641204 0.441146 0.717593 0.087500
7 0.641204 0.529948 0.717593 0.088021
1 0.641204 0.529687 0.717593 0.087500
7 0.641204 0.618490 0.717593 0.088021
1 0.641204 0.618229 0.717593 0.087500
7 0.641204 0.707031 0.717593 0.088021
1 0.641204 0.706771 0.717593 0.087500
7 0.641204 0.795573 0.717593 0.088021
1 0.641204 0.795312 0.717593 0.087500
4 0.103704 0.189583 0.103704 0.058333
1 0.519444 0.619792 0.961111 0.087500
7 0.500000 0.815625 1.000000 0.304167
3 0.233333 0.791146 0.388889 0.255208
1 0.233333 0.943229 0.388889 0.034375
3 0.674074 0.791146 0.388889 0.255208
1 0.674074 0.943229 0.388889 0.034375
3 0.960185 0.791146 0.079630 0.255208
1 0.960185 0.943229 0.079630 0.034375
3 0.038889 0.404687 0.077778 0.313542
3 0.551852 0.404687 0.896296 0.313542