6 0.500000 0.087500 1.000000 0.087500
4 0.090741 0.083854 0.103704 0.058333
3 0.666667 0.087500 0.194444 0.087500
1 0.500000 0.189583 1.000000 0.102083
7 0.500000 0.469531 1.000000 0.457813
3 0.500000 0.425781 1.000000 0.370312
1 0.525926 0.651042 0.948148 0.080208
7 0.500000 0.849219 1.000000 0.301563
3 0.500000 0.849219 1.000000 0.301563
1 0.108796 0.280729 0.113889 0.043750
1 0.253241 0.280729 0.123148 0.026042
7 0.343056 0.555990 0.608333 0.426563
1 0.222222 0.738021 0.366667 0.062500
3 0.343056 0.513802 0.608333 0.342187
3 0.343056 0.513802 0.608333 0.342187
1 0.455093 0.719792 0.021296 0.021875
1 0.535185 0.728646 0.138889 0.043750
1 0.625926 0.719792 0.042593 0.021875
7 0.843056 0.555990 0.313889 0.426563
1 0.843056 0.738021 0.313889 0.062500
3 0.843056 0.513802 0.313889 0.342187
3 0.843056 0.513802 0.313889 0.342187
7 0.343056 0.899219 0.608333 0.201563
3 0.343056 0.899219 0.608333 0.201563
3 0.343056 0.899219 0.608333 0.201563
3 0.343056 0.899219 0.608333 0.201563
7 0.843056 0.899219 0.313889 0.201563
3 0.843056 0.899219 0.313889 0.201563
3 0.843056 0.899219 0.313889 0.201563
3 0.843056 0.899219 0.313889 0.201563