6 0.500000 0.094792 1.000000 0.102083
1 0.413426 0.094531 0.360185 0.048438
4 0.090741 0.094792 0.181481 0.102083
7 0.500000 0.488542 1.000000 0.685417
7 0.500000 0.488542 1.000000 0.685417
8 0.500000 0.592448 1.000000 0.054688
1 0.343056 0.678125 0.634259 0.087500
1 0.836574 0.678125 0.326852 0.087500
1 0.343056 0.772917 0.634259 0.087500
1 0.836574 0.772917 0.326852 0.087500
3 0.500000 0.382812 1.000000 0.473958
1 0.500000 0.528385 1.000000 0.036979
7 0.500000 0.915625 1.000000 0.168750
3 0.500000 0.915625 1.000000 0.168750
7 0.503241 0.426563 0.993519 0.561458
8 0.510185 0.426563 0.979630 0.546875
3 0.510185 0.335417 0.979630 0.364583
1 0.526389 0.563281 0.947222 0.091146
1 0.526852 0.627083 0.946296 0.036458
1 0.526852 0.663542 0.946296 0.036458
7 0.503241 0.853646 0.993519 0.292708
8 0.510185 0.857292 0.979630 0.285417
3 0.510185 0.857292 0.979630 0.285417