6 0.500000 0.087500 1.000000 0.087500
4 0.090741 0.087500 0.181481 0.087500
9 0.583796 0.087500 0.804630 0.087500
3 0.282407 0.087500 0.103704 0.058333
4 0.482870 0.087240 0.100926 0.056771
4 0.683333 0.087500 0.103704 0.058333
4 0.885185 0.087500 0.103704 0.058333
9 0.500000 0.175000 1.000000 0.087500
1 0.222222 0.175000 0.444444 0.087500
1 0.666667 0.175000 0.444444 0.087500
1 0.944444 0.175000 0.111111 0.087500
7 0.500000 0.193229 1.000000 0.087500
8 0.500000 0.527865 1.000000 0.581771
3 0.531481 0.317188 0.937037 0.017708
1 0.562500 0.400521 0.875000 0.058333
1 0.209722 0.448958 0.169444 0.034375
7 0.303241 0.586719 0.356481 0.200521
3 0.303241 0.586719 0.356481 0.200521
3 0.303241 0.586719 0.356481 0.200521
1 0.562500 0.767188 0.875000 0.054167
8 0.500000 0.909375 1.000000 0.181250
3 0.531481 0.898958 0.937037 0.017708
1 0.562500 0.976562 0.875000 0.046875