6 0.500000 0.087500 1.000000 0.087500
4 0.090741 0.087500 0.181481 0.087500
9 0.583796 0.087500 0.804630 0.087500
3 0.282407 0.087500 0.103704 0.058333
4 0.482870 0.087240 0.100926 0.056771
4 0.683333 0.087500 0.103704 0.058333
4 0.885185 0.087500 0.103704 0.058333
9 0.453704 0.521875 0.907407 0.956250
4 0.113426 0.195052 0.162037 0.091146
1 0.550926 0.195052 0.648148 0.091146
7 0.453704 0.306250 0.907407 0.094792
4 0.084259 0.306250 0.077778 0.043750
1 0.500926 0.304167 0.722222 0.039583
7 0.453704 0.403125 0.907407 0.094792
4 0.084259 0.403125 0.077778 0.043750
1 0.500926 0.401042 0.722222 0.039583
7 0.453704 0.500000 0.907407 0.094792
4 0.084259 0.500000 0.077778 0.043750
1 0.500926 0.497917 0.722222 0.039583
1 0.500000 0.176042 1.000000 0.034375
3 0.500000 0.218750 1.000000 0.014583
1 0.666204 0.426823 0.489815 0.044271
1 0.531019 0.545833 0.937963 0.082292
1 0.547685 0.664844 0.904630 0.044271