1 0.484722 0.096615 0.650926 0.073438
4 0.079630 0.088542 0.140741 0.079167
1 0.405093 0.145313 0.810185 0.023958
7 0.405093 0.203906 0.810185 0.091146
4 0.081019 0.203906 0.097222 0.054688
1 0.246296 0.203646 0.200000 0.068750
7 0.405093 0.296094 0.810185 0.091146
3 0.081019 0.296094 0.097222 0.054688
1 0.274074 0.295833 0.255556 0.068750
7 0.405093 0.388281 0.810185 0.091146
4 0.081019 0.388281 0.097222 0.054688
1 0.262037 0.388021 0.231481 0.068750
7 0.405093 0.480469 0.810185 0.091146
3 0.081019 0.480469 0.097222 0.054688
1 0.257407 0.480208 0.222222 0.068750
7 0.405093 0.572656 0.810185 0.091146
4 0.081019 0.572656 0.097222 0.054688
1 0.270370 0.572396 0.248148 0.068750
1 0.405093 0.655990 0.810185 0.073438
7 0.405093 0.739323 0.810185 0.091146
4 0.081019 0.739323 0.097222 0.054688
1 0.225463 0.739062 0.158333 0.068750
7 0.405093 0.831510 0.810185 0.091146
3 0.081019 0.831510 0.097222 0.054688
1 0.364815 0.831250 0.437037 0.068750
7 0.405093 0.923698 0.810185 0.091146
4 0.081019 0.923698 0.097222 0.054688
1 0.219444 0.923438 0.146296 0.068750
7 0.405093 0.985156 0.810185 0.029687
4 0.081019 0.994271 0.097222 0.011458
1 0.398611 0.990625 0.504630 0.018750
4 0.884722 0.089844 0.149074 0.092188
1 0.905093 0.089844 0.189815 0.092188