6 0.500000 0.189583 1.000000 0.204167
3 0.924074 0.189583 0.151852 0.077083
3 0.181481 0.189583 0.362963 0.204167
7 0.500000 0.747917 1.000000 0.504167
3 0.500000 0.747917 1.000000 0.504167
8 0.512963 0.755208 0.974074 0.489583
3 0.207407 0.641667 0.155556 0.131250
3 0.207407 0.765625 0.155556 0.116667
4 0.207407 0.882292 0.155556 0.116667
1 0.694444 0.749479 0.611111 0.138542
1 0.619444 0.872917 0.461111 0.108333
1 0.694444 0.628125 0.611111 0.104167
2 0.655556 0.393229 0.688889 0.084375
4 0.181481 0.393750 0.362963 0.204167
1 0.732407 0.866146 0.535185 0.078125
3 0.842593 0.981771 0.314815 0.036458