1 0.500463 0.089844 0.999074 0.044271
1 0.310648 0.148698 0.621296 0.031771
1 0.967130 0.148698 0.065741 0.031771
7 0.500000 0.204167 1.000000 0.078125
1 0.207407 0.204167 0.414815 0.078125
7 0.500000 0.298438 1.000000 0.108333
1 0.230093 0.298438 0.426852 0.034375
7 0.500000 0.407813 1.000000 0.108333
1 0.248611 0.407813 0.463889 0.034375
7 0.500000 0.517188 1.000000 0.108333
1 0.250000 0.517188 0.466667 0.034375
7 0.500000 0.626563 1.000000 0.108333
1 0.218519 0.626563 0.403704 0.034375
7 0.500000 0.735938 1.000000 0.108333
1 0.260185 0.735938 0.487037 0.034375
7 0.500000 0.845313 1.000000 0.108333
1 0.166204 0.845313 0.299074 0.034375
7 0.500000 0.950260 1.000000 0.099479
1 0.124074 0.954688 0.214815 0.034375