6 0.500000 0.094792 1.000000 0.102083
1 0.387037 0.094531 0.670370 0.048438
8 0.501852 0.315104 0.996296 0.331250
1 0.141667 0.190365 0.257407 0.053646
1 0.277778 0.190365 0.014815 0.044271
1 0.532870 0.190365 0.495370 0.044271
3 0.538889 0.345573 0.922222 0.220312
8 0.501852 0.650781 0.996296 0.331771
1 0.141667 0.525781 0.257407 0.053646
1 0.277778 0.525781 0.014815 0.044271
1 0.548611 0.525781 0.526852 0.044271
1 0.400000 0.681250 0.774074 0.043750
8 0.501852 0.910417 0.996296 0.179167
1 0.141667 0.861719 0.257407 0.053646
1 0.277778 0.861719 0.014815 0.044271
1 0.573611 0.861719 0.576852 0.044271
1 0.538889 0.953385 0.922222 0.093229