6 0.500000 0.094792 1.000000 0.102083
1 0.253704 0.094531 0.403704 0.048438
7 0.500000 0.196875 1.000000 0.102083
4 0.125000 0.196875 0.146296 0.082292
1 0.395833 0.196615 0.325000 0.044271
7 0.500000 0.301042 1.000000 0.102083
3 0.125000 0.301042 0.146296 0.082292
1 0.387963 0.300781 0.309259 0.044271
7 0.500000 0.405208 1.000000 0.102083
3 0.125000 0.405208 0.146296 0.082292
1 0.302315 0.404948 0.137963 0.044271
7 0.500000 0.509375 1.000000 0.102083
3 0.125000 0.509375 0.146296 0.082292
1 0.297222 0.509115 0.127778 0.044271
7 0.500000 0.613542 1.000000 0.102083
3 0.125000 0.613542 0.146296 0.082292
1 0.308333 0.613281 0.150000 0.044271
7 0.500000 0.717708 1.000000 0.102083
3 0.125000 0.717708 0.146296 0.082292
1 0.362963 0.717448 0.259259 0.044271
7 0.500000 0.821875 1.000000 0.102083
3 0.125000 0.821875 0.146296 0.082292
1 0.295370 0.821615 0.124074 0.044271
7 0.500000 0.926042 1.000000 0.102083
4 0.125000 0.926042 0.146296 0.082292
1 0.317593 0.925781 0.168519 0.044271
7 0.500000 0.989583 1.000000 0.020833
4 0.125000 0.994531 0.146296 0.010937