6 0.500000 0.087500 1.000000 0.087500
4 0.061574 0.087240 0.123148 0.069271
3 0.666667 0.087500 0.653704 0.087500
7 0.500000 0.209115 1.000000 0.155729
7 0.500000 0.204427 1.000000 0.146354
1 0.500000 0.204427 1.000000 0.146354
7 0.500000 0.611458 1.000000 0.648958
3 0.500000 0.498437 1.000000 0.421875
3 0.666667 0.498177 0.296296 0.133854
1 0.510185 0.775260 0.979630 0.107813
1 0.515278 0.875260 0.969444 0.069271
7 0.500000 0.967969 1.000000 0.064062
3 0.412963 0.967969 0.825926 0.064062
3 0.950463 0.981250 0.099074 0.037500
7 0.500000 0.192448 1.000000 0.122396
3 0.220370 0.183594 0.388889 0.104688
1 0.723611 0.172656 0.552778 0.082812
7 0.500000 0.336458 1.000000 0.165625
3 0.220370 0.329167 0.388889 0.144792
1 0.723611 0.328906 0.552778 0.101562
7 0.500000 0.502083 1.000000 0.165625
3 0.220370 0.494792 0.388889 0.144792
1 0.723611 0.494531 0.552778 0.101562
7 0.500000 0.667708 1.000000 0.165625
3 0.220370 0.660417 0.388889 0.144792
1 0.723611 0.660156 0.552778 0.101562
7 0.500000 0.833333 1.000000 0.165625
3 0.220370 0.826042 0.388889 0.144792
1 0.723611 0.825781 0.552778 0.101562
7 0.500000 0.958073 1.000000 0.083854
3 0.220370 0.959635 0.388889 0.080729
1 0.723611 0.970313 0.552778 0.059375