7 0.500000 0.113021 1.000000 0.138542
4 0.110185 0.116667 0.194444 0.109375
1 0.616667 0.113021 0.766667 0.068750
3 0.500000 0.113021 1.000000 0.138542
7 0.500000 0.219271 1.000000 0.072917
1 0.150926 0.219271 0.224074 0.034375
7 0.500000 0.292708 1.000000 0.072917
1 0.314352 0.292708 0.317593 0.034375
3 0.077778 0.292708 0.077778 0.043750
7 0.500000 0.366146 1.000000 0.072917
1 0.337963 0.366146 0.364815 0.034375
3 0.077778 0.366146 0.077778 0.043750
7 0.500000 0.439583 1.000000 0.072917
1 0.457870 0.439583 0.604630 0.034375
3 0.077778 0.439583 0.077778 0.043750
7 0.500000 0.513021 1.000000 0.072917
1 0.352315 0.513021 0.393519 0.034375
3 0.077778 0.513021 0.077778 0.043750
7 0.500000 0.586458 1.000000 0.072917
1 0.320370 0.586458 0.329630 0.034375
3 0.077778 0.586458 0.077778 0.043750
7 0.500000 0.659896 1.000000 0.072917
1 0.331019 0.659896 0.350926 0.034375
3 0.077778 0.659896 0.077778 0.043750
7 0.500000 0.733333 1.000000 0.072917
1 0.508333 0.733333 0.705556 0.034375
3 0.077778 0.733333 0.077778 0.043750
7 0.500000 0.806771 1.000000 0.072917
1 0.394907 0.806771 0.478704 0.034375
3 0.077778 0.806771 0.077778 0.043750
7 0.500000 0.880208 1.000000 0.072917
1 0.315741 0.880208 0.320370 0.034375
3 0.077778 0.880208 0.077778 0.043750
7 0.500000 0.953646 1.000000 0.072917
1 0.267593 0.953646 0.224074 0.034375
3 0.077778 0.953646 0.077778 0.043750
7 0.500000 0.995313 1.000000 0.009375
4 0.077778 0.087500 0.077778 0.043750
1 0.230556 0.087500 0.150000 0.034375
3 0.557407 0.087500 0.077778 0.043750
3 0.712963 0.087500 0.077778 0.043750
4 0.868519 0.087500 0.077778 0.043750
3 0.992593 0.087500 0.014815 0.043750
1 0.500000 0.163281 1.000000 0.064062
1 0.271296 0.220833 0.496296 0.034375
4 0.055556 0.257292 0.064815 0.036458
1 0.144444 0.257292 0.112963 0.034375
4 0.055556 0.294792 0.064815 0.036458
1 0.233796 0.294792 0.291667 0.034375
3 0.055556 0.332292 0.064815 0.036458
1 0.297222 0.332292 0.418519 0.034375
1 0.271296 0.368750 0.496296 0.034375
1 0.618056 0.221875 0.169444 0.034375
1 0.771296 0.221875 0.137037 0.034375
1 0.887963 0.221875 0.096296 0.034375
1 0.968056 0.221875 0.063889 0.034375
1 0.618056 0.259375 0.169444 0.034375
1 0.771296 0.259375 0.137037 0.034375
1 0.887963 0.259375 0.096296 0.034375
1 0.968056 0.259375 0.063889 0.034375
1 0.618056 0.296875 0.169444 0.034375
1 0.771296 0.296875 0.137037 0.034375
1 0.887963 0.296875 0.096296 0.034375
1 0.968056 0.296875 0.063889 0.034375
1 0.618056 0.334375 0.169444 0.034375
1 0.771296 0.334375 0.137037 0.034375
1 0.887963 0.334375 0.096296 0.034375
1 0.968056 0.334375 0.063889 0.034375
1 0.618056 0.371875 0.169444 0.034375
1 0.771296 0.371875 0.137037 0.034375
1 0.887963 0.371875 0.096296 0.034375
1 0.968056 0.371875 0.063889 0.034375