3 0.500000 0.521875 1.000000 0.956250
1 0.500000 0.094792 1.000000 0.102083
3 0.162037 0.166927 0.324074 0.064062
3 0.116667 0.193750 0.064815 0.036458
1 0.582870 0.191927 0.834259 0.088021
1 0.542130 0.280990 0.915741 0.088021
1 0.542130 0.370052 0.915741 0.088021
1 0.542130 0.459115 0.915741 0.088021
1 0.542130 0.548177 0.915741 0.088021
1 0.542130 0.637240 0.915741 0.088021
1 0.542130 0.726302 0.915741 0.088021
1 0.542130 0.815365 0.915741 0.088021
1 0.542130 0.904427 0.915741 0.088021
1 0.542130 0.974740 0.915741 0.050521