6 0.500000 0.094792 1.000000 0.102083
1 0.322222 0.094531 0.255556 0.048438
4 0.090741 0.094792 0.181481 0.102083
1 0.500000 0.177604 1.000000 0.063542
7 0.500000 0.292448 1.000000 0.161979
1 0.192130 0.260417 0.280556 0.039583
1 0.525926 0.312240 0.948148 0.064062
1 0.500000 0.407292 1.000000 0.063542
7 0.500000 0.490104 1.000000 0.097917
4 0.112963 0.490104 0.146296 0.082292
1 0.301389 0.490104 0.134259 0.039583
7 0.500000 0.590104 1.000000 0.097917
4 0.112963 0.590104 0.146296 0.082292
1 0.316204 0.590104 0.163889 0.039583